1668 3.574363e-08 8.852349e-04
733 3.824595e-08 9.151305e-04
1733 1.259058e-08 1.011058e-03
836 4.616293e-07 1.012732e-03
876 2.684089e-08 1.061994e-03
1173 7.823913e-08 1.098929e-03
1100 1.321213e-07 1.113668e-03
1201 8.205037e-08 1.122609e-03
1322 9.385890e-08 1.131667e-03
1062 1.399289e-07 1.136392e-03
1635 5.798876e-07 1.136495e-03
1413 7.894188e-08 1.142150e-03
1049 3.367621e-07 1.143548e-03
1055 3.321008e-07 1.144323e-03
1736 1.416561e-07 1.144554e-03
1993 3.549484e-07 1.156224e-03
1066 8.498509e-07 1.165209e-03
1070 6.202079e-07 1.173835e-03
483 1.514649e-07 1.180294e-03
720 7.420188e-08 1.186177e-03
1084 5.572754e-07 1.188393e-03
711 2.396755e-07 1.192164e-03
1090 2.323648e-07 1.196756e-03
1382 4.388996e-07 1.202452e-03
1613 5.498430e-08 1.204494e-03
702 3.389769e-07 1.213117e-03
1889 1.960343e-06 1.214051e-03
632 1.455698e-06 1.217713e-03
451 6.377497e-07 1.226185e-03
62 2.391232e-07 1.226358e-03
1043 2.192147e-07 1.227441e-03
433 8.642483e-07 1.230006e-03
1994 3.901184e-07 1.230918e-03
353 5.521821e-07 1.236646e-03
175 5.620511e-07 1.242349e-03
245 8.443820e-07 1.250998e-03
1089 6.207371e-07 1.256446e-03
1272 2.316617e-07 1.256616e-03
1047 6.190041e-07 1.259598e-03
180 2.349693e-07 1.265604e-03
1046 6.162684e-08 1.276056e-03
251 5.921535e-07 1.276171e-03
982 1.249280e-06 1.289017e-03
1781 2.519077e-07 1.296540e-03
789 1.433734e-06 1.299654e-03
1073 7.710907e-07 1.301206e-03
704 3.903721e-07 1.304455e-03
1989 1.664097e-06 1.308607e-03
596 1.013014e-06 1.319733e-03
1087 6.808807e-07 1.322028e-03
375 1.610518e-06 1.324071e-03
1921 1.592727e-06 1.331882e-03
1347 2.039506e-07 1.335727e-03
677 1.431094e-07 1.335824e-03
994 6.225560e-08 1.341739e-03
1000 9.499426e-08 1.342323e-03
1317 7.206877e-07 1.354242e-03
737 4.187605e-07 1.354321e-03
1378 1.018007e-06 1.359709e-03
732 1.505056e-07 1.359906e-03
1465 4.168215e-07 1.376601e-03
259 1.469153e-06 1.379062e-03
46 9.418862e-07 1.401746e-03
1679 4.121095e-07 1.404309e-03
1022 2.411157e-07 1.405515e-03
1489 2.727254e-06 1.405791e-03
1332 6.551324e-07 1.411914e-03
290 1.165434e-07 1.418179e-03
1060 1.028201e-06 1.419092e-03
1463 1.624565e-06 1.424157e-03
1310 4.278282e-07 1.437715e-03
725 8.385760e-07 1.438209e-03
1807 2.779732e-06 1.446530e-03
1704 1.535132e-06 1.457300e-03
641 1.480801e-06 1.459243e-03
562 2.265892e-06 1.465478e-03
757 1.052283e-06 1.477690e-03
948 2.833619e-07 1.482478e-03
1058 1.881495e-06 1.486756e-03
520 1.556800e-07 1.487737e-03
699 9.914299e-07 1.494900e-03
1226 6.326297e-06 1.495550e-03
185 6.439709e-07 1.498114e-03
1159 1.895774e-07 1.502392e-03
1025 1.620646e-07 1.512191e-03
430 4.099883e-06 1.512859e-03
1181 6.212228e-06 1.516937e-03
1091 2.475674e-06 1.523708e-03
1033 1.099464e-06 1.525017e-03
1535 1.751201e-06 1.528551e-03
165 1.795261e-06 1.529951e-03
639 6.867861e-07 1.530162e-03
262 1.722000e-06 1.541246e-03
772 5.040173e-07 1.542739e-03
1690 4.347006e-06 1.545168e-03
1908 1.836538e-06 1.553067e-03
395 4.079572e-06 1.558277e-03
629 3.803835e-06 1.561567e-03
1820 5.229728e-07 1.561720e-03
531 7.744196e-08 1.572117e-03
1071 4.567211e-06 1.573466e-03
1370 2.126118e-06 1.578463e-03
1085 3.619477e-06 1.584168e-03
706 1.788428e-06 1.587957e-03
1462 2.967543e-06 1.618268e-03
861 5.078392e-07 1.619015e-03
1456 2.726542e-06 1.621273e-03
1068 1.946473e-06 1.629770e-03
1637 8.047430e-07 1.636606e-03
1683 3.831333e-06 1.643560e-03
1831 8.454368e-07 1.657060e-03
1691 1.454868e-06 1.659478e-03
1928 1.615648e-06 1.664528e-03
1948 1.297498e-06 1.666467e-03
1313 1.085960e-06 1.672815e-03
1367 1.691664e-06 1.676900e-03
58 1.095471e-06 1.678501e-03
1092 3.850459e-06 1.688893e-03
1441 7.772776e-07 1.699370e-03
964 2.086842e-06 1.709028e-03
1520 3.185553e-07 1.714003e-03
1475 4.629913e-07 1.738125e-03
1902 1.857314e-06 1.739660e-03
1618 5.077905e-06 1.740849e-03
1477 8.045493e-08 1.744147e-03
465 2.169479e-06 1.751953e-03
1176 7.860050e-07 1.756393e-03
244 2.811563e-06 1.760047e-03
1005 4.293009e-06 1.782147e-03
1112 3.578180e-07 1.784960e-03
1461 4.660107e-06 1.785558e-03
1873 1.227236e-06 1.790887e-03
674 4.342986e-06 1.793854e-03
1997 2.952755e-06 1.796567e-03
1065 2.212012e-07 1.800230e-03
479 9.169349e-07 1.803886e-03
1109 2.631140e-07 1.809899e-03
774 4.461390e-06 1.814239e-03
1054 1.959891e-06 1.821989e-03
1392 4.382043e-06 1.824580e-03
484 3.269679e-06 1.831148e-03
1639 1.149744e-06 1.831669e-03
1925 3.153272e-06 1.841733e-03
415 2.087564e-06 1.844353e-03
1009 2.018794e-06 1.845643e-03
282 3.161810e-06 1.847259e-03
1732 6.522592e-07 1.852199e-03
1323 3.432702e-06 1.857800e-03
1138 4.517653e-08 1.859652e-03
1074 1.321165e-06 1.860842e-03
1705 3.046702e-06 1.866462e-03
274 2.035263e-07 1.868790e-03
166 4.687354e-06 1.872213e-03
752 8.273127e-07 1.872885e-03
512 2.917491e-06 1.887074e-03
1188 1.836097e-06 1.887377e-03
1571 2.846285e-06 1.892544e-03
1198 1.135611e-05 1.899927e-03
597 4.641918e-06 1.902431e-03
1938 5.047999e-06 1.902836e-03
1154 1.324086e-06 1.904275e-03
1019 9.011332e-07 1.907376e-03
1790 9.332103e-06 1.908902e-03
690 2.226425e-06 1.921785e-03
1026 1.334566e-07 1.931806e-03
1695 9.228194e-06 1.938461e-03
1487 9.570417e-07 1.939522e-03
1205 8.048991e-08 1.939758e-03
1923 5.003610e-06 1.941596e-03
1448 2.225637e-06 1.942920e-03
907 2.781804e-06 1.943399e-03
1968 5.071627e-06 1.948256e-03
763 2.477410e-07 1.950210e-03
1874 1.347781e-06 1.953526e-03
721 1.210857e-05 1.954222e-03
902 7.839123e-07 1.958133e-03
988 1.353079e-06 1.961539e-03
1803 1.230478e-06 1.962681e-03
1116 4.531120e-08 1.965768e-03
944 3.294362e-07 1.966572e-03
604 8.622812e-07 1.970641e-03
1457 3.585601e-06 1.981453e-03
990 3.592951e-06 1.984866e-03
1190 2.348958e-07 1.985149e-03
1464 1.494403e-06 1.985221e-03
1343 2.041669e-06 1.993731e-03
1752 1.589438e-06 1.993815e-03
1804 3.318207e-06 1.994813e-03
1246 6.672119e-07 1.996485e-03
1111 5.330080e-06 2.005338e-03
1359 8.933439e-07 2.007191e-03
1539 4.668609e-06 2.014079e-03
1133 6.883658e-07 2.018089e-03
1983 1.313084e-06 2.022761e-03
231 6.278639e-07 2.030629e-03
1316 4.960454e-06 2.031093e-03
638 1.370999e-06 2.038431e-03
288 2.005105e-06 2.052309e-03
1331 9.521620e-07 2.054326e-03
1706 4.289725e-06 2.055965e-03
493 4.946181e-06 2.057471e-03
543 1.164197e-05 2.061503e-03
1864 1.164979e-05 2.071223e-03
760 2.959027e-06 2.075130e-03
1105 9.750186e-07 2.078481e-03
1061 6.635335e-06 2.078520e-03
1819 6.111767e-08 2.080704e-03
417 4.601856e-06 2.084923e-03
219 7.897892e-06 2.087328e-03
1404 7.668853e-06 2.099209e-03
1279 2.334893e-06 2.101991e-03
1052 6.395138e-06 2.112476e-03
1437 3.301170e-06 2.113961e-03
946 2.495646e-06 2.135786e-03
685 2.067109e-07 2.145869e-03
335 3.268595e-07 2.146619e-03
1140 2.455583e-07 2.149716e-03
1924 3.311409e-06 2.169653e-03
835 2.451163e-06 2.174579e-03
379 1.095991e-05 2.180364e-03
1848 8.135495e-07 2.182917e-03
1216 1.002654e-06 2.193636e-03
263 1.703653e-05 2.196040e-03
1587 8.090852e-06 2.204527e-03
1225 5.266554e-06 2.205377e-03
476 1.445904e-06 2.217127e-03
1191 3.793886e-06 2.224188e-03
1799 3.064286e-06 2.224963e-03
938 5.354484e-06 2.231083e-03
1856 6.225317e-07 2.244408e-03
136 8.386172e-07 2.247710e-03
1458 3.270572e-06 2.248582e-03
60 8.514705e-07 2.251515e-03
65 5.059130e-06 2.251587e-03
1342 7.416537e-06 2.260062e-03
449 3.040086e-06 2.261759e-03
224 1.517670e-06 2.264481e-03
881 6.624095e-07 2.274052e-03
448 5.044482e-06 2.277820e-03
436 1.731517e-06 2.285299e-03
1947 9.274903e-06 2.287150e-03
730 6.721723e-06 2.302687e-03
1876 2.657507e-06 2.314404e-03
1045 1.764125e-06 2.317504e-03
640 1.561698e-06 2.339997e-03
1150 4.434868e-07 2.346544e-03
314 7.459750e-06 2.349455e-03
611 1.635486e-06 2.352427e-03
217 4.925140e-06 2.366282e-03
1414 1.367710e-06 2.366708e-03
917 6.694273e-07 2.370317e-03
447 2.294597e-06 2.381706e-03
256 1.052847e-06 2.382689e-03
1148 8.899140e-07 2.386525e-03
960 4.009607e-07 2.397378e-03
1215 6.030826e-06 2.400169e-03
1746 4.238707e-06 2.401019e-03
953 2.248628e-07 2.412274e-03
2000 1.428348e-06 2.413085e-03
1069 5.820952e-06 2.416002e-03
1417 1.149984e-05 2.417341e-03
1256 2.055026e-05 2.418294e-03
745 2.403240e-06 2.423223e-03
1308 2.896197e-06 2.430928e-03
714 4.196651e-07 2.435361e-03
83 2.614488e-06 2.435405e-03
1328 5.050671e-06 2.435929e-03
1072 2.018440e-06 2.440021e-03
1156 2.226814e-06 2.441938e-03
1189 4.969840e-06 2.452213e-03
1095 2.746150e-05 2.452771e-03
1369 1.070267e-07 2.454619e-03
1795 2.203801e-05 2.454938e-03
1982 5.409096e-06 2.470951e-03
533 5.493330e-06 2.499266e-03
398 2.754274e-06 2.500344e-03
45 3.725437e-06 2.509103e-03
552 3.627245e-06 2.509953e-03
1107 1.680814e-06 2.518164e-03
1536 2.249558e-06 2.527002e-03
44 3.916315e-06 2.545725e-03
1724 4.367367e-06 2.553993e-03
1616 1.214380e-06 2.562627e-03
838 7.095398e-06 2.562979e-03
782 5.044525e-06 2.564368e-03
744 1.454792e-06 2.570680e-03
1738 1.922809e-05 2.573400e-03
1160 6.061719e-06 2.575475e-03
565 1.276407e-05 2.578629e-03
155 4.127316e-06 2.580105e-03
1867 6.912335e-07 2.595666e-03
393 1.225265e-06 2.600741e-03
918 1.067224e-06 2.601062e-03
1407 2.392116e-06 2.607453e-03
979 9.384518e-06 2.613757e-03
656 5.447908e-06 2.614813e-03
1877 3.368292e-06 2.620552e-03
692 2.466813e-06 2.625496e-03
1676 1.151550e-06 2.626875e-03
1315 5.811623e-06 2.634306e-03
718 1.285055e-07 2.638366e-03
1300 5.656049e-06 2.643267e-03
1844 1.757516e-06 2.655646e-03
1775 3.316638e-06 2.658125e-03
1814 4.177118e-06 2.661092e-03
577 5.031866e-07 2.661350e-03
1390 1.378554e-05 2.664357e-03
350 6.007554e-06 2.674125e-03
1670 6.014204e-06 2.675740e-03
1980 4.436682e-05 2.677948e-03
1086 8.727823e-06 2.687553e-03
466 9.093372e-07 2.691025e-03
1440 3.607348e-06 2.699090e-03
2001 6.016500e-06 2.708712e-03
1888 1.693159e-06 2.715075e-03
722 4.945212e-07 2.722320e-03
88 1.340171e-06 2.725510e-03
1397 2.505161e-06 2.727760e-03
1044 5.688603e-06 2.748469e-03
1780 7.657389e-07 2.748485e-03
1901 1.316893e-05 2.750751e-03
734 6.464208e-06 2.759625e-03
1379 1.822920e-05 2.777664e-03
808 4.213373e-06 2.782117e-03
916 1.239716e-06 2.793156e-03
892 1.012022e-06 2.808272e-03
1030 5.061852e-06 2.811197e-03
1007 6.520356e-06 2.825010e-03
1434 5.441559e-06 2.825501e-03
1038 3.285553e-06 2.825972e-03
1863 5.717191e-06 2.826753e-03
1774 3.071285e-06 2.835413e-03
1830 1.600210e-06 2.841630e-03
1684 1.902549e-05 2.853623e-03
724 8.573647e-06 2.858175e-03
753 1.045412e-06 2.861342e-03
1494 1.067311e-06 2.868361e-03
1593 2.676139e-06 2.873019e-03
81 3.258775e-06 2.876902e-03
1636 1.589159e-06 2.880962e-03
1435 6.043368e-06 2.891248e-03
1922 3.033545e-05 2.894841e-03
522 4.189040e-06 2.894992e-03
667 3.202867e-05 2.897863e-03
1499 1.188450e-06 2.899643e-03
941 6.080340e-06 2.903360e-03
709 2.992684e-06 2.904449e-03
1589 2.902610e-07 2.904869e-03
1040 3.614201e-06 2.905453e-03
1389 7.974329e-06 2.914922e-03
933 1.772757e-06 2.920858e-03
1416 1.673594e-06 2.921625e-03
621 2.291007e-05 2.929465e-03
1453 3.274233e-07 2.945254e-03
1449 6.942855e-07 2.948316e-03
1301 1.671297e-06 2.967896e-03
921 8.964529e-06 2.973876e-03
234 1.341009e-05 2.988802e-03
1082 9.000241e-06 2.990112e-03
1582 1.257895e-06 2.991615e-03
554 1.147519e-06 2.992339e-03
51 3.970510e-06 2.993551e-03
998 1.532221e-05 2.999224e-03
1037 2.073615e-07 3.001086e-03
1295 3.493026e-06 3.002297e-03
1638 2.131351e-06 3.014853e-03
1801 3.693004e-05 3.032358e-03
426 3.308857e-05 3.036883e-03
1381 1.818312e-06 3.039154e-03
1859 2.830226e-06 3.054904e-03
1633 7.141960e-07 3.055676e-03
818 9.944254e-06 3.071185e-03
1490 1.959049e-06 3.072567e-03
1858 4.035757e-06 3.074035e-03
302 5.856586e-06 3.094010e-03
796 4.475168e-07 3.097579e-03
1990 8.825963e-06 3.099728e-03
1782 1.581901e-06 3.108401e-03
358 1.097181e-05 3.110138e-03
73 1.383377e-05 3.118434e-03
55 5.984669e-06 3.121309e-03
560 4.162075e-06 3.133543e-03
376 5.135405e-06 3.140498e-03
1240 6.358927e-06 3.145044e-03
177 7.475651e-07 3.155908e-03
1083 1.699663e-05 3.159913e-03
1648 4.870724e-06 3.160984e-03
600 2.000047e-05 3.161847e-03
1244 2.535360e-06 3.166193e-03
1286 8.100044e-07 3.166418e-03
1193 1.662968e-06 3.167686e-03
225 6.741904e-07 3.172183e-03
1344 1.766248e-06 3.184353e-03
450 4.501406e-06 3.193746e-03
1212 1.426620e-05 3.195798e-03
1197 6.418858e-06 3.196416e-03
735 3.901103e-06 3.205925e-03
1601 1.541147e-06 3.214145e-03
771 6.812677e-06 3.216079e-03
312 1.349268e-05 3.227610e-03
1241 6.403853e-05 3.240273e-03
1817 1.858529e-05 3.243624e-03
799 7.382853e-06 3.247666e-03
1293 2.725394e-06 3.256734e-03
913 6.764018e-06 3.260215e-03
1590 1.318089e-05 3.260312e-03
1785 1.071907e-05 3.273798e-03
739 8.676358e-06 3.274553e-03
1123 1.333937e-05 3.278124e-03
453 1.796763e-05 3.282737e-03
827 7.655588e-06 3.291977e-03
460 2.553767e-06 3.293643e-03
1374 1.906206e-06 3.297138e-03
627 4.440379e-06 3.299046e-03
138 9.894826e-06 3.306658e-03
624 1.028162e-05 3.326639e-03
1454 9.484028e-06 3.327827e-03
1882 1.492989e-05 3.334181e-03
472 9.889840e-06 3.348667e-03
1834 4.118603e-06 3.354765e-03
1821 7.375482e-07 3.364012e-03
1617 8.286183e-07 3.375908e-03
963 1.686024e-06 3.386898e-03
1076 2.220004e-05 3.400585e-03
1336 1.193666e-05 3.409439e-03
1729 7.895842e-06 3.409568e-03
935 2.616810e-06 3.431108e-03
1103 1.010817e-05 3.432295e-03
1835 2.693404e-06 3.436739e-03
1537 4.799360e-06 3.442611e-03
1605 6.897023e-05 3.458453e-03
110 1.046692e-05 3.461246e-03
1846 6.323603e-07 3.466616e-03
1762 1.621601e-05 3.470273e-03
1868 1.739089e-05 3.470468e-03
1473 7.584592e-06 3.471876e-03
1678 1.082611e-06 3.476869e-03
270 1.885379e-06 3.483491e-03
955 4.597535e-06 3.487995e-03
1964 7.314331e-06 3.493086e-03
492 1.513345e-05 3.499343e-03
1905 3.805399e-05 3.509579e-03
822 1.644598e-06 3.513875e-03
983 9.058048e-06 3.520029e-03
1125 8.303162e-06 3.521562e-03
578 9.731046e-06 3.521679e-03
654 2.536011e-05 3.521708e-03
1075 4.071651e-06 3.531073e-03
1592 1.005311e-05 3.537264e-03
299 5.576007e-06 3.541307e-03
1099 4.375287e-06 3.543445e-03
1299 2.089239e-05 3.547353e-03
1320 5.766997e-06 3.548193e-03
1247 1.100878e-05 3.555262e-03
1612 1.221752e-06 3.557374e-03
478 1.951251e-07 3.568251e-03
102 9.635061e-06 3.577285e-03
118 4.588699e-06 3.583015e-03
650 1.661409e-05 3.591334e-03
703 6.613785e-06 3.591760e-03
1996 8.700643e-06 3.594711e-03
1766 1.583759e-05 3.611418e-03
574 1.238705e-05 3.622158e-03
1549 1.070492e-05 3.625218e-03
1914 1.012335e-05 3.636387e-03
388 4.814689e-06 3.641636e-03
601 6.984039e-06 3.655936e-03
1088 3.769365e-05 3.672017e-03
168 1.744515e-05 3.681660e-03
1470 3.524321e-07 3.682156e-03
1373 2.174057e-05 3.684301e-03
1208 1.015680e-05 3.691029e-03
1909 2.700573e-05 3.694289e-03
1423 4.634618e-06 3.695687e-03
620 2.135955e-06 3.700874e-03
805 8.228311e-06 3.705980e-03
1792 3.623998e-05 3.717093e-03
1029 1.504403e-05 3.720822e-03
1907 1.385953e-06 3.722736e-03
1207 1.409926e-05 3.734796e-03
405 1.117028e-05 3.743638e-03
575 4.621980e-06 3.748891e-03
1446 9.148909e-05 3.752818e-03
1937 1.941373e-05 3.754864e-03
158 3.783755e-07 3.775514e-03
1444 1.031426e-05 3.781782e-03
1405 5.157757e-07 3.789977e-03
66 3.345654e-05 3.790138e-03
1897 3.900128e-06 3.796830e-03
1538 4.907479e-06 3.797220e-03
77 4.722147e-06 3.814776e-03
1436 1.087467e-05 3.819400e-03
859 8.279420e-07 3.824948e-03
1483 4.156869e-05 3.826648e-03
1651 4.784328e-06 3.832073e-03
204 1.386158e-06 3.835557e-03
801 3.935293e-06 3.837426e-03
1284 2.189233e-05 3.838170e-03
1366 3.202028e-06 3.843424e-03
253 4.612713e-06 3.857451e-03
279 8.197087e-06 3.863204e-03
1838 3.653720e-05 3.867990e-03
1443 3.371312e-06 3.879492e-03
1360 6.824902e-06 3.881324e-03
1427 1.062940e-05 3.882331e-03
347 2.819540e-06 3.885820e-03
164 2.879193e-05 3.892174e-03
1986 7.626275e-06 3.893297e-03
1496 5.142947e-06 3.898148e-03
1388 5.583007e-05 3.917567e-03
1978 2.448500e-06 3.926238e-03
464 2.695100e-05 3.932767e-03
1372 2.747222e-06 3.936869e-03
474 1.040858e-05 3.937294e-03
1419 2.382800e-05 3.940673e-03
676 5.731821e-05 3.947351e-03
794 1.275445e-05 3.952867e-03
488 1.774021e-05 3.953793e-03
974 1.864125e-05 3.956445e-03
277 1.656575e-06 3.965294e-03
294 1.245782e-05 3.978294e-03
342 2.058923e-05 3.993440e-03
1158 4.882230e-06 4.002001e-03
61 4.842702e-06 4.003898e-03
1595 8.872687e-06 4.007572e-03
1402 2.633552e-05 4.007935e-03
1972 4.745488e-06 4.010541e-03
1920 2.659837e-05 4.013589e-03
1700 3.113970e-06 4.014473e-03
227 4.595477e-06 4.026087e-03
1261 6.618217e-06 4.027805e-03
218 1.822969e-05 4.029470e-03
54 7.356438e-06 4.062849e-03
1974 2.976286e-06 4.065826e-03
243 2.894463e-06 4.072085e-03
431 2.521670e-06 4.080683e-03
1079 1.073766e-05 4.081212e-03
518 1.743530e-05 4.104374e-03
440 3.048931e-06 4.111142e-03
1791 2.422541e-05 4.120541e-03
34 2.442163e-05 4.128163e-03
439 6.951619e-06 4.136490e-03
257 9.208235e-06 4.139329e-03
161 1.765218e-05 4.147432e-03
1509 1.105264e-05 4.151488e-03
1500 1.188275e-05 4.153283e-03
1227 1.064076e-05 4.154014e-03
792 1.142952e-05 4.156118e-03
306 1.247192e-04 4.166457e-03
1365 1.452095e-06 4.180193e-03
1400 8.250411e-06 4.191765e-03
1946 2.128449e-06 4.194973e-03
1604 1.010571e-05 4.196395e-03
750 3.089308e-05 4.208569e-03
712 6.278506e-06 4.221184e-03
443 2.577797e-05 4.249270e-03
1127 3.620226e-06 4.260843e-03
1129 1.398272e-05 4.260911e-03
1579 7.499277e-06 4.262649e-03
1412 3.324319e-06 4.265145e-03
212 1.160742e-05 4.269621e-03
1591 2.583485e-06 4.273067e-03
1385 3.893071e-06 4.275787e-03
1625 3.758381e-06 4.280676e-03
486 6.922381e-06 4.288283e-03
239 1.592837e-05 4.295415e-03
717 3.646671e-05 4.300880e-03
727 7.253212e-07 4.316020e-03
1716 2.557596e-06 4.317691e-03
1403 5.468703e-06 4.331538e-03
1384 5.979435e-06 4.333143e-03
1077 1.077056e-05 4.343034e-03
1788 3.508584e-06 4.349946e-03
1358 1.755852e-05 4.355549e-03
434 8.060980e-06 4.358844e-03
1741 4.652563e-06 4.364747e-03
1418 5.530600e-06 4.366142e-03
1550 7.273369e-07 4.381470e-03
71 1.149235e-06 4.388886e-03
1281 1.853959e-05 4.391528e-03
1326 1.402518e-05 4.393849e-03
1048 4.671771e-06 4.395262e-03
122 1.360136e-05 4.402896e-03
511 5.070319e-06 4.406548e-03
595 1.432124e-05 4.408974e-03
875 2.165115e-05 4.409006e-03
390 3.594160e-07 4.412850e-03
67 1.110051e-05 4.414265e-03
1141 7.901162e-06 4.416158e-03
1658 1.177995e-05 4.420733e-03
647 1.292254e-05 4.423353e-03
1307 8.422660e-06 4.429237e-03
117 1.825790e-05 4.429519e-03
1645 2.445532e-05 4.453018e-03
1857 2.495442e-06 4.457010e-03
1608 2.518600e-06 4.458244e-03
1759 1.276582e-05 4.460103e-03
678 1.803575e-05 4.462658e-03
148 2.857278e-05 4.482591e-03
1818 4.707125e-06 4.492492e-03
170 2.384412e-05 4.496906e-03
1870 3.040873e-05 4.499408e-03
126 1.422191e-05 4.502993e-03
1998 3.189789e-05 4.509411e-03
1258 1.714514e-05 4.518483e-03
1214 7.765712e-05 4.519704e-03
190 9.123810e-06 4.522007e-03
1236 1.980963e-06 4.527262e-03
1906 1.350729e-05 4.564342e-03
832 2.639087e-05 4.566838e-03
325 1.990941e-05 4.570677e-03
98 1.817502e-05 4.584276e-03
1532 9.273635e-06 4.586321e-03
1551 2.939599e-05 4.608957e-03
1252 1.335389e-05 4.615761e-03
1354 4.024254e-06 4.616080e-03
966 2.332879e-05 4.621708e-03
423 2.626095e-05 4.628634e-03
1506 1.878968e-05 4.646602e-03
284 1.954981e-06 4.649951e-03
653 1.368194e-06 4.689897e-03
1118 2.466594e-06 4.689898e-03
315 1.031188e-06 4.692434e-03
1459 1.601900e-05 4.696307e-03
1598 2.318754e-05 4.710498e-03
1572 7.051363e-05 4.721551e-03
607 5.451728e-06 4.747650e-03
75 2.914138e-05 4.763139e-03
1204 2.289073e-05 4.769349e-03
992 2.173889e-05 4.777122e-03
1501 4.833948e-06 4.785266e-03
1121 4.029890e-05 4.807133e-03
1213 2.928606e-06 4.821623e-03
1196 4.991696e-06 4.827323e-03
1806 8.204458e-06 4.828399e-03
642 8.239762e-06 4.831898e-03
1386 9.812213e-06 4.865373e-03
228 7.959350e-06 4.876339e-03
1442 8.739975e-06 4.880063e-03
287 4.130607e-06 4.890822e-03
1387 1.947024e-05 4.913828e-03
1363 1.159667e-05 4.916189e-03
238 3.191728e-06 4.921553e-03
1415 3.481396e-05 4.932775e-03
1498 1.792158e-06 4.940927e-03
1767 1.825733e-05 4.941499e-03
1569 3.430321e-05 4.944679e-03
505 3.010399e-05 4.946110e-03
1991 1.493497e-05 4.948810e-03
96 4.123531e-05 4.948890e-03
261 4.228721e-05 4.954607e-03
614 9.563782e-06 4.959992e-03
63 8.152681e-06 4.961696e-03
708 1.616052e-06 4.974870e-03
53 4.750597e-05 4.977560e-03
1518 1.016812e-05 4.984867e-03
1338 5.022476e-05 4.991374e-03
293 6.404670e-06 4.994175e-03
1754 2.798795e-06 4.997700e-03
1218 9.755497e-06 5.013318e-03
1977 1.363063e-05 5.029076e-03
298 3.259735e-06 5.037446e-03
435 6.416979e-06 5.041047e-03
1294 1.978115e-05 5.042833e-03
766 1.414950e-05 5.066365e-03
1425 1.768722e-05 5.072532e-03
1426 1.768722e-05 5.072532e-03
1424 1.768722e-05 5.072532e-03
728 2.161266e-05 5.072836e-03
194 9.730794e-06 5.076155e-03
192 9.730794e-06 5.076155e-03
1163 6.798340e-05 5.087898e-03
1306 8.022275e-05 5.095859e-03
1692 1.019535e-05 5.107017e-03
1566 3.283466e-06 5.108516e-03
619 2.492930e-05 5.109143e-03
923 8.794323e-07 5.109180e-03
1153 3.115478e-06 5.114448e-03
613 3.947402e-06 5.146838e-03
1529 2.335651e-05 5.150333e-03
661 1.068867e-05 5.167621e-03
456 9.731296e-06 5.175690e-03
221 5.709174e-06 5.176946e-03
934 4.213556e-05 5.193866e-03
52 1.302019e-05 5.196008e-03
1254 2.478056e-06 5.200490e-03
1511 3.374736e-05 5.201281e-03
324 1.288780e-06 5.202065e-03
767 5.118384e-06 5.204042e-03
95 5.228517e-06 5.205376e-03
517 1.579483e-05 5.208765e-03
1008 2.452172e-05 5.217117e-03
1886 2.917060e-05 5.218843e-03
1139 1.152377e-05 5.221018e-03
268 1.177675e-05 5.239762e-03
826 1.739200e-05 5.253308e-03
630 5.035844e-05 5.271747e-03
682 1.226034e-05 5.282443e-03
1505 9.880342e-06 5.291436e-03
76 2.292467e-05 5.291802e-03
849 3.096615e-06 5.297180e-03
791 1.976103e-05 5.317529e-03
810 6.509238e-06 5.319919e-03
69 2.735422e-05 5.326754e-03
626 8.145438e-06 5.330744e-03
710 1.814177e-05 5.333020e-03
813 4.847093e-06 5.349957e-03
1455 1.991009e-05 5.351015e-03
551 2.154564e-05 5.368311e-03
713 4.779171e-05 5.376167e-03
1885 7.832725e-06 5.451319e-03
1833 1.670349e-05 5.460911e-03
74 2.328656e-06 5.461296e-03
1929 2.900706e-05 5.464331e-03
1314 5.332406e-05 5.475999e-03
783 4.281667e-05 5.483995e-03
556 1.384327e-05 5.518159e-03
1232 4.963604e-06 5.525724e-03
1428 1.377870e-05 5.546138e-03
438 6.135754e-06 5.560790e-03
47 1.931608e-05 5.561882e-03
1053 1.055085e-05 5.582143e-03
1731 1.629054e-05 5.587144e-03
1042 4.531799e-05 5.605674e-03
894 6.977610e-06 5.634337e-03
442 1.462094e-05 5.642384e-03
452 5.335670e-05 5.647318e-03
747 3.515368e-05 5.663804e-03
286 3.983226e-06 5.670199e-03
1245 1.445231e-05 5.679467e-03
580 2.863252e-06 5.687543e-03
1170 6.049312e-06 5.689196e-03
831 1.960188e-05 5.691018e-03
1812 5.223988e-06 5.707945e-03
193 1.103058e-05 5.709221e-03
1755 1.109108e-05 5.724987e-03
937 4.738367e-06 5.751531e-03
1715 1.149586e-06 5.756357e-03
868 1.564055e-05 5.762346e-03
759 1.157601e-04 5.767527e-03
1351 7.021980e-05 5.777426e-03
344 1.057848e-04 5.778997e-03
846 8.723370e-06 5.792653e-03
1291 4.042160e-05 5.795745e-03
550 1.468049e-06 5.796813e-03
736 1.751651e-05 5.838204e-03
615 3.097090e-06 5.845439e-03
784 2.403923e-06 5.847673e-03
1665 4.042247e-05 5.848127e-03
1357 5.090717e-06 5.862204e-03
847 3.384841e-05 5.868083e-03
468 1.635864e-06 5.876223e-03
1662 3.381860e-05 5.878720e-03
1546 3.046358e-05 5.885449e-03
553 2.372946e-05 5.898182e-03
987 7.232276e-06 5.930645e-03
1751 4.985251e-06 5.930988e-03
499 5.410313e-05 5.936378e-03
1039 5.145834e-05 5.937844e-03
898 3.813157e-05 5.944723e-03
1361 6.246746e-05 5.955027e-03
1239 1.554934e-05 5.958117e-03
1533 1.851478e-05 5.966438e-03
1337 7.970001e-05 5.968843e-03
1394 6.830787e-06 5.976901e-03
1472 6.308397e-06 5.997115e-03
1304 1.523221e-05 6.009635e-03
1514 2.570527e-06 6.038765e-03
386 3.152678e-05 6.042859e-03
1957 1.121826e-05 6.053858e-03
1495 1.661170e-05 6.061992e-03
1340 3.647352e-05 6.083132e-03
349 3.499142e-05 6.083821e-03
1250 3.187695e-06 6.101435e-03
283 3.270435e-06 6.105102e-03
139 3.181715e-05 6.116226e-03
1985 3.178615e-05 6.133675e-03
1468 9.510736e-06 6.137141e-03
1180 7.385385e-06 6.140028e-03
1798 7.336867e-06 6.147312e-03
48 2.111058e-05 6.167155e-03
973 2.832761e-05 6.169759e-03
1166 7.051950e-05 6.170476e-03
785 6.276324e-05 6.170578e-03
1955 3.862746e-05 6.176148e-03
1904 5.836643e-05 6.176495e-03
569 3.746902e-05 6.192364e-03
1952 5.099684e-06 6.194427e-03
41 1.980524e-05 6.195417e-03
971 2.036566e-05 6.212301e-03
977 5.188457e-05 6.232309e-03
374 2.378446e-06 6.233447e-03
997 2.558372e-05 6.279786e-03
1966 4.963506e-06 6.291893e-03
1634 3.939163e-06 6.300732e-03
1014 5.274495e-05 6.308173e-03
1778 1.172986e-05 6.325949e-03
1513 1.472261e-05 6.333163e-03
189 5.285070e-05 6.358784e-03
33 3.282727e-05 6.370847e-03
812 1.776182e-05 6.383313e-03
1878 2.846708e-06 6.384305e-03
1144 2.944278e-06 6.387814e-03
905 6.547703e-06 6.398915e-03
191 7.398646e-06 6.403727e-03
336 1.375256e-04 6.411487e-03
1747 2.063225e-06 6.419548e-03
1764 6.584487e-06 6.422506e-03
1562 1.985163e-05 6.424380e-03
829 7.851003e-05 6.430420e-03
167 1.071118e-05 6.430849e-03
124 3.570358e-05 6.430899e-03
920 1.086182e-06 6.438370e-03
1783 5.438070e-06 6.471791e-03
769 1.047655e-05 6.510119e-03
864 3.067140e-06 6.513780e-03
1303 1.098693e-05 6.529381e-03
1492 3.084373e-06 6.538176e-03
1842 3.967433e-06 6.542006e-03
1016 5.422688e-05 6.580827e-03
1375 2.378480e-05 6.587537e-03
141 1.844627e-05 6.598476e-03
1391 3.928115e-05 6.603397e-03
1126 1.255782e-05 6.620465e-03
1512 9.561315e-06 6.624737e-03
1445 1.419753e-05 6.640885e-03
30 9.958037e-06 6.676057e-03
793 1.528987e-05 6.688488e-03
272 6.278643e-05 6.689073e-03
967 3.910844e-05 6.713136e-03
1132 2.332026e-05 6.780028e-03
1355 1.808849e-05 6.781867e-03
420 2.696021e-05 6.804299e-03
761 3.271690e-05 6.806341e-03
1108 2.120287e-05 6.814405e-03
1433 2.080923e-05 6.828366e-03
121 2.337716e-05 6.828417e-03
697 4.582543e-06 6.832262e-03
305 1.508611e-04 6.838590e-03
322 1.723847e-06 6.848523e-03
729 4.405550e-06 6.872829e-03
414 3.062014e-05 6.885053e-03
1761 2.786512e-06 6.906928e-03
311 4.258821e-05 6.921552e-03
330 1.968316e-05 6.921813e-03
1843 4.052695e-05 6.930483e-03
1521 2.619033e-06 6.931497e-03
1677 1.905394e-06 6.932188e-03
1348 1.167961e-05 6.947769e-03
616 4.857135e-05 6.952222e-03
1510 2.101670e-05 6.952650e-03
1230 1.181437e-05 6.963163e-03
1135 8.698747e-05 6.974355e-03
655 2.547425e-05 7.013452e-03
1597 1.896302e-05 7.051748e-03
1467 4.454760e-05 7.057567e-03
1713 2.608381e-05 7.059385e-03
631 4.220898e-05 7.078893e-03
72 3.035904e-05 7.090310e-03
196 3.484547e-05 7.091894e-03
382 3.098010e-05 7.097588e-03
768 3.372727e-05 7.105954e-03
1899 2.201874e-05 7.121706e-03
1872 1.301873e-06 7.124379e-03
1330 1.166886e-05 7.135509e-03
1027 2.395706e-05 7.164124e-03
814 1.218682e-05 7.176392e-03
399 1.747354e-05 7.184866e-03
1664 2.829358e-05 7.191873e-03
1534 1.863511e-05 7.193914e-03
1861 1.322901e-06 7.207013e-03
184 1.436845e-05 7.212885e-03
523 3.471045e-06 7.231856e-03
178 1.221027e-05 7.244954e-03
1811 6.282034e-06 7.250547e-03
1182 4.959989e-06 7.310718e-03
235 2.403873e-06 7.315526e-03
800 5.216542e-05 7.330299e-03
1719 8.663070e-06 7.333648e-03
716 1.986130e-05 7.337342e-03
851 1.521835e-05 7.341807e-03
9 1.490731e-05 7.349570e-03
914 2.039130e-06 7.352845e-03
1603 3.537948e-06 7.358877e-03
85 9.464473e-06 7.373263e-03
589 7.501091e-05 7.426632e-03
576 3.577411e-05 7.465192e-03
906 6.827356e-06 7.469198e-03
91 7.008783e-05 7.492250e-03
741 6.577350e-06 7.494882e-03
1393 2.363152e-06 7.512544e-03
1544 1.850483e-05 7.522555e-03
1438 2.046790e-05 7.528850e-03
79 1.965701e-05 7.543026e-03
558 3.433989e-05 7.566424e-03
1411 7.392302e-05 7.581370e-03
1234 2.872542e-06 7.582729e-03
1697 3.220611e-05 7.635630e-03
1750 1.389417e-05 7.637633e-03
391 5.135898e-05 7.666007e-03
1098 7.348938e-06 7.671285e-03
1915 1.078358e-05 7.687949e-03
255 1.539435e-05 7.695337e-03
587 3.724938e-05 7.696972e-03
1999 9.432926e-05 7.703536e-03
285 2.239651e-05 7.708883e-03
886 3.857380e-06 7.708942e-03
68 6.356167e-05 7.715140e-03
1169 3.687519e-06 7.720994e-03
1352 1.075783e-05 7.721276e-03
1471 2.036387e-05 7.722888e-03
804 5.864556e-05 7.723880e-03
481 6.335396e-06 7.757451e-03
94 3.448504e-05 7.761802e-03
1644 6.509304e-06 7.768470e-03
1377 1.890090e-05 7.778038e-03
236 9.609302e-05 7.779133e-03
489 5.709531e-05 7.805656e-03
1745 1.024913e-05 7.815743e-03
939 7.293832e-05 7.829836e-03
508 7.761866e-05 7.837938e-03
1770 1.064992e-05 7.839921e-03
1333 1.636315e-04 7.848569e-03
528 1.566714e-05 7.862726e-03
153 1.565402e-05 7.878564e-03
1777 8.190815e-05 7.887827e-03
673 2.045928e-05 7.895285e-03
43 6.069708e-05 7.900392e-03
1056 3.032193e-05 7.914291e-03
1350 1.729237e-05 7.919831e-03
421 7.657993e-05 7.921240e-03
1523 2.293238e-05 7.933716e-03
608 7.208596e-05 7.936625e-03
1708 4.181017e-06 7.951710e-03
1829 1.578722e-05 7.956414e-03
1722 1.094588e-05 7.976715e-03
666 3.391017e-05 8.003238e-03
425 1.871074e-05 8.010068e-03
593 1.706146e-05 8.014774e-03
1031 2.857788e-05 8.020304e-03
1110 3.581129e-05 8.033859e-03
618 1.345477e-05 8.042851e-03
114 5.505459e-06 8.063669e-03
49 5.496369e-05 8.069560e-03
86 2.983851e-05 8.070895e-03
59 2.667173e-05 8.071951e-03
1265 6.984547e-06 8.074365e-03
1024 2.954082e-05 8.083213e-03
17 3.078702e-05 8.091746e-03
651 4.962563e-06 8.094522e-03
179 2.419272e-05 8.097399e-03
1554 1.032237e-05 8.120673e-03
623 5.336396e-05 8.147625e-03
337 8.386462e-05 8.153746e-03
1903 4.310395e-05 8.157253e-03
635 5.125345e-06 8.172434e-03
993 1.012217e-05 8.174796e-03
756 9.740787e-05 8.184103e-03
1228 3.653768e-05 8.195845e-03
12 3.712945e-05 8.201512e-03
473 3.542390e-05 8.206771e-03
1749 7.456197e-06 8.225871e-03
1809 3.215072e-05 8.249720e-03
1586 4.584874e-05 8.250817e-03
369 3.909126e-05 8.252346e-03
1202 6.310050e-05 8.295846e-03
1224 6.266228e-06 8.296074e-03
610 4.575595e-05 8.304650e-03
715 4.072638e-05 8.309069e-03
1660 6.214807e-05 8.359237e-03
252 9.033140e-06 8.365476e-03
1003 6.476273e-05 8.367667e-03
579 5.211558e-05 8.373313e-03
1771 2.257194e-05 8.375027e-03
507 2.013029e-05 8.376366e-03
1329 1.172288e-04 8.379236e-03
1269 1.848952e-05 8.401889e-03
260 7.004770e-06 8.408959e-03
755 8.325807e-05 8.424931e-03
665 8.288147e-06 8.434774e-03
1001 1.085599e-05 8.445573e-03
746 4.016784e-05 8.450832e-03
659 1.426272e-04 8.459611e-03
233 1.147094e-05 8.473472e-03
1469 3.393553e-05 8.475633e-03
1813 3.266657e-05 8.477397e-03
1187 2.812313e-04 8.505581e-03
777 1.172969e-04 8.511490e-03
880 4.503629e-05 8.516915e-03
1219 6.935023e-05 8.529977e-03
751 2.798215e-05 8.531843e-03
341 3.343589e-05 8.536982e-03
780 1.401839e-05 8.573715e-03
111 3.076272e-05 8.582140e-03
378 7.804326e-05 8.615020e-03
160 2.187178e-05 8.616641e-03
823 2.017371e-05 8.648635e-03
1720 1.016856e-05 8.660650e-03
519 2.497190e-05 8.670184e-03
64 6.086759e-05 8.670701e-03
1429 5.564854e-05 8.674293e-03
1334 7.893380e-05 8.683578e-03
758 2.683009e-05 8.752984e-03
389 2.703073e-05 8.793402e-03
908 5.066323e-06 8.794146e-03
1675 6.465768e-05 8.796810e-03
491 3.654826e-05 8.840037e-03
670 2.027607e-05 8.840176e-03
1268 1.147197e-06 8.865219e-03
1057 3.679419e-05 8.873125e-03
532 1.134338e-05 8.878816e-03
545 1.281236e-05 8.884196e-03
176 3.707537e-05 8.930225e-03
1674 8.322121e-06 8.957684e-03
480 2.975886e-05 8.988865e-03
530 1.344159e-04 9.011310e-03
542 3.903024e-05 9.030930e-03
877 8.296463e-06 9.040150e-03
1010 5.518179e-05 9.051826e-03
742 2.826611e-05 9.071503e-03
1574 2.230346e-05 9.108081e-03
764 1.140373e-05 9.142352e-03
961 2.131200e-05 9.144874e-03
625 2.628578e-05 9.154629e-03
1594 1.365651e-05 9.157866e-03
1325 5.595891e-06 9.180561e-03
1927 2.623675e-05 9.189981e-03
1450 2.529717e-05 9.197883e-03
1406 2.993004e-05 9.214935e-03
1793 7.802809e-06 9.217855e-03
1479 6.616423e-06 9.218995e-03
1519 5.276181e-06 9.220454e-03
1600 1.343622e-05 9.228351e-03
510 1.293046e-05 9.231762e-03
169 1.127751e-04 9.233507e-03
384 2.919670e-05 9.246862e-03
1421 4.439766e-05 9.252458e-03
1289 3.257026e-05 9.259946e-03
1890 8.116479e-05 9.264060e-03
1171 1.659400e-05 9.318687e-03
1528 4.281300e-05 9.365169e-03
1353 1.793842e-05 9.388356e-03
1298 1.564180e-05 9.388689e-03
912 7.437255e-06 9.411335e-03
1531 7.666121e-05 9.426301e-03
1563 9.244204e-06 9.438158e-03
500 9.525557e-06 9.440915e-03
981 3.440089e-05 9.450311e-03
628 1.185114e-04 9.453051e-03
1346 2.147736e-04 9.536479e-03
689 8.685219e-06 9.555423e-03
146 1.782855e-05 9.557875e-03
1013 2.729523e-05 9.564370e-03
1884 4.685493e-04 9.580986e-03
154 1.725615e-05 9.591525e-03
1880 1.610734e-04 9.606676e-03
1919 7.929444e-06 9.618788e-03
202 5.111666e-05 9.627361e-03
1249 2.425239e-06 9.633313e-03
89 9.984110e-05 9.741572e-03
57 1.162129e-04 9.765335e-03
1559 2.008495e-05 9.842830e-03
411 1.076457e-04 9.892310e-03
788 9.634451e-05 9.896986e-03
1094 4.414698e-05 9.899342e-03
762 1.465220e-04 9.951033e-03
266 2.281861e-05 9.959486e-03
226 1.851705e-05 1.004890e-02
97 1.844101e-05 1.009174e-02
1892 5.199481e-05 1.010981e-02
1657 1.614712e-05 1.011615e-02
1504 5.032618e-05 1.011635e-02
1739 2.571180e-05 1.014681e-02
787 5.874531e-05 1.015039e-02
368 4.510415e-05 1.016717e-02
359 7.662956e-05 1.018186e-02
956 1.189501e-04 1.018235e-02
1410 1.719443e-05 1.018474e-02
1507 7.924308e-05 1.019100e-02
310 1.199209e-04 1.021845e-02
958 7.706876e-05 1.021991e-02
965 1.689895e-04 1.022266e-02
1185 7.958805e-06 1.025050e-02
945 7.730589e-05 1.028450e-02
1883 3.670548e-05 1.028954e-02
1516 1.411681e-05 1.032814e-02
609 4.465573e-05 1.033452e-02
1420 8.645035e-05 1.041683e-02
1871 1.178360e-05 1.042051e-02
1936 2.768166e-05 1.042553e-02
765 1.024086e-06 1.042589e-02
548 1.351237e-05 1.043238e-02
962 4.852958e-06 1.044902e-02
1865 2.470149e-05 1.045054e-02
637 2.571649e-05 1.048879e-02
970 6.538849e-05 1.051845e-02
989 1.700184e-04 1.055980e-02
109 2.672382e-05 1.057148e-02
701 8.991721e-05 1.057246e-02
156 2.340445e-05 1.058081e-02
506 9.726228e-05 1.058457e-02
213 1.360186e-04 1.062202e-02
308 1.154726e-05 1.062412e-02
412 1.818845e-05 1.065524e-02
1737 8.123882e-05 1.065764e-02
127 1.065912e-05 1.066966e-02
1669 2.168772e-05 1.068960e-02
115 1.518812e-04 1.069791e-02
1941 1.081094e-04 1.070395e-02
657 3.162193e-05 1.072240e-02
1647 3.725357e-05 1.072283e-02
1611 2.309438e-05 1.072349e-02
1709 5.036508e-05 1.074348e-02
1482 2.116958e-05 1.074350e-02
1130 1.158307e-05 1.077725e-02
590 2.603630e-05 1.078606e-02
1879 1.428168e-05 1.080433e-02
1102 3.117506e-05 1.083727e-02
1718 1.613778e-05 1.084867e-02
1020 3.747964e-06 1.086407e-02
599 8.171780e-05 1.086664e-02
606 4.549693e-05 1.087069e-02
1035 6.961854e-06 1.090924e-02
1710 3.492947e-06 1.093844e-02
1078 7.166461e-05 1.094541e-02
134 6.608460e-05 1.095615e-02
1763 1.232690e-05 1.098261e-02
1805 6.325181e-07 1.099166e-02
931 5.878656e-06 1.101925e-02
1493 2.847646e-05 1.102079e-02
1287 1.092085e-04 1.105323e-02
1588 1.585517e-04 1.108222e-02
740 6.251024e-05 1.108987e-02
1114 6.068625e-05 1.111481e-02
1911 1.338867e-04 1.115938e-02
1828 3.914136e-05 1.116271e-02
887 3.511006e-05 1.116460e-02
198 4.204844e-05 1.116994e-02
888 1.409724e-05 1.117352e-02
566 7.039709e-05 1.117908e-02
107 3.049813e-05 1.119055e-02
157 6.141968e-05 1.119977e-02
1556 1.844226e-05 1.121902e-02
183 2.075938e-04 1.125337e-02
84 4.081134e-05 1.128871e-02
1067 2.680488e-05 1.129933e-02
214 1.544389e-05 1.131083e-02
1659 5.092415e-05 1.131965e-02
1931 5.129330e-05 1.133343e-02
602 1.063953e-04 1.136233e-02
1581 5.504673e-05 1.141087e-02
1335 1.057786e-05 1.141789e-02
1526 1.483383e-05 1.146698e-02
1262 8.985520e-05 1.149456e-02
1685 5.617502e-05 1.151239e-02
163 1.802141e-04 1.153678e-02
1540 4.370529e-05 1.157273e-02
120 7.900544e-05 1.159518e-02
863 2.105763e-04 1.160113e-02
215 2.072392e-05 1.161754e-02
195 1.420166e-04 1.163952e-02
1238 4.940085e-05 1.167257e-02
546 5.439961e-05 1.178748e-02
617 2.469282e-05 1.180427e-02
56 9.295612e-05 1.181332e-02
1527 3.316160e-05 1.186273e-02
1725 6.554557e-05 1.197269e-02
340 3.295378e-05 1.203273e-02
137 3.419978e-05 1.208926e-02
1134 1.104699e-04 1.209208e-02
1584 3.450318e-05 1.210059e-02
968 1.831312e-04 1.210428e-02
1887 9.232212e-05 1.211539e-02
428 1.149984e-04 1.216119e-02
1933 6.219838e-05 1.216468e-02
1168 2.588847e-04 1.219834e-02
1321 1.422820e-05 1.226624e-02
1460 3.391722e-05 1.227833e-02
1296 1.957446e-05 1.232895e-02
900 6.895694e-05 1.240862e-02
1958 3.094882e-05 1.245651e-02
470 5.709295e-05 1.245972e-02
841 6.656447e-05 1.246190e-02
1345 6.712666e-06 1.251638e-02
1614 1.548550e-04 1.254099e-02
1021 2.322156e-05 1.255114e-02
162 9.349719e-05 1.260619e-02
1682 1.320027e-05 1.260622e-02
1255 2.745215e-04 1.261181e-02
1935 1.292364e-05 1.263439e-02
1113 1.998466e-05 1.263664e-02
93 1.102158e-04 1.267963e-02
1362 3.057777e-04 1.269215e-02
1478 3.200430e-05 1.269954e-02
1965 7.110221e-05 1.271249e-02
1034 9.948909e-05 1.271374e-02
1950 5.636902e-05 1.273181e-02
843 6.823436e-05 1.278981e-02
502 6.692253e-05 1.280031e-02
910 2.839676e-04 1.280463e-02
1124 1.225594e-05 1.285621e-02
1945 4.272237e-05 1.288598e-02
899 2.466158e-05 1.288868e-02
999 8.279695e-05 1.290007e-02
401 1.215285e-04 1.302525e-02
1673 4.081453e-05 1.302949e-02
1565 3.135657e-05 1.303249e-02
1179 7.697638e-05 1.305955e-02
582 3.019497e-05 1.309746e-02
646 1.753140e-05 1.316078e-02
205 1.235300e-04 1.316176e-02
824 8.223582e-05 1.316227e-02
271 3.394263e-05 1.318328e-02
1288 1.063388e-04 1.319395e-02
471 9.739167e-05 1.320429e-02
1251 2.848524e-05 1.321257e-02
839 1.224954e-05 1.321441e-02
1688 2.623538e-04 1.321620e-02
458 1.133335e-04 1.324952e-02
247 1.315057e-04 1.327351e-02
410 3.637383e-05 1.335987e-02
1849 1.010851e-05 1.341095e-02
837 8.498152e-06 1.344556e-02
182 1.138688e-04 1.352442e-02
1622 5.645624e-05 1.359204e-02
1757 2.380400e-05 1.359555e-02
1627 3.748894e-05 1.360793e-02
1832 2.150304e-05 1.362270e-02
1568 1.045866e-05 1.365528e-02
1852 1.686822e-05 1.367277e-02
684 2.891912e-05 1.371349e-02
446 2.198722e-05 1.381680e-02
1758 3.698368e-04 1.386701e-02
199 1.893842e-05 1.388403e-02
1530 2.822797e-05 1.388464e-02
300 3.093981e-05 1.392080e-02
526 3.524771e-05 1.399364e-02
1779 3.843462e-05 1.403818e-02
254 1.213194e-04 1.405843e-02
995 1.004514e-05 1.419956e-02
366 1.617357e-04 1.421370e-02
1451 2.065886e-04 1.422105e-02
1850 6.395072e-06 1.432428e-02
370 6.434981e-05 1.433804e-02
159 3.652077e-05 1.444594e-02
723 2.269307e-05 1.444722e-02
634 1.214335e-04 1.444959e-02
360 3.657185e-04 1.446981e-02
1175 1.275787e-04 1.448391e-02
1184 9.320033e-05 1.452012e-02
1900 1.460585e-04 1.453461e-02
1548 1.193771e-04 1.454765e-02
206 5.391200e-05 1.455187e-02
1769 2.823188e-05 1.458444e-02
949 3.564085e-05 1.460036e-02
1524 4.667776e-05 1.460141e-02
1845 5.647177e-05 1.462175e-02
333 8.755547e-05 1.462495e-02
380 6.845880e-05 1.467140e-02
922 4.026297e-05 1.469818e-02
571 6.532406e-05 1.472319e-02
1661 3.382640e-04 1.474943e-02
1802 1.201911e-04 1.476185e-02
1930 3.694546e-05 1.477176e-02
1229 1.298452e-04 1.479268e-02
1960 7.890315e-05 1.487411e-02
1860 8.755583e-05 1.487681e-02
1233 2.054875e-04 1.492016e-02
681 2.504863e-04 1.500525e-02
1122 1.916403e-04 1.501205e-02
229 7.954574e-05 1.503222e-02
1371 2.180553e-04 1.507639e-02
786 8.134254e-05 1.508977e-02
773 1.761153e-05 1.512810e-02
28 7.116854e-05 1.515548e-02
1656 4.417264e-05 1.515910e-02
862 6.976389e-06 1.529932e-02
1023 2.239963e-05 1.531213e-02
276 2.377914e-05 1.531980e-02
957 1.409947e-04 1.536883e-02
459 2.006195e-04 1.536992e-02
686 5.746677e-05 1.538622e-02
291 7.959289e-05 1.539110e-02
658 9.772272e-05 1.545125e-02
297 3.657839e-05 1.548157e-02
475 6.406903e-05 1.551917e-02
457 8.973388e-05 1.552966e-02
367 4.723338e-05 1.555077e-02
1680 1.487090e-04 1.555985e-02
947 2.774040e-05 1.557868e-02
959 5.854264e-05 1.558694e-02
693 6.380509e-05 1.564309e-02
25 9.414148e-05 1.568558e-02
1794 2.739326e-05 1.570827e-02
1797 3.765086e-05 1.573059e-02
78 1.788014e-04 1.579924e-02
820 1.071783e-04 1.583855e-02
1267 3.613060e-05 1.584030e-02
815 1.831024e-04 1.584406e-02
984 1.108694e-04 1.587301e-02
1398 2.972534e-05 1.591589e-02
1211 1.863316e-04 1.595833e-02
222 2.385141e-04 1.596864e-02
1093 1.130318e-04 1.598433e-02
1671 1.145218e-04 1.602740e-02
1474 1.661181e-05 1.606379e-02
1210 2.235348e-04 1.607504e-02
1693 2.298449e-04 1.609314e-02
1765 2.449636e-05 1.611964e-02
1221 4.509341e-05 1.614263e-02
671 1.191340e-04 1.618137e-02
598 1.429390e-04 1.622965e-02
1476 5.545809e-05 1.631238e-02
1282 3.410223e-04 1.634731e-02
1339 1.072435e-04 1.642954e-02
726 2.430092e-05 1.643614e-02
1274 2.126431e-05 1.644081e-02
1522 2.066465e-04 1.647081e-02
1432 1.613296e-05 1.647187e-02
980 1.188887e-04 1.652197e-02
1096 1.248745e-04 1.652223e-02
1735 6.834131e-05 1.658555e-02
856 1.070556e-04 1.660333e-02
858 1.157026e-04 1.660378e-02
304 1.155600e-04 1.660905e-02
151 9.979457e-05 1.661771e-02
943 2.158068e-05 1.670688e-02
1011 3.102618e-05 1.671465e-02
1356 1.920553e-04 1.678925e-02
1383 4.357972e-05 1.679494e-02
936 9.281647e-05 1.680694e-02
1727 7.310681e-05 1.681830e-02
123 1.781726e-04 1.684588e-02
1953 7.619547e-05 1.692620e-02
112 5.866076e-05 1.696859e-02
603 8.299352e-05 1.697341e-02
10 2.163253e-04 1.700400e-02
387 4.528180e-05 1.704538e-02
707 2.345027e-04 1.705642e-02
1422 2.559940e-04 1.705739e-02
909 9.893248e-05 1.710135e-02
1157 1.188016e-04 1.717728e-02
1717 1.189708e-04 1.717992e-02
680 5.968483e-05 1.719820e-02
338 2.220110e-04 1.719863e-02
1161 5.175463e-05 1.721829e-02
688 5.454329e-05 1.725683e-02
1575 1.349517e-05 1.732312e-02
295 1.217281e-05 1.736184e-02
1756 8.089436e-05 1.747182e-02
1305 1.373871e-04 1.750948e-02
803 2.794233e-04 1.759986e-02
514 3.675792e-05 1.760671e-02
828 1.070394e-04 1.761287e-02
1399 5.541163e-05 1.763360e-02
1283 4.695693e-05 1.771158e-02
705 1.523783e-04 1.781198e-02
1466 6.512401e-05 1.785557e-02
825 5.843585e-05 1.792914e-02
834 4.006971e-05 1.796232e-02
1956 4.902053e-05 1.799363e-02
323 1.221754e-04 1.804070e-02
781 2.293093e-04 1.814659e-02
1816 7.456200e-05 1.815697e-02
397 2.531094e-05 1.815842e-02
1488 7.777714e-05 1.819318e-02
1913 5.938456e-04 1.825845e-02
1151 1.036983e-03 1.828939e-02
1681 5.310831e-05 1.831646e-02
22 1.141424e-04 1.833211e-02
811 9.386015e-05 1.833406e-02
978 1.100031e-04 1.837797e-02
1728 2.278790e-04 1.839239e-02
267 3.745902e-05 1.843710e-02
36 2.117827e-04 1.843946e-02
424 1.365485e-04 1.847299e-02
348 1.436957e-04 1.848835e-02
1220 4.406038e-05 1.859618e-02
242 9.870708e-05 1.867740e-02
1327 7.187046e-05 1.868249e-02
105 1.230100e-04 1.868970e-02
1827 1.899703e-04 1.876464e-02
1223 2.352702e-04 1.880904e-02
1776 2.091045e-05 1.887479e-02
363 6.006083e-05 1.888910e-02
1784 6.939046e-05 1.896319e-02
197 3.913459e-05 1.908188e-02
140 9.279366e-05 1.914284e-02
1714 6.879792e-05 1.919955e-02
790 1.896782e-04 1.921820e-02
303 2.492567e-05 1.921853e-02
778 5.010306e-05 1.951755e-02
404 4.236901e-05 1.953433e-02
1137 8.961055e-05 1.953574e-02
871 3.510493e-05 1.957738e-02
559 3.902825e-04 1.961190e-02
355 2.488099e-05 1.962163e-02
833 3.667286e-05 1.963559e-02
1525 1.227316e-04 1.974699e-02
1396 6.151486e-05 1.984996e-02
605 1.785582e-04 1.985087e-02
636 4.199323e-05 1.985088e-02
1815 3.098468e-05 1.997920e-02
188 1.326080e-04 2.005576e-02
1654 1.315365e-04 2.009203e-02
1969 2.712573e-04 2.021691e-02
1194 1.225040e-04 2.022525e-02
911 4.974872e-05 2.022606e-02
1744 2.229494e-04 2.022885e-02
477 2.872338e-05 2.031882e-02
1912 4.047313e-04 2.032633e-02
132 6.931253e-05 2.035118e-02
1940 3.647251e-05 2.037836e-02
1059 1.030320e-04 2.044362e-02
1962 1.058064e-04 2.047619e-02
1853 4.514512e-04 2.052031e-02
1259 5.363594e-04 2.055026e-02
691 2.894326e-04 2.060807e-02
1734 1.785208e-04 2.068818e-02
645 1.043570e-04 2.071630e-02
915 2.823866e-04 2.075061e-02
776 3.901786e-04 2.080424e-02
648 1.721160e-04 2.080630e-02
1273 2.305007e-04 2.082362e-02
904 1.871939e-06 2.087293e-02
1686 4.373279e-04 2.093322e-02
890 2.848052e-05 2.098621e-02
889 5.945436e-05 2.099982e-02
1145 4.289913e-05 2.103428e-02
403 7.739592e-05 2.103433e-02
821 3.153291e-05 2.107720e-02
672 6.142984e-05 2.111090e-02
422 1.690330e-04 2.133584e-02
664 2.038970e-04 2.134413e-02
1104 1.512807e-04 2.138477e-02
1768 1.158906e-04 2.156350e-02
1222 2.914606e-05 2.167132e-02
331 5.357757e-05 2.167570e-02
591 7.277000e-05 2.179680e-02
662 7.259892e-05 2.181049e-02
31 7.257991e-05 2.183769e-02
1866 9.808276e-05 2.184297e-02
280 2.652785e-05 2.189136e-02
544 3.025439e-04 2.212673e-02
903 1.826074e-04 2.219168e-02
584 9.373846e-05 2.224052e-02
513 4.028183e-05 2.225660e-02
1643 2.831451e-05 2.233466e-02
50 3.836168e-04 2.240377e-02
521 1.816541e-04 2.242311e-02
1984 1.017334e-04 2.246047e-02
1063 1.924724e-05 2.254004e-02
932 2.190587e-04 2.254091e-02
392 8.285364e-05 2.254858e-02
1485 6.725737e-05 2.269152e-02
1981 4.927330e-04 2.293751e-02
1101 2.345917e-05 2.295717e-02
1840 1.278054e-04 2.302861e-02
1893 1.079649e-04 2.305272e-02
1142 8.058384e-04 2.311160e-02
1545 3.164293e-04 2.313592e-02
494 1.557863e-04 2.321104e-02
1017 4.071674e-04 2.335544e-02
1959 7.838983e-05 2.347706e-02
320 5.445808e-05 2.349556e-02
147 1.840774e-04 2.358078e-02
503 2.506157e-04 2.366075e-02
770 9.433888e-05 2.376431e-02
1136 4.044368e-04 2.378416e-02
1119 6.955322e-05 2.379834e-02
171 1.279817e-04 2.382189e-02
356 3.393030e-04 2.382389e-02
104 5.682906e-05 2.402922e-02
1970 2.627671e-04 2.406505e-02
209 1.472531e-04 2.418614e-02
1290 6.688244e-05 2.424173e-02
806 3.328025e-04 2.432059e-02
668 3.679781e-04 2.442664e-02
1275 4.028808e-04 2.447815e-02
586 1.330187e-04 2.452610e-02
1558 2.392361e-04 2.453850e-02
1918 4.375404e-05 2.478096e-02
1015 5.227384e-05 2.489737e-02
418 8.784186e-04 2.491387e-02
396 9.548765e-05 2.493721e-02
211 2.016374e-04 2.499319e-02
748 6.755430e-05 2.504255e-02
1596 3.146847e-05 2.518356e-02
1607 5.937288e-04 2.534230e-02
1481 5.204508e-05 2.541418e-02
1932 1.517708e-04 2.555281e-02
540 3.772436e-05 2.559951e-02
1943 1.460171e-04 2.563119e-02
27 2.075313e-04 2.563841e-02
1431 1.522141e-04 2.567100e-02
1243 2.442411e-04 2.568192e-02
683 8.042323e-05 2.583492e-02
652 1.050395e-04 2.595517e-02
1687 6.066460e-05 2.598635e-02
454 9.133120e-05 2.614929e-02
362 8.634869e-05 2.639082e-02
1217 2.151915e-05 2.645680e-02
264 2.915265e-05 2.645686e-02
549 3.632512e-05 2.672588e-02
840 2.465214e-04 2.675572e-02
1324 1.004945e-03 2.677478e-02
930 7.278838e-05 2.685173e-02
1578 2.627850e-04 2.687292e-02
893 7.429069e-05 2.697973e-02
954 1.434859e-04 2.710325e-02
461 8.563178e-05 2.728496e-02
1364 1.441520e-04 2.736977e-02
895 4.335361e-04 2.744314e-02
929 2.011214e-04 2.748808e-02
644 8.940117e-05 2.753760e-02
572 6.016803e-05 2.754588e-02
1896 2.940728e-04 2.756656e-02
972 1.944315e-04 2.757293e-02
1231 1.124739e-04 2.767042e-02
1855 1.304522e-05 2.769190e-02
1264 1.473774e-04 2.773334e-02
82 2.832987e-04 2.775359e-02
1186 4.580024e-04 2.779795e-02
1910 1.735565e-04 2.785256e-02
926 1.241630e-04 2.786420e-02
373 1.254597e-04 2.787884e-02
1786 4.621066e-05 2.792387e-02
816 6.342303e-04 2.794515e-02
1841 2.794710e-04 2.804416e-02
1839 1.316290e-04 2.819328e-02
779 1.346475e-04 2.835124e-02
567 2.481172e-04 2.839266e-02
186 2.812798e-04 2.842399e-02
1743 1.874304e-04 2.848872e-02
844 2.672151e-04 2.852411e-02
275 1.572211e-04 2.857776e-02
1667 4.914311e-05 2.862592e-02
1203 9.831958e-05 2.870936e-02
1318 5.074393e-05 2.881845e-02
1963 3.860857e-04 2.883690e-02
536 7.000600e-05 2.885067e-02
1576 4.957039e-04 2.891396e-02
1641 3.089954e-04 2.894157e-02
951 8.218010e-05 2.896135e-02
1721 5.481662e-05 2.896916e-02
524 6.519639e-04 2.900623e-02
860 3.612435e-04 2.910005e-02
207 3.296097e-05 2.911943e-02
845 9.069643e-05 2.912181e-02
952 1.825319e-04 2.916082e-02
612 8.162191e-05 2.917141e-02
1789 7.443760e-05 2.924382e-02
585 1.168675e-04 2.931152e-02
1177 4.218899e-04 2.943786e-02
1149 6.833439e-04 2.946488e-02
223 3.362605e-04 2.953674e-02
1711 4.381517e-04 2.956969e-02
365 1.244231e-04 2.961528e-02
694 2.867752e-04 2.964404e-02
802 4.937422e-05 2.974844e-02
1810 5.801313e-04 2.980486e-02
281 2.199958e-04 2.993183e-02
1004 7.518624e-05 3.010091e-02
113 4.328449e-04 3.010178e-02
885 1.573767e-04 3.023308e-02
1712 2.015086e-04 3.027124e-02
1064 3.449206e-04 3.037282e-02
106 2.566741e-04 3.046350e-02
1266 4.766049e-05 3.051122e-02
525 4.548629e-04 3.064982e-02
869 1.830903e-05 3.066871e-02
490 1.937846e-04 3.071146e-02
1080 1.863984e-04 3.074654e-02
561 4.183905e-05 3.078462e-02
498 1.765426e-04 3.081991e-02
135 2.978982e-04 3.086922e-02
1995 2.506899e-04 3.088265e-02
865 1.405638e-04 3.099480e-02
1753 2.421326e-04 3.100812e-02
1640 1.108750e-04 3.101077e-02
152 5.037735e-05 3.101404e-02
1395 2.065851e-04 3.101985e-02
1051 1.687706e-04 3.115357e-02
1302 1.280733e-04 3.121023e-02
1271 5.353256e-04 3.124009e-02
441 1.410859e-04 3.135721e-02
469 1.226426e-04 3.147964e-02
1979 5.455757e-05 3.148108e-02
1895 1.634051e-04 3.154712e-02
1368 7.289978e-05 3.157437e-02
1650 3.977046e-04 3.160383e-02
444 1.499948e-04 3.165728e-02
1689 5.902500e-04 3.167770e-02
343 2.994670e-04 3.191370e-02
969 3.933749e-04 3.197052e-02
1309 1.215757e-04 3.199851e-02
1560 3.415552e-04 3.209338e-02
1666 2.616026e-04 3.213808e-02
1248 2.985588e-04 3.218949e-02
1944 7.426739e-04 3.224360e-02
1822 1.031664e-03 3.228647e-02
1988 3.779678e-04 3.231893e-02
145 1.543766e-04 3.247169e-02
15 1.397954e-04 3.249530e-02
901 2.542224e-04 3.251777e-02
1628 2.775145e-04 3.256626e-02
216 1.403807e-04 3.269160e-02
581 5.303047e-04 3.271864e-02
278 9.096811e-04 3.287189e-02
142 2.632347e-04 3.315311e-02
1987 6.039116e-05 3.319211e-02
879 7.744752e-04 3.344379e-02
570 1.275090e-04 3.364575e-02
1701 1.374037e-04 3.365173e-02
529 4.862330e-04 3.413460e-02
1951 9.644110e-05 3.418653e-02
1452 9.234949e-05 3.432747e-02
1081 4.099384e-04 3.433048e-02
1502 3.212474e-04 3.451572e-02
925 2.150388e-04 3.452848e-02
1851 1.263561e-05 3.457258e-02
1694 2.507406e-04 3.459910e-02
1209 1.602185e-04 3.468801e-02
1285 4.806960e-04 3.472473e-02
547 1.504171e-04 3.475441e-02
870 4.422494e-05 3.480605e-02
173 5.148299e-04 3.485600e-02
775 1.084656e-03 3.493776e-02
1276 3.356806e-04 3.501489e-02
700 6.270919e-05 3.504634e-02
372 2.617904e-05 3.521932e-02
669 1.298322e-04 3.533265e-02
1976 1.769403e-04 3.533832e-02
1147 2.458633e-04 3.536845e-02
1823 1.045653e-04 3.540639e-02
1707 9.588903e-05 3.552484e-02
557 2.581959e-04 3.555391e-02
975 7.606084e-04 3.579839e-02
326 2.621045e-04 3.619420e-02
1609 5.702713e-04 3.643977e-02
897 1.328246e-04 3.651100e-02
1926 4.015619e-04 3.704474e-02
1128 3.178421e-05 3.712216e-02
1961 4.482648e-04 3.744808e-02
116 2.923252e-04 3.749077e-02
1583 2.160620e-04 3.774820e-02
8 3.782707e-04 3.787298e-02
1106 7.142888e-04 3.791079e-02
1263 1.020947e-04 3.798758e-02
928 6.464146e-05 3.800146e-02
258 1.324001e-04 3.845767e-02
1626 1.283566e-04 3.848387e-02
1491 3.578087e-05 3.850334e-02
1954 8.064885e-04 3.886839e-02
573 3.710622e-04 3.893813e-02
1898 2.127013e-04 3.895901e-02
1800 2.766877e-04 3.906293e-02
334 8.858488e-05 3.914266e-02
882 1.240133e-04 3.915075e-02
1183 1.186518e-03 3.927000e-02
1199 1.057186e-03 3.942940e-02
1036 1.073293e-03 3.950960e-02
1097 2.481685e-04 3.976102e-02
1824 1.957767e-04 3.978090e-02
319 3.129014e-04 3.985325e-02
807 1.854262e-04 3.997271e-02
1836 3.289359e-04 4.000975e-02
1480 9.002409e-05 4.003522e-02
1632 3.115710e-04 4.031523e-02
1875 9.540729e-04 4.096516e-02
455 3.095565e-04 4.102217e-02
495 3.471128e-04 4.112960e-02
150 9.228351e-05 4.120320e-02
738 6.393324e-04 4.128074e-02
516 2.245080e-04 4.131436e-02
622 5.369449e-04 4.165747e-02
1730 6.180282e-04 4.176950e-02
92 2.903966e-04 4.181821e-02
1847 1.795182e-04 4.184004e-02
1934 1.627101e-04 4.190139e-02
515 2.960056e-04 4.197073e-02
539 2.134950e-04 4.206702e-02
1152 5.549858e-04 4.230950e-02
200 4.427577e-04 4.244061e-02
269 4.199712e-04 4.245889e-02
14 7.277348e-04 4.257677e-02
1881 5.586608e-05 4.269912e-02
1623 8.229732e-05 4.305022e-02
1409 1.291940e-04 4.313541e-02
240 7.920175e-05 4.365753e-02
1164 2.055189e-04 4.366013e-02
884 1.469100e-04 4.367583e-02
364 1.459050e-04 4.406407e-02
1486 3.898503e-04 4.410230e-02
1652 4.480551e-04 4.414586e-02
1235 8.710031e-05 4.416655e-02
1297 2.259338e-04 4.425707e-02
1195 9.694376e-04 4.446974e-02
731 2.578743e-04 4.451436e-02
1131 4.851239e-04 4.455962e-02
467 3.383683e-04 4.467209e-02
357 1.369760e-04 4.469793e-02
16 1.040502e-04 4.521824e-02
1967 1.364140e-04 4.529931e-02
1787 7.019861e-04 4.549506e-02
307 7.820803e-04 4.643400e-02
144 7.046784e-04 4.679557e-02
21 2.762672e-04 4.686320e-02
409 4.405820e-04 4.714969e-02
87 1.309404e-03 4.745122e-02
660 6.324848e-04 4.752346e-02
1619 1.031355e-03 4.756097e-02
80 3.106020e-04 4.764990e-02
487 5.322060e-04 4.767491e-02
1120 6.356812e-04 4.770579e-02
857 7.353525e-04 4.804526e-02
985 8.785947e-05 4.818446e-02
1726 6.144698e-04 4.859437e-02
1401 4.152062e-04 4.865670e-02
695 1.152570e-03 4.876272e-02
1484 5.007284e-04 4.915574e-02
210 1.671172e-04 4.924359e-02
1740 2.329160e-04 4.933280e-02
130 2.790444e-04 4.945640e-02
588 4.833943e-05 4.955746e-02
1942 1.335081e-04 4.990076e-02
1703 2.687194e-04 5.018342e-02
1620 6.368434e-05 5.047368e-02
830 4.105919e-04 5.150303e-02
754 2.426925e-04 5.185164e-02
854 2.098106e-04 5.185491e-02
1557 3.575412e-04 5.190265e-02
848 2.560121e-04 5.194985e-02
1002 4.698330e-04 5.223772e-02
1206 4.367987e-04 5.229497e-02
316 6.427090e-04 5.232595e-02
896 2.698842e-05 5.246584e-02
1430 1.282997e-03 5.265302e-02
1663 5.241084e-04 5.265373e-02
462 8.719216e-04 5.276169e-02
555 2.275609e-04 5.301060e-02
1517 5.511715e-04 5.340328e-02
463 6.440246e-05 5.415679e-02
950 2.508658e-04 5.434464e-02
874 5.939768e-04 5.446211e-02
853 1.072587e-03 5.451127e-02
534 5.424449e-04 5.507190e-02
7 1.232669e-03 5.534718e-02
568 2.773129e-04 5.546176e-02
329 8.254291e-04 5.575577e-02
1143 2.617206e-04 5.599860e-02
485 2.122999e-04 5.680318e-02
873 2.539891e-04 5.688142e-02
1041 3.282336e-04 5.693822e-02
309 3.122269e-04 5.736622e-02
1973 9.388731e-04 5.744917e-02
1742 4.769440e-04 5.746282e-02
1277 7.451032e-04 5.793765e-02
429 3.848513e-04 5.884357e-02
1564 1.006580e-03 5.913471e-02
1698 2.930770e-04 5.919783e-02
371 4.934275e-04 5.941008e-02
149 2.695287e-04 5.951154e-02
1631 6.713444e-04 5.961934e-02
1542 4.589882e-04 5.969797e-02
361 5.241723e-04 5.988854e-02
1257 1.337894e-04 6.013436e-02
1825 1.163389e-03 6.015310e-02
643 1.261354e-04 6.025666e-02
237 6.987772e-04 6.031455e-02
1172 4.699457e-04 6.071395e-02
594 3.218917e-04 6.097278e-02
5 2.570409e-04 6.134530e-02
1508 4.792668e-04 6.165703e-02
445 2.144798e-04 6.167967e-02
1975 3.834653e-04 6.197594e-02
866 3.090333e-04 6.241239e-02
108 2.714128e-04 6.246106e-02
265 1.802471e-04 6.291392e-02
1655 6.210375e-04 6.304550e-02
927 7.271940e-04 6.305112e-02
407 2.571253e-04 6.331750e-02
1018 5.494842e-04 6.365696e-02
1826 1.213371e-03 6.369933e-02
679 2.859476e-04 6.433010e-02
437 6.125826e-04 6.444803e-02
1561 1.166609e-03 6.512938e-02
1278 8.420350e-04 6.547821e-02
1312 5.951385e-04 6.552148e-02
250 3.109089e-04 6.553210e-02
354 8.710029e-04 6.555489e-02
201 4.948076e-04 6.560420e-02
1155 5.090037e-04 6.614731e-02
432 6.635345e-04 6.658591e-02
819 6.776765e-04 6.682257e-02
2 8.350693e-04 6.725019e-02
1503 5.020392e-04 6.749803e-02
1555 8.422842e-04 6.758285e-02
527 9.855373e-04 6.771998e-02
1200 4.975958e-04 6.772906e-02
249 7.930426e-04 6.871193e-02
482 5.580479e-04 6.915993e-02
208 2.762695e-04 6.925722e-02
797 1.120407e-03 6.931776e-02
318 1.063391e-03 7.006252e-02
852 7.524039e-04 7.006314e-02
1552 7.566664e-04 7.068925e-02
1280 6.219856e-04 7.122110e-02
143 3.286813e-04 7.134745e-02
1497 4.815435e-04 7.272884e-02
1702 4.920862e-04 7.285241e-02
1115 2.388671e-03 7.297699e-02
1653 1.312145e-03 7.336214e-02
924 2.236391e-03 7.339350e-02
101 3.374910e-04 7.354941e-02
246 4.810354e-04 7.376788e-02
103 1.172263e-03 7.424007e-02
1854 1.025666e-03 7.429273e-02
1949 1.924276e-04 7.483549e-02
18 1.861256e-04 7.491905e-02
1992 4.733672e-04 7.497076e-02
940 5.602011e-04 7.505579e-02
181 3.078632e-04 7.570894e-02
377 1.267117e-03 7.638124e-02
538 7.372037e-04 7.653411e-02
90 2.633576e-03 7.710640e-02
1028 1.116863e-04 7.752096e-02
1891 4.908675e-04 7.772775e-02
942 7.973299e-04 7.804963e-02
1162 1.006778e-03 7.892411e-02
346 1.829594e-03 7.924152e-02
328 6.648878e-04 7.944342e-02
1629 1.548999e-03 7.981839e-02
125 9.817391e-04 8.015902e-02
172 8.252841e-04 8.043770e-02
339 1.284887e-03 8.050145e-02
976 1.421741e-03 8.082983e-02
40 9.094793e-04 8.085081e-02
1672 5.757472e-04 8.089916e-02
119 2.533087e-03 8.102846e-02
1178 1.041689e-03 8.205312e-02
1630 4.931219e-04 8.256907e-02
1547 2.022836e-03 8.273230e-02
1167 5.296794e-04 8.275334e-02
1146 1.050703e-03 8.289299e-02
174 1.209378e-03 8.333562e-02
416 1.031764e-03 8.343709e-02
1192 1.475026e-04 8.351844e-02
1349 1.404895e-04 8.420618e-02
19 2.234055e-03 8.439058e-02
203 6.112538e-04 8.487623e-02
131 4.332938e-04 8.506915e-02
383 4.345505e-04 8.513589e-02
273 2.932431e-04 8.570818e-02
32 1.174884e-03 8.606974e-02
675 6.694839e-04 8.773886e-02
798 1.575576e-03 8.802581e-02
1837 1.836946e-03 8.856594e-02
1117 2.384375e-03 8.963130e-02
70 1.431173e-03 8.983437e-02
296 6.847475e-04 9.111181e-02
1006 8.001472e-04 9.135087e-02
855 4.578455e-04 9.219394e-02
345 1.375862e-03 9.271133e-02
24 6.333496e-04 9.360732e-02
35 1.091365e-03 9.424883e-02
1624 1.562622e-03 9.425982e-02
1585 1.592264e-03 9.455367e-02
497 1.611763e-04 9.618202e-02
919 7.292860e-04 9.629269e-02
1621 9.932149e-05 9.656437e-02
719 1.836020e-03 9.678944e-02
1599 2.449448e-04 9.806805e-02
1319 1.379428e-03 9.973938e-02
1773 7.319432e-04 1.004940e-01
535 1.643662e-03 1.012686e-01
289 1.194300e-03 1.013593e-01
496 3.654680e-04 1.013708e-01
1971 1.608191e-03 1.016523e-01
1615 1.144017e-03 1.022177e-01
504 9.970821e-04 1.023204e-01
427 1.137741e-03 1.026098e-01
698 1.776582e-04 1.029286e-01
301 1.690011e-03 1.034479e-01
1862 1.581600e-03 1.043353e-01
317 1.362663e-03 1.044917e-01
381 4.095896e-03 1.046815e-01
1869 9.889011e-04 1.048695e-01
1439 7.682567e-04 1.048894e-01
1341 1.147255e-03 1.051711e-01
1515 3.042524e-03 1.055223e-01
1237 2.773982e-04 1.065922e-01
1939 1.151891e-03 1.065978e-01
541 3.365924e-03 1.065991e-01
1543 1.656859e-03 1.076994e-01
1174 1.400891e-03 1.081378e-01
220 4.442146e-04 1.081866e-01
878 7.987646e-04 1.087920e-01
649 1.081026e-03 1.091976e-01
1796 1.129014e-03 1.093683e-01
1380 2.118330e-03 1.094466e-01
891 2.492772e-04 1.111998e-01
1012 5.289521e-04 1.125825e-01
23 1.149052e-03 1.131426e-01
872 4.832909e-04 1.141519e-01
352 2.148711e-03 1.145342e-01
13 3.121320e-03 1.150810e-01
1573 4.887311e-04 1.164166e-01
749 8.339090e-04 1.168620e-01
1032 3.866580e-04 1.182651e-01
1642 1.660672e-03 1.183260e-01
501 1.472804e-03 1.184199e-01
809 2.711729e-03 1.184731e-01
1696 3.215993e-04 1.186318e-01
20 2.849638e-03 1.189024e-01
883 1.809568e-03 1.197647e-01
1723 3.001058e-03 1.203567e-01
1649 2.404391e-03 1.209061e-01
1408 1.100505e-03 1.213556e-01
583 1.636225e-03 1.221181e-01
413 6.124634e-04 1.222252e-01
1570 3.498540e-03 1.228163e-01
537 1.182575e-03 1.231286e-01
4 5.034442e-04 1.263796e-01
1577 3.954844e-03 1.265869e-01
1541 2.224433e-03 1.273250e-01
1260 1.734905e-03 1.288229e-01
743 1.961994e-03 1.295329e-01
867 8.687669e-04 1.308942e-01
11 3.368875e-03 1.320804e-01
1606 5.447823e-04 1.327177e-01
1253 1.750430e-03 1.344432e-01
1760 1.531824e-03 1.348822e-01
332 1.457413e-03 1.361329e-01
1242 9.379337e-04 1.411536e-01
248 1.554984e-04 1.424701e-01
100 1.476421e-03 1.426849e-01
406 3.227388e-03 1.434869e-01
986 3.659658e-03 1.446916e-01
1772 1.062607e-03 1.461558e-01
292 1.843350e-03 1.482627e-01
842 1.066613e-03 1.488089e-01
1270 2.771542e-03 1.491117e-01
1292 1.296178e-03 1.494289e-01
996 1.769962e-03 1.494999e-01
321 1.406464e-03 1.500570e-01
230 1.254180e-03 1.519316e-01
1311 1.563007e-03 1.565140e-01
1699 1.644142e-03 1.598136e-01
385 2.348187e-03 1.602823e-01
991 1.226462e-03 1.614300e-01
633 1.907400e-03 1.657263e-01
408 1.938313e-03 1.669832e-01
817 1.331974e-03 1.669894e-01
592 2.562433e-03 1.698011e-01
850 1.572017e-03 1.702699e-01
1916 2.021322e-03 1.713282e-01
402 1.779540e-03 1.792268e-01
99 6.314330e-04 1.800170e-01
1917 4.167254e-04 1.831076e-01
1165 1.480424e-03 1.853513e-01
663 2.518576e-03 1.931045e-01
696 2.575936e-03 1.937660e-01
232 1.779893e-03 1.942965e-01
1580 2.238977e-03 1.953445e-01
129 1.808229e-03 1.967666e-01
509 1.882596e-03 2.036068e-01
313 2.098838e-03 2.037742e-01
1894 1.954892e-03 2.052500e-01
1748 1.450823e-03 2.084578e-01
687 1.580831e-03 2.137765e-01
37 4.341849e-03 2.169374e-01
128 2.939926e-03 2.190730e-01
1050 3.440114e-03 2.206717e-01
26 4.100725e-03 2.237284e-01
42 2.161566e-03 2.278722e-01
1447 1.790680e-03 2.286461e-01
1553 1.452173e-03 2.351552e-01
241 2.612888e-03 2.393695e-01
3 9.289680e-04 2.423107e-01
394 3.845133e-03 2.435782e-01
38 4.279922e-03 2.460700e-01
1610 2.542862e-03 2.543798e-01
29 1.107715e-03 2.581316e-01
419 2.177304e-03 2.694087e-01
187 1.735849e-03 2.782839e-01
1808 2.852611e-03 2.830669e-01
327 2.645251e-03 2.863236e-01
795 2.877715e-03 2.873093e-01
1602 6.822446e-03 2.887770e-01
39 2.000108e-03 2.929603e-01
351 2.002862e-03 3.110571e-01
133 3.795006e-03 3.180342e-01
1376 3.002023e-03 3.206836e-01
564 1.813518e-03 3.429012e-01
1567 5.931477e-03 3.497141e-01
6 4.384674e-03 3.600926e-01
1646 1.993610e-03 3.890579e-01
563 4.904242e-03 4.362292e-01
400 5.689106e-03 5.469581e-01
