2 3.395435e-04 3.695961e-02
3 2.439398e-03 1.111424e-01
4 1.090513e-03 8.075882e-02
5 2.652161e-04 2.409725e-02
6 2.057041e-03 9.204806e-02
7 2.330140e-04 8.408780e-03
8 3.710662e-04 1.485927e-02
9 5.790277e-05 5.569715e-03
10 1.496431e-04 5.364328e-03
11 9.673108e-04 4.138479e-02
12 7.210763e-05 5.622437e-03
13 1.418122e-03 3.391311e-02
14 4.869409e-04 1.743215e-02
15 1.473123e-04 2.234370e-02
16 6.414592e-04 2.105324e-02
17 8.357566e-05 3.776878e-03
18 1.141958e-04 6.232483e-02
19 2.958672e-04 1.912379e-02
20 1.592403e-03 5.747468e-02
21 2.975479e-04 2.319924e-02
22 7.485827e-05 6.652742e-03
23 9.585051e-04 3.036875e-02
24 9.934922e-04 3.704004e-02
25 4.606896e-05 1.146059e-02
26 3.089391e-03 1.070321e-01
27 5.698449e-04 7.424891e-03
28 7.099200e-05 1.036055e-02
29 6.384330e-03 1.119285e-01
30 6.870433e-05 4.387146e-03
31 1.846423e-04 1.420415e-02
32 6.790590e-04 2.179415e-02
33 2.097756e-05 2.706456e-03
34 1.578762e-05 2.423736e-03
35 1.189123e-03 5.084645e-02
36 3.869509e-04 7.838796e-03
37 1.873918e-03 9.863673e-02
38 3.162725e-03 7.378507e-02
39 2.769701e-03 1.445937e-01
40 5.530572e-04 4.919166e-02
41 5.454442e-05 3.898612e-03
42 2.658700e-03 1.090014e-01
43 5.740108e-05 4.652938e-03
44 1.378046e-05 2.045391e-03
45 1.395397e-05 2.045245e-03
46 1.007612e-05 1.236064e-03
47 1.987655e-05 4.154488e-03
48 8.537028e-05 4.255609e-03
49 1.036273e-04 5.303665e-03
50 1.827907e-04 7.628480e-03
51 9.492167e-06 2.607301e-03
52 5.216144e-05 3.900934e-03
53 2.115610e-05 3.525674e-03
54 1.947465e-05 3.283449e-03
55 1.030389e-05 2.642044e-03
56 1.015315e-04 6.644644e-03
57 8.368446e-05 4.285268e-03
58 1.176805e-06 1.606702e-03
59 4.403055e-05 5.662757e-03
60 3.604973e-06 2.138509e-03
61 1.247003e-05 3.545942e-03
62 1.566295e-06 1.183537e-03
63 2.391511e-05 4.240121e-03
64 2.678122e-05 5.847462e-03
65 8.842295e-06 1.911837e-03
66 5.820033e-06 2.328309e-03
67 2.676943e-05 3.248238e-03
68 3.928580e-05 4.668291e-03
69 4.733912e-05 3.467211e-03
70 6.305101e-04 2.095242e-02
71 7.582161e-06 4.178694e-03
72 8.043595e-05 4.143371e-03
73 1.632291e-05 2.525301e-03
74 2.188907e-05 5.096488e-03
75 4.420227e-05 2.916095e-03
76 3.826485e-05 3.822863e-03
77 9.077061e-06 3.595276e-03
78 1.865687e-04 1.009169e-02
79 7.506644e-05 4.603256e-03
80 8.667681e-04 2.123883e-02
81 1.483084e-05 2.566594e-03
82 4.375994e-04 9.038005e-03
83 9.921972e-06 2.005610e-03
84 9.921061e-05 5.585474e-03
85 6.061020e-05 5.623121e-03
86 4.417682e-05 4.452195e-03
87 3.761172e-04 9.793500e-03
88 6.282068e-06 2.596219e-03
89 1.026070e-04 5.417389e-03
90 6.758052e-04 2.400002e-02
91 7.067156e-05 3.100518e-03
92 5.356235e-04 1.261460e-02
93 1.360172e-04 4.921368e-03
94 5.823986e-05 4.740412e-03
95 3.619533e-05 4.327302e-03
96 1.612538e-05 2.693977e-03
97 5.220319e-05 8.918421e-03
98 3.304308e-05 3.463882e-03
99 4.394555e-03 1.001844e-01
100 1.442969e-03 5.159087e-02
101 1.447023e-03 4.135475e-02
102 1.460952e-05 2.105795e-03
103 4.831974e-04 1.543777e-02
104 1.081607e-04 2.212645e-02
105 1.224061e-04 8.658528e-03
106 4.287993e-04 1.084927e-02
107 5.309543e-05 8.359597e-03
108 1.750018e-03 3.467079e-02
109 1.151829e-04 5.627070e-03
110 1.647288e-05 2.317159e-03
111 1.450141e-04 4.766812e-03
112 2.638663e-04 9.887900e-03
113 3.518607e-04 1.471079e-02
114 7.123410e-05 6.960582e-03
115 6.114867e-05 6.211029e-03
116 4.602918e-04 1.436605e-02
117 2.857982e-05 2.805100e-03
118 1.800365e-05 3.100669e-03
119 2.522979e-04 9.298270e-03
120 4.320638e-05 5.246128e-03
121 2.159344e-05 4.526947e-03
122 1.588830e-05 3.006211e-03
123 2.085517e-04 9.839748e-03
124 4.381623e-05 3.027411e-03
125 6.784433e-04 2.893304e-02
126 1.781881e-05 3.776146e-03
127 7.430903e-05 9.231930e-03
128 2.028205e-03 1.019317e-01
129 1.970804e-03 4.741640e-02
130 4.402885e-04 2.251483e-02
131 1.670679e-03 3.443502e-02
132 3.028384e-04 1.159810e-02
133 3.864018e-03 8.711665e-02
134 1.146166e-04 4.115808e-03
135 2.796662e-04 1.531599e-02
136 5.582493e-06 2.143155e-03
137 2.747093e-04 8.259864e-03
138 1.148885e-05 2.773221e-03
139 5.525574e-05 4.055280e-03
140 2.669573e-04 1.116574e-02
141 5.622278e-05 5.183954e-03
142 4.315282e-04 1.321020e-02
143 5.474419e-04 4.725116e-02
144 1.799270e-04 1.423831e-02
145 2.209330e-04 1.580196e-02
146 9.775034e-05 7.327361e-03
147 3.316872e-04 9.886161e-03
148 2.080250e-05 3.206176e-03
149 3.988740e-04 2.253037e-02
150 2.246628e-04 2.396731e-02
151 6.219613e-05 1.156286e-02
152 2.187878e-04 2.266735e-02
153 6.301103e-05 6.135774e-03
154 7.354551e-05 6.968525e-03
155 1.423014e-05 1.744583e-03
156 1.314034e-04 4.151369e-03
157 1.776556e-04 5.305744e-03
158 2.331937e-06 3.729820e-03
159 2.362995e-04 9.546840e-03
160 8.559521e-05 7.107798e-03
161 4.260110e-05 2.688800e-03
162 9.861423e-05 5.036559e-03
163 1.788199e-04 4.789976e-03
164 2.964287e-05 2.956425e-03
165 6.859349e-06 1.357943e-03
166 1.157158e-05 1.513935e-03
167 6.507191e-05 4.794651e-03
168 1.910429e-05 2.871991e-03
169 7.808007e-05 4.154210e-03
170 5.262881e-05 1.854725e-03
171 5.100673e-04 9.657188e-03
172 6.078721e-04 3.309349e-02
173 1.285404e-04 1.309120e-02
174 5.511188e-04 2.674556e-02
175 2.320759e-06 1.178416e-03
176 1.060125e-04 5.789487e-03
177 8.979223e-06 2.976927e-03
178 1.391321e-05 6.656712e-03
179 1.940488e-05 7.357843e-03
180 2.422269e-06 1.224646e-03
181 3.008678e-04 5.182629e-02
182 1.231089e-04 9.379527e-03
183 7.904499e-05 6.468883e-03
184 5.159717e-05 4.613738e-03
185 2.624207e-06 1.441670e-03
186 1.140887e-04 1.567373e-02
187 4.288941e-03 1.607438e-01
188 1.368647e-04 1.166601e-02
189 1.325534e-05 3.713867e-03
190 1.489630e-05 3.587606e-03
191 1.097607e-05 6.050245e-03
192 2.490742e-05 4.102770e-03
193 4.146939e-05 4.571020e-03
194 2.490742e-05 4.102770e-03
195 1.427979e-04 5.249780e-03
196 3.323506e-05 3.920928e-03
197 2.150072e-04 1.395655e-02
198 1.130944e-04 7.116550e-03
199 1.933362e-04 1.023216e-02
200 7.040643e-04 2.540261e-02
201 5.704970e-04 2.452058e-02
202 7.985338e-05 6.194909e-03
203 1.506083e-03 4.696473e-02
204 2.109395e-05 3.374474e-03
205 8.882331e-05 1.004946e-02
206 1.197212e-04 7.799228e-03
207 2.140289e-04 2.462971e-02
208 6.774470e-04 3.829730e-02
209 3.583252e-04 1.320101e-02
210 3.863150e-04 3.111675e-02
211 2.057168e-04 1.435612e-02
212 2.227444e-05 3.528748e-03
213 1.363324e-04 5.292869e-03
214 1.353840e-04 8.002746e-03
215 8.379570e-05 9.558718e-03
216 3.445626e-04 1.879716e-02
217 2.391874e-05 1.831050e-03
218 7.782303e-06 3.388389e-03
219 1.259753e-05 1.594103e-03
220 9.130672e-04 8.869130e-02
221 4.086943e-05 4.281049e-03
222 1.004062e-04 8.241883e-03
223 3.722757e-04 8.132355e-03
224 5.548768e-06 2.021214e-03
225 7.782561e-06 3.050224e-03
226 4.412692e-05 7.198180e-03
227 1.359577e-05 3.780477e-03
228 3.077722e-05 3.824595e-03
229 1.307172e-04 1.144373e-02
230 1.199556e-03 7.427186e-02
231 1.396454e-06 1.976265e-03
232 2.775708e-03 8.643869e-02
233 7.488899e-06 7.542236e-03
234 1.495647e-05 2.141790e-03
235 1.164872e-05 7.041102e-03
236 2.327588e-05 4.824783e-03
237 4.608445e-04 2.859221e-02
238 2.140369e-05 4.434216e-03
239 1.681010e-05 3.000461e-03
240 8.982863e-05 3.959295e-02
241 3.896317e-03 1.039567e-01
242 1.551589e-04 1.073274e-02
243 3.066837e-05 3.556469e-03
244 1.166342e-05 1.430711e-03
245 3.599252e-06 1.168156e-03
246 1.160630e-03 3.035534e-02
247 9.456867e-05 6.515537e-03
248 1.731808e-03 1.069271e-01
249 8.321016e-04 3.127308e-02
250 4.539789e-04 1.829016e-02
251 3.796891e-06 1.210701e-03
252 3.431810e-05 7.500396e-03
253 4.840260e-05 3.243131e-03
254 5.123115e-05 9.348855e-03
255 1.527611e-05 6.162516e-03
256 4.405177e-06 2.293263e-03
257 9.249753e-06 3.515788e-03
258 3.587510e-04 3.010232e-02
259 3.758372e-06 1.275892e-03
260 7.630103e-05 7.421524e-03
261 4.565042e-05 2.855172e-03
262 7.248743e-06 1.344689e-03
263 1.269983e-05 1.543128e-03
264 7.570093e-05 2.195961e-02
265 4.417532e-04 4.705183e-02
266 9.786995e-05 6.790600e-03
267 1.101337e-04 1.487897e-02
268 1.910878e-05 3.900598e-03
269 6.295304e-04 1.750839e-02
270 4.603618e-06 3.266943e-03
271 3.587399e-05 1.159069e-02
272 2.613170e-05 3.992367e-03
273 1.288162e-03 6.161076e-02
274 1.274034e-06 1.820268e-03
275 1.707330e-04 1.811377e-02
276 6.085801e-05 1.252497e-02
277 1.796652e-05 3.661269e-03
278 6.481082e-05 1.669353e-02
279 1.277011e-05 3.236791e-03
280 2.959510e-05 1.980071e-02
281 1.632414e-04 1.972175e-02
282 8.896590e-06 1.588735e-03
283 1.024489e-05 5.837211e-03
284 8.893092e-06 4.438012e-03
285 5.578210e-05 4.804056e-03
286 3.549030e-05 4.625437e-03
287 2.741505e-05 4.200742e-03
288 5.278144e-06 1.888548e-03
289 7.638210e-04 1.581165e-02
290 1.013929e-06 1.388177e-03
291 2.350037e-04 9.155710e-03
292 7.868454e-04 5.472212e-02
293 1.156945e-05 4.409137e-03
294 1.297173e-05 3.033989e-03
295 1.361770e-04 1.472768e-02
296 6.944789e-04 5.835804e-02
297 1.442676e-04 1.127930e-02
298 1.409599e-05 4.511126e-03
299 3.634685e-06 3.291840e-03
300 1.418342e-04 1.079304e-02
301 1.695019e-03 2.812190e-02
302 2.358515e-05 2.340339e-03
303 1.021852e-04 1.720795e-02
304 1.875855e-04 9.025263e-03
305 2.635808e-05 2.672485e-03
306 3.384806e-05 2.129306e-03
307 5.006032e-04 1.775360e-02
308 5.218699e-05 9.428159e-03
309 6.013168e-04 4.048437e-02
310 4.749880e-05 7.107290e-03
311 2.436498e-05 4.369771e-03
312 3.460483e-05 2.277741e-03
313 3.630117e-03 7.131436e-02
314 1.980757e-05 1.584428e-03
315 9.679898e-06 4.479553e-03
316 3.635114e-04 1.940895e-02
317 4.993981e-04 2.301245e-02
318 6.735976e-04 2.212442e-02
319 4.990789e-04 2.759660e-02
320 5.620426e-04 1.717614e-02
321 6.185084e-04 1.130113e-01
322 1.242757e-05 6.594791e-03
323 2.118359e-04 1.073017e-02
324 3.383317e-05 4.506366e-03
325 1.159338e-05 3.573890e-03
326 2.932663e-04 2.108612e-02
327 4.224988e-03 8.885878e-02
328 4.837204e-04 2.449415e-02
329 7.907663e-04 2.134874e-02
330 1.882764e-05 5.671070e-03
331 2.334092e-04 1.759775e-02
332 2.103778e-03 4.843375e-02
333 9.348781e-05 9.763479e-03
334 2.160436e-04 3.207279e-02
335 8.576985e-06 1.906574e-03
336 2.404206e-05 2.001933e-03
337 3.324679e-05 3.544807e-03
338 5.456402e-05 8.539883e-03
339 3.116792e-04 1.654957e-02
340 9.046700e-05 8.871848e-03
341 8.254607e-05 4.365512e-03
342 2.139949e-05 2.906435e-03
343 3.075769e-04 1.740145e-02
344 3.172474e-05 3.444988e-03
345 6.657209e-04 2.116153e-02
346 5.540447e-04 2.677250e-02
347 2.902622e-05 3.270547e-03
348 1.334267e-04 9.222882e-03
349 3.482047e-05 3.529706e-03
350 2.540934e-05 2.243405e-03
351 2.865125e-03 1.328866e-01
352 3.460177e-04 3.494744e-02
353 2.320759e-06 1.178416e-03
354 3.492424e-04 3.242011e-02
355 2.547707e-04 1.169243e-02
356 6.637373e-05 1.592836e-02
357 3.867190e-04 3.520405e-02
358 1.629034e-05 2.353139e-03
359 1.206842e-04 4.759542e-03
360 2.398631e-05 6.149933e-03
361 5.670902e-04 4.271814e-02
362 3.544224e-04 9.756419e-03
363 6.906397e-05 1.590501e-02
364 6.063702e-04 2.601392e-02
365 1.978375e-04 1.770951e-02
366 9.669252e-05 5.187268e-03
367 1.974250e-04 9.022762e-03
368 1.266763e-04 6.051654e-03
369 6.529251e-05 5.643452e-03
370 1.123427e-04 8.832605e-03
371 4.951504e-04 2.742490e-02
372 1.957812e-04 3.268745e-02
373 9.416630e-05 2.104844e-02
374 2.273545e-05 5.352122e-03
375 2.528085e-06 1.208558e-03
376 1.254813e-05 2.704755e-03
377 4.702737e-04 2.660290e-02
378 2.850855e-05 4.962802e-03
379 7.349727e-06 1.628866e-03
380 1.815300e-04 7.942747e-03
381 6.177712e-04 3.270185e-02
382 2.255157e-05 5.052225e-03
383 4.410686e-04 5.582050e-02
384 7.676435e-05 6.437708e-03
385 1.777122e-03 8.378838e-02
386 2.865739e-05 2.696834e-03
387 1.824875e-04 4.697645e-03
388 1.850154e-05 2.905745e-03
389 7.141705e-05 6.165696e-03
390 5.310368e-06 4.250510e-03
391 1.262833e-04 4.465256e-03
392 1.343713e-04 1.375701e-02
393 4.381829e-06 2.155736e-03
394 9.310051e-04 1.047933e-01
395 4.493607e-06 1.374452e-03
396 2.254381e-04 1.283710e-02
397 2.459274e-04 1.235823e-02
398 4.158010e-06 2.208014e-03
399 6.485581e-05 4.891009e-03
400 3.641912e-03 1.773496e-01
401 1.280411e-04 7.362729e-03
402 6.425414e-04 8.566956e-02
403 6.655303e-05 1.266466e-02
404 1.614455e-04 1.323148e-02
405 1.778667e-05 2.808383e-03
406 5.640899e-04 6.149290e-02
407 6.559862e-04 4.233370e-02
408 2.365148e-03 8.693394e-02
409 2.471976e-04 2.547616e-02
410 1.133158e-04 1.076394e-02
411 7.745237e-05 5.466427e-03
412 7.667711e-05 8.201598e-03
413 9.554185e-04 4.242065e-02
414 3.731405e-05 4.597861e-03
415 8.525452e-06 1.633910e-03
416 7.448899e-04 4.890955e-02
417 1.798687e-05 1.560558e-03
418 1.372184e-04 5.634226e-03
419 3.313469e-03 7.371252e-02
420 1.649728e-05 5.873313e-03
421 7.428281e-05 3.346106e-03
422 7.134935e-05 1.691735e-02
423 2.731467e-05 2.852253e-03
424 1.538241e-04 1.073443e-02
425 2.877846e-05 7.038746e-03
426 1.458977e-05 1.892972e-03
427 8.175851e-04 6.156490e-02
428 7.608225e-05 7.236842e-03
429 3.942637e-04 3.337496e-02
430 4.526554e-06 1.298124e-03
431 4.628831e-06 3.876442e-03
432 1.061554e-03 3.426240e-02
433 2.275007e-06 1.159422e-03
434 3.134978e-05 3.559581e-03
435 1.602499e-05 4.535423e-03
436 2.826926e-06 2.130009e-03
437 2.959263e-04 4.800397e-02
438 2.219368e-05 4.788115e-03
439 1.900238e-05 3.679029e-03
440 8.778570e-06 3.862951e-03
441 3.622395e-04 1.957321e-02
442 3.746108e-05 4.777794e-03
443 1.754805e-05 3.488602e-03
444 2.403768e-04 1.261961e-02
445 6.071145e-04 4.509149e-02
446 8.432526e-05 1.017295e-02
447 2.365471e-05 1.981732e-03
448 5.605796e-06 2.005860e-03
449 3.589608e-06 2.098331e-03
450 7.034951e-06 2.915598e-03
451 1.457725e-06 1.129717e-03
452 9.779864e-06 4.183156e-03
453 7.595474e-06 2.500259e-03
454 2.774309e-04 2.071437e-02
455 5.292399e-04 1.516671e-02
456 4.019041e-05 4.175647e-03
457 1.445388e-04 6.322744e-03
458 1.692930e-04 8.223130e-03
459 8.346560e-05 7.983206e-03
460 1.762183e-05 2.902516e-03
461 8.402385e-05 2.000228e-02
462 3.732823e-04 1.290950e-02
463 2.869504e-04 4.906309e-02
464 1.868887e-05 3.006416e-03
465 8.360052e-06 1.533903e-03
466 2.301101e-05 2.435391e-03
467 5.322048e-04 2.217977e-02
468 2.987426e-05 5.227432e-03
469 5.280720e-04 1.247606e-02
470 5.923893e-05 9.039189e-03
471 2.454130e-04 6.441567e-03
472 3.927343e-05 2.359333e-03
473 5.492922e-05 6.294632e-03
474 4.071705e-05 2.818843e-03
475 5.805445e-05 1.044602e-02
476 2.721621e-06 2.123857e-03
477 1.563449e-04 1.419394e-02
478 3.135001e-06 3.523581e-03
479 2.145715e-06 1.704468e-03
480 4.470453e-05 7.700467e-03
481 3.971962e-05 6.145564e-03
482 5.634503e-04 2.859395e-02
483 2.515077e-06 1.106130e-03
484 5.329286e-06 1.664555e-03
485 3.436408e-04 3.013173e-02
486 2.705308e-05 3.286255e-03
487 6.336344e-04 1.831118e-02
488 2.888006e-05 2.775872e-03
489 5.846859e-05 5.331329e-03
490 1.997922e-04 1.855688e-02
491 2.086558e-05 7.500888e-03
492 2.505571e-05 2.368870e-03
493 1.302009e-05 1.653508e-03
494 2.732169e-04 1.270366e-02
495 2.001494e-04 1.975812e-02
496 4.202977e-04 6.538750e-02
497 1.306103e-03 6.009794e-02
498 1.580687e-04 1.109609e-02
499 2.531726e-05 3.649231e-03
500 7.566593e-05 8.207363e-03
501 1.122404e-03 5.591612e-02
502 4.051550e-05 8.475631e-03
503 2.983284e-04 1.054476e-02
504 1.091314e-03 4.869621e-02
505 4.837250e-05 3.458051e-03
506 4.078172e-05 7.707752e-03
507 4.995798e-05 6.692084e-03
508 5.001627e-05 2.735043e-03
509 1.841024e-03 8.558615e-02
510 5.380334e-05 8.004228e-03
511 2.156931e-05 3.660506e-03
512 7.210367e-06 1.625797e-03
513 1.579439e-04 1.466327e-02
514 4.558530e-05 1.537994e-02
515 1.718153e-04 2.069144e-02
516 3.730256e-04 1.503409e-02
517 2.763194e-05 3.163940e-03
518 8.606091e-06 3.275790e-03
519 5.629974e-05 5.459043e-03
520 2.890803e-06 1.455476e-03
521 1.891505e-04 8.019045e-03
522 7.277584e-06 2.727051e-03
523 5.537661e-05 5.795105e-03
524 6.546855e-05 5.981846e-03
525 4.351820e-04 1.382130e-02
526 2.602531e-04 8.918992e-03
527 6.650925e-04 2.143356e-02
528 3.680983e-05 5.794410e-03
529 5.392255e-04 1.452073e-02
530 8.811883e-05 4.583305e-03
531 1.233763e-06 1.558276e-03
532 4.448758e-05 7.096814e-03
533 2.411249e-05 2.104959e-03
534 9.075146e-04 2.891066e-02
535 1.143100e-03 6.497191e-02
536 2.996923e-04 2.349397e-02
537 3.167254e-04 7.310080e-02
538 1.146003e-03 4.324962e-02
539 3.652242e-04 3.034649e-02
540 6.873184e-05 2.249498e-02
541 5.907559e-04 4.395107e-02
542 2.882005e-05 7.780269e-03
543 1.259504e-05 1.641650e-03
544 1.326232e-04 1.213044e-02
545 4.659992e-05 6.855438e-03
546 5.901530e-05 8.890520e-03
547 4.484551e-04 1.857107e-02
548 2.327016e-05 9.735014e-03
549 2.648759e-04 1.598943e-02
550 9.763047e-06 5.287660e-03
551 1.304700e-05 4.551798e-03
552 2.136193e-05 1.953044e-03
553 1.807030e-05 4.522801e-03
554 4.556072e-06 2.858508e-03
555 2.465326e-04 3.734655e-02
556 5.650959e-05 4.271166e-03
557 3.894871e-04 1.172631e-02
558 5.455778e-05 5.546728e-03
559 1.651526e-04 1.083750e-02
560 1.062869e-05 2.836210e-03
561 1.088603e-04 2.596245e-02
562 2.356273e-06 1.340696e-03
563 3.226592e-03 1.886424e-01
564 7.709191e-03 9.735944e-02
565 2.172485e-05 2.015089e-03
566 1.046104e-04 7.036340e-03
567 2.941261e-04 1.383273e-02
568 2.507864e-04 1.282636e-02
569 4.300313e-05 3.408614e-03
570 2.715469e-04 1.469839e-02
571 1.845604e-04 7.581677e-03
572 1.714180e-04 2.315565e-02
573 3.802623e-04 1.662034e-02
574 2.349133e-05 2.542334e-03
575 1.835888e-05 3.304149e-03
576 6.383213e-05 4.933866e-03
577 4.588671e-06 2.578662e-03
578 7.745507e-06 3.067451e-03
579 8.700084e-05 5.102351e-03
580 2.832001e-05 5.035732e-03
581 7.951402e-05 1.500267e-02
582 7.142699e-05 6.799414e-03
583 4.739224e-04 8.979208e-02
584 2.651206e-04 1.203305e-02
585 1.959662e-04 2.075360e-02
586 3.430355e-04 1.138810e-02
587 1.446075e-05 5.871275e-03
588 5.531803e-04 4.037134e-02
589 8.038623e-05 4.224616e-03
590 1.173652e-04 8.501249e-03
591 3.281115e-04 1.564848e-02
592 1.075715e-03 5.931897e-02
593 6.914398e-05 5.477745e-03
594 8.289547e-04 3.042244e-02
595 9.542378e-06 3.661702e-03
596 2.458189e-06 1.226746e-03
597 1.126413e-05 1.476335e-03
598 1.271804e-04 8.970043e-03
599 7.111697e-05 6.142355e-03
600 7.669749e-06 2.559756e-03
601 2.844521e-05 2.786675e-03
602 7.299450e-05 3.080182e-03
603 1.399554e-04 1.042244e-02
604 3.459048e-06 1.880685e-03
605 2.807738e-04 8.756633e-03
606 7.158186e-05 8.545189e-03
607 3.489140e-05 4.130260e-03
608 6.796772e-05 3.132375e-03
609 7.103119e-05 7.651095e-03
610 2.978317e-05 6.100343e-03
611 2.691794e-06 2.249750e-03
612 2.275268e-04 2.044143e-02
613 3.977652e-05 4.209000e-03
614 3.873817e-05 3.762833e-03
615 4.741673e-05 4.739673e-03
616 8.394370e-05 3.670124e-03
617 6.314811e-05 1.028417e-02
618 5.646261e-05 6.560166e-03
619 2.783262e-05 2.783002e-03
620 2.051148e-05 3.146236e-03
621 1.369310e-05 2.070002e-03
622 3.663643e-04 7.373759e-03
623 5.664328e-05 3.982960e-03
624 4.133001e-05 2.176277e-03
625 1.559225e-04 6.781364e-03
626 4.920603e-05 3.384259e-03
627 1.843413e-05 2.847661e-03
628 8.087054e-05 4.334362e-03
629 9.976167e-06 1.324630e-03
630 5.650331e-05 2.770516e-03
631 1.103585e-04 3.996749e-03
632 2.369169e-06 1.092122e-03
633 8.352393e-04 2.799523e-02
634 1.308180e-04 4.116091e-03
635 2.160103e-05 7.477420e-03
636 9.739619e-05 1.448932e-02
637 6.458079e-05 8.597883e-03
638 3.630198e-06 1.946684e-03
639 1.757850e-06 1.479757e-03
640 2.584599e-06 2.239162e-03
641 9.808710e-07 1.403475e-03
642 2.327803e-05 4.241581e-03
643 3.901817e-04 5.053566e-02
644 2.299316e-04 1.705644e-02
645 1.687591e-04 1.042866e-02
646 2.555354e-04 7.480473e-03
647 3.422136e-05 2.326036e-03
648 1.783219e-04 7.832382e-03
649 1.219625e-03 4.918621e-02
650 2.608335e-05 2.382335e-03
651 5.685370e-05 7.383127e-03
652 1.685222e-04 1.654703e-02
653 1.755723e-05 4.425774e-03
654 9.422115e-06 2.381041e-03
655 2.678862e-05 5.207881e-03
656 3.633210e-05 2.188033e-03
657 1.938816e-04 4.649104e-03
658 1.648492e-04 6.830523e-03
659 1.014722e-05 4.700641e-03
660 3.988165e-04 1.566683e-02
661 4.064394e-05 4.036355e-03
662 4.279685e-05 2.000621e-02
663 1.618615e-03 6.111281e-02
664 1.243098e-04 1.339881e-02
665 4.640716e-05 7.318049e-03
666 2.496922e-05 6.556630e-03
667 1.985096e-05 1.505719e-03
668 1.518645e-04 9.002959e-03
669 3.079247e-04 2.579419e-02
670 3.108845e-05 6.453391e-03
671 1.993955e-04 9.895785e-03
672 2.286554e-04 1.611547e-02
673 4.836529e-05 6.126382e-03
674 8.360288e-06 1.585920e-03
675 1.063362e-03 2.969002e-02
676 5.863070e-06 2.013406e-03
677 5.568467e-07 1.320010e-03
678 2.991908e-05 3.203458e-03
679 1.299984e-03 3.955265e-02
680 1.537741e-04 9.944053e-03
681 7.580891e-05 6.809765e-03
682 2.181106e-05 4.671675e-03
683 3.821755e-04 1.846566e-02
684 1.984042e-04 9.045101e-03
685 1.499233e-06 2.113663e-03
686 9.753068e-05 1.013224e-02
687 1.625357e-03 8.127915e-02
688 3.603186e-04 1.237420e-02
689 8.816842e-05 7.433605e-03
690 5.466178e-06 1.771949e-03
691 1.082206e-04 1.311386e-02
692 2.372457e-05 2.042037e-03
693 1.891281e-04 8.698510e-03
694 3.178997e-04 1.300581e-02
695 1.860800e-04 1.515219e-02
696 1.814309e-03 7.444152e-02
697 4.981190e-05 6.113244e-03
698 1.841477e-03 7.819489e-02
699 4.487119e-06 1.425249e-03
700 2.601517e-04 3.067544e-02
701 1.368131e-04 4.767926e-03
702 2.323192e-06 1.176739e-03
703 1.219654e-05 2.879278e-03
704 2.271833e-06 1.217119e-03
705 2.190683e-04 8.731204e-03
706 7.136461e-06 1.336031e-03
707 1.359144e-04 7.964215e-03
708 6.440494e-06 4.774557e-03
709 1.210166e-05 2.498732e-03
710 7.107299e-05 3.494258e-03
711 9.203193e-07 1.158053e-03
712 2.369709e-05 3.519970e-03
713 4.900525e-05 3.315498e-03
714 2.686662e-06 2.366464e-03
715 7.039902e-05 6.491643e-03
716 7.421532e-05 5.336173e-03
717 2.555832e-05 2.763060e-03
718 7.523490e-06 2.571171e-03
719 2.816336e-04 4.413807e-02
720 3.012228e-06 1.157924e-03
721 1.333378e-05 1.390071e-03
722 4.480369e-06 2.627092e-03
723 2.714960e-04 1.009835e-02
724 2.271005e-05 2.153390e-03
725 3.142646e-06 1.336765e-03
726 2.637966e-04 1.059645e-02
727 2.581520e-05 3.844624e-03
728 2.392265e-05 3.339217e-03
729 2.869105e-05 6.197035e-03
730 1.149941e-05 1.522928e-03
731 4.450079e-04 2.917074e-02
732 1.008507e-06 1.324562e-03
733 2.652979e-07 9.078407e-04
734 6.442004e-06 2.485792e-03
735 7.044219e-06 2.956237e-03
736 4.328390e-06 5.094276e-03
737 1.120177e-06 1.324223e-03
738 4.250563e-04 1.470049e-02
739 1.626381e-05 2.442395e-03
740 6.052147e-05 6.084434e-03
741 3.986922e-05 5.442257e-03
742 4.103829e-05 4.666075e-03
743 1.294307e-03 3.720887e-02
744 6.307881e-06 2.402444e-03
745 1.106211e-05 2.016347e-03
746 1.780491e-04 4.335277e-03
747 2.637747e-05 4.612036e-03
748 4.720081e-04 1.359107e-02
749 2.310946e-03 4.172279e-02
750 1.052263e-05 2.297786e-03
751 5.201691e-05 6.539072e-03
752 9.219317e-06 1.691047e-03
753 2.786927e-05 2.440999e-03
754 1.001605e-03 3.077911e-02
755 5.148371e-05 3.923016e-03
756 1.078425e-04 4.793291e-03
757 3.925309e-06 1.287754e-03
758 7.557240e-05 7.059801e-03
759 2.867781e-05 1.718676e-03
760 1.184698e-05 1.711924e-03
761 3.228000e-05 4.009659e-03
762 1.617996e-04 4.726079e-03
763 6.062491e-06 1.829275e-03
764 4.344513e-05 7.623801e-03
765 2.473967e-05 9.949136e-03
766 3.142765e-05 3.266643e-03
767 3.309431e-05 4.576545e-03
768 5.615145e-05 4.173836e-03
769 5.981994e-05 5.040019e-03
770 2.715704e-04 9.760201e-03
771 2.631753e-05 2.384923e-03
772 5.110601e-06 1.437709e-03
773 1.567063e-04 9.350035e-03
774 1.103415e-05 1.405418e-03
775 1.080757e-04 5.020873e-03
776 2.684062e-04 7.651146e-03
777 6.941236e-05 2.661112e-03
778 2.333092e-04 1.422460e-02
779 5.308016e-04 1.887401e-02
780 3.663283e-05 7.558494e-03
781 9.548283e-05 5.171220e-03
782 2.136618e-05 1.725487e-03
783 2.703852e-05 3.785742e-03
784 1.622467e-05 5.260199e-03
785 4.256152e-05 2.866622e-03
786 6.006853e-05 1.233453e-02
787 8.766219e-05 5.652724e-03
788 2.208363e-04 4.836201e-03
789 4.080250e-06 1.168290e-03
790 3.561672e-04 1.038342e-02
791 2.000281e-05 3.758295e-03
792 2.840016e-05 2.966718e-03
793 9.527855e-05 4.210109e-03
794 4.785088e-05 2.620437e-03
795 3.109584e-03 1.220728e-01
796 7.840914e-06 2.875934e-03
797 6.454149e-04 2.972305e-02
798 1.006345e-03 1.850554e-02
799 1.876273e-05 2.796597e-03
800 1.351162e-04 3.728355e-03
801 9.698211e-05 2.677584e-03
802 7.676643e-05 2.200875e-02
803 1.368733e-04 1.285744e-02
804 5.502700e-05 4.231570e-03
805 1.282888e-05 2.956571e-03
806 2.169419e-04 1.256232e-02
807 3.038411e-04 3.101596e-02
808 2.665489e-05 2.000240e-03
809 5.088054e-04 1.639390e-02
810 6.715341e-05 4.150260e-03
811 2.427148e-04 6.394066e-03
812 2.898026e-05 5.267381e-03
813 1.147930e-05 5.067032e-03
814 8.578413e-06 6.907713e-03
815 3.100441e-04 7.869201e-03
816 1.812206e-04 7.578085e-03
817 8.739589e-04 3.911701e-02
818 1.631524e-05 2.278659e-03
819 7.388476e-04 2.676432e-02
820 2.787373e-04 9.118151e-03
821 1.192577e-04 1.583068e-02
822 4.330609e-06 3.374119e-03
823 1.455144e-04 6.466356e-03
824 2.459228e-04 1.014623e-02
825 3.493553e-04 1.047595e-02
826 4.747807e-05 3.505685e-03
827 2.259521e-06 3.029346e-03
828 1.681907e-04 1.050634e-02
829 1.601436e-05 4.982417e-03
830 1.736890e-04 3.398007e-02
831 8.358577e-05 3.766107e-03
832 6.320028e-05 2.394737e-03
833 2.293791e-04 1.171966e-02
834 1.538297e-04 1.229291e-02
835 9.699218e-06 1.954586e-03
836 1.842932e-06 9.539304e-04
837 1.496438e-04 1.101227e-02
838 1.761741e-05 2.088674e-03
839 1.413985e-04 1.107824e-02
840 1.705156e-04 1.738800e-02
841 1.747669e-04 7.198355e-03
842 1.588699e-03 6.795095e-02
843 7.016120e-05 6.434189e-03
844 7.366461e-05 1.867613e-02
845 4.385950e-04 1.806176e-02
846 6.209441e-05 4.716530e-03
847 1.164699e-05 4.863865e-03
848 3.824829e-04 3.655783e-02
849 2.307427e-05 4.538862e-03
850 5.924552e-04 5.953710e-02
851 7.102587e-05 5.755926e-03
852 8.107797e-04 3.810092e-02
853 4.306132e-04 3.055051e-02
854 2.513941e-04 3.102970e-02
855 8.219735e-04 5.233071e-02
856 2.047214e-04 9.277201e-03
857 1.929478e-04 2.436806e-02
858 7.602054e-05 1.175562e-02
859 1.977734e-05 3.485311e-03
860 3.636947e-04 1.327620e-02
861 1.875018e-06 1.564460e-03
862 1.190005e-04 1.371839e-02
863 9.444903e-05 4.907026e-03
864 3.040240e-05 5.795220e-03
865 3.353384e-04 1.945379e-02
866 7.677307e-04 3.547105e-02
867 1.352085e-03 3.617321e-02
868 3.603085e-05 3.669008e-03
869 1.320621e-04 2.795347e-02
870 1.400597e-04 3.249519e-02
871 1.161168e-04 1.488234e-02
872 8.552724e-04 8.969098e-02
873 1.722964e-03 3.540142e-02
874 3.112700e-04 9.090618e-03
875 3.308347e-05 2.698318e-03
876 4.640585e-07 1.055713e-03
877 5.300140e-05 8.064052e-03
878 2.273024e-03 6.783225e-02
879 1.966523e-04 1.038991e-02
880 4.818256e-05 6.280809e-03
881 9.539497e-06 1.980097e-03
882 5.182065e-04 2.286258e-02
883 2.075511e-03 2.670869e-02
884 3.794749e-04 2.146822e-02
885 1.284763e-04 2.268293e-02
886 5.658481e-05 6.078835e-03
887 1.008387e-04 8.841610e-03
888 1.322710e-04 7.800831e-03
889 3.888139e-04 1.313008e-02
890 1.061930e-04 1.384472e-02
891 1.514821e-03 7.039389e-02
892 7.888260e-06 2.593105e-03
893 1.258495e-04 2.284242e-02
894 1.710623e-05 4.587029e-03
895 1.685891e-04 9.992317e-03
896 4.568038e-04 4.608872e-02
897 3.040514e-04 1.815368e-02
898 3.751050e-05 3.986968e-03
899 2.575474e-05 1.170811e-02
900 1.224621e-04 8.556763e-03
901 1.495781e-04 1.412289e-02
902 5.325328e-06 1.840938e-03
903 2.580204e-04 9.046692e-03
904 9.344609e-05 1.983594e-02
905 3.928777e-05 4.837574e-03
906 2.774669e-05 6.640354e-03
907 7.083233e-06 1.628753e-03
908 5.247589e-06 8.495187e-03
909 2.615869e-04 8.711211e-03
910 8.341147e-05 5.094647e-03
911 1.945104e-04 1.150375e-02
912 2.041320e-05 8.763449e-03
913 1.999422e-05 2.834493e-03
914 1.152083e-05 7.021962e-03
915 1.365332e-04 8.580456e-03
916 8.574374e-06 2.676190e-03
917 4.160610e-06 2.286258e-03
918 6.316018e-06 2.397230e-03
919 1.181568e-03 4.119428e-02
920 7.525315e-06 6.249113e-03
921 9.643055e-06 2.020458e-03
922 9.560886e-05 9.445977e-03
923 6.078654e-06 4.939498e-03
924 3.579436e-04 3.551593e-02
925 3.327752e-04 1.787179e-02
926 3.326342e-04 1.359888e-02
927 2.015243e-04 3.788368e-02
928 1.751510e-04 3.123914e-02
929 2.995163e-04 1.588481e-02
930 1.287479e-04 2.256065e-02
931 3.324229e-05 8.433966e-03
932 6.157175e-05 1.099509e-02
933 1.749332e-05 2.601490e-03
934 1.683248e-05 4.222976e-03
935 1.004230e-05 2.926330e-03
936 2.736317e-04 1.174789e-02
937 7.473593e-06 5.392793e-03
938 6.063510e-06 1.764394e-03
939 4.542406e-05 4.839478e-03
940 4.032323e-04 3.722704e-02
941 2.556427e-05 2.092276e-03
942 8.301544e-04 1.900075e-02
943 8.960117e-05 1.490055e-02
944 1.396890e-06 1.926015e-03
945 7.157273e-05 4.784882e-03
946 3.853914e-06 2.003891e-03
947 5.195873e-05 1.365503e-02
948 4.363630e-07 1.465579e-03
949 9.251109e-05 1.146485e-02
950 9.111773e-04 3.107265e-02
951 2.602786e-04 1.979823e-02
952 4.200126e-04 1.681294e-02
953 4.010281e-06 2.364999e-03
954 1.416040e-04 1.938621e-02
955 3.370565e-05 2.906018e-03
956 6.937584e-05 3.303250e-03
957 1.448716e-04 8.747850e-03
958 1.202775e-04 5.688676e-03
959 1.527761e-04 1.051113e-02
960 2.441777e-06 2.336593e-03
961 8.215750e-05 7.440038e-03
962 3.865634e-05 9.960039e-03
963 9.433844e-06 2.849577e-03
964 1.268952e-05 1.484427e-03
965 1.104618e-04 4.411957e-03
966 3.521016e-05 3.133528e-03
967 6.720541e-05 4.130660e-03
968 1.217329e-04 3.509897e-03
969 2.697032e-04 6.763503e-03
970 1.726849e-04 5.658672e-03
971 3.189260e-05 5.145114e-03
972 4.624077e-04 1.290802e-02
973 1.255045e-04 3.386118e-03
974 5.304468e-05 2.763729e-03
975 5.399072e-04 1.119596e-02
976 5.454776e-04 1.018594e-02
977 3.779318e-05 3.332192e-03
978 4.605588e-04 8.965200e-03
979 2.525514e-05 1.943047e-03
980 2.016097e-04 7.691365e-03
981 6.206505e-05 7.795063e-03
982 3.580973e-06 1.188634e-03
983 1.682509e-05 2.740662e-03
984 1.802413e-04 9.772354e-03
985 6.368282e-04 3.890256e-02
986 9.864370e-04 4.253343e-02
987 2.691365e-05 5.346611e-03
988 4.989729e-06 1.863816e-03
989 3.821717e-05 5.473819e-03
990 6.165811e-06 1.796383e-03
991 1.911526e-03 4.712881e-02
992 3.285308e-05 3.367467e-03
993 1.837923e-05 7.737651e-03
994 1.082428e-06 1.324179e-03
995 8.983532e-05 1.175823e-02
996 1.155523e-03 3.485084e-02
997 1.793352e-05 4.812827e-03
998 1.002660e-05 2.405074e-03
999 9.078342e-05 8.366772e-03
1000 1.082428e-06 1.324179e-03
1001 3.055760e-05 7.598560e-03
1002 3.487457e-04 3.327182e-02
1003 6.411710e-05 5.781479e-03
1004 7.153239e-04 2.048828e-02
1005 1.845941e-05 1.305973e-03
1006 1.239203e-03 3.172033e-02
1007 1.176149e-05 2.442417e-03
1008 4.235248e-05 4.069792e-03
1009 8.225672e-06 1.625440e-03
1010 5.785042e-05 5.338465e-03
1011 7.248398e-05 1.468457e-02
1012 5.421562e-04 6.874303e-02
1013 7.434322e-05 7.690504e-03
1014 3.493950e-05 3.952147e-03
1015 3.180555e-04 1.766482e-02
1016 6.067456e-05 3.744541e-03
1017 1.515809e-04 4.098659e-03
1018 5.677608e-04 3.733021e-02
1019 3.389805e-06 1.754190e-03
1020 3.814125e-05 1.007816e-02
1021 1.470818e-04 8.649515e-03
1022 2.638487e-06 1.345186e-03
1023 1.291296e-04 9.661596e-03
1024 1.255765e-04 4.205487e-03
1025 4.478171e-06 1.453527e-03
1026 5.540893e-06 1.849280e-03
1027 2.427852e-05 6.182256e-03
1028 4.689391e-04 6.627891e-02
1029 2.648855e-05 3.009863e-03
1030 3.835440e-06 2.359693e-03
1031 7.214407e-05 5.901077e-03
1032 1.596481e-03 5.470739e-02
1033 1.150101e-05 1.355141e-03
1034 1.028636e-04 9.306532e-03
1035 1.800514e-04 6.330225e-03
1036 1.957350e-04 1.369677e-02
1037 3.147082e-06 2.936528e-03
1038 1.170856e-05 2.347088e-03
1039 3.181047e-05 3.950761e-03
1040 1.118396e-05 2.650498e-03
1041 1.400758e-03 2.605157e-02
1042 5.091845e-05 3.172606e-03
1043 2.323192e-06 1.176739e-03
1044 9.033569e-06 2.369244e-03
1045 5.967869e-06 2.066439e-03
1046 4.299010e-07 1.267290e-03
1047 2.393360e-06 1.156370e-03
1048 1.904258e-05 4.033157e-03
1049 1.403050e-06 1.103759e-03
1050 2.209166e-03 7.649600e-02
1051 1.044192e-04 2.326499e-02
1052 7.334623e-06 1.666841e-03
1053 2.476621e-05 4.687490e-03
1054 8.280090e-06 1.582601e-03
1055 1.403050e-06 1.103759e-03
1056 3.340243e-05 4.110394e-03
1057 9.913706e-05 5.644147e-03
1058 1.305409e-05 1.318569e-03
1059 2.094238e-04 1.019082e-02
1060 9.428574e-06 1.182241e-03
1061 2.609719e-05 1.394640e-03
1062 1.403050e-06 1.103759e-03
1063 1.246049e-04 1.898854e-02
1064 2.418929e-04 9.563173e-03
1065 2.118778e-06 1.732976e-03
1066 5.981493e-06 1.049093e-03
1067 2.506302e-04 7.051987e-03
1068 1.173788e-05 1.340633e-03
1069 2.317083e-05 1.723920e-03
1070 1.403050e-06 1.103759e-03
1071 7.136461e-06 1.336031e-03
1072 2.286322e-05 2.051365e-03
1073 9.011751e-06 1.187151e-03
1074 5.496135e-06 1.711181e-03
1075 2.946271e-05 3.142694e-03
1076 1.476498e-05 2.494580e-03
1077 1.946078e-05 3.394621e-03
1078 6.652785e-05 5.055428e-03
1079 3.951720e-05 2.438525e-03
1080 4.395744e-04 1.567986e-02
1081 4.332609e-04 1.497970e-02
1082 2.340317e-05 2.586721e-03
1083 6.261773e-06 2.046265e-03
1084 2.365025e-06 1.118431e-03
1085 1.066321e-05 1.318825e-03
1086 2.437564e-05 2.332245e-03
1087 2.695626e-06 1.245150e-03
1088 1.499564e-05 2.013589e-03
1089 2.511023e-06 1.194525e-03
1090 3.633582e-06 1.115652e-03
1091 6.438610e-06 1.273353e-03
1092 1.109058e-05 1.388368e-03
1093 1.756834e-04 8.904939e-03
1094 7.104824e-05 5.714329e-03
1095 5.170161e-06 1.898738e-03
1096 2.043697e-04 9.007817e-03
1097 2.266441e-04 2.393790e-02
1098 1.842151e-05 7.053792e-03
1099 2.860557e-05 2.988953e-03
1100 1.329337e-06 1.077345e-03
1101 2.250908e-04 1.248574e-02
1102 8.236199e-05 8.977900e-03
1103 1.571237e-05 2.911794e-03
1104 1.579472e-04 1.425324e-02
1105 5.629052e-06 1.957717e-03
1106 3.231729e-04 1.307022e-02
1107 1.534300e-05 2.182097e-03
1108 3.345537e-05 5.420306e-03
1109 3.163100e-06 1.753955e-03
1110 5.691784e-05 6.417997e-03
1111 5.687663e-06 1.732032e-03
1112 3.417155e-06 1.726287e-03
1113 9.424050e-05 1.011217e-02
1114 5.723196e-05 5.028685e-03
1115 2.971402e-04 1.179189e-02
1116 3.284549e-06 1.939224e-03
1117 3.973080e-04 1.411137e-02
1118 2.515092e-05 3.957683e-03
1119 2.817559e-04 1.775352e-02
1120 6.259991e-04 1.580504e-02
1121 2.663111e-05 3.217262e-03
1122 8.630513e-05 9.474375e-03
1123 1.414456e-05 2.659615e-03
1124 8.078069e-05 1.132505e-02
1125 1.352850e-05 3.014521e-03
1126 2.795552e-05 5.905891e-03
1127 3.805666e-06 4.011100e-03
1128 5.487572e-04 2.786876e-02
1129 3.741586e-05 3.051323e-03
1130 7.649575e-05 8.960931e-03
1131 4.600968e-04 1.756589e-02
1132 3.708254e-05 3.688868e-03
1133 1.175217e-05 1.728223e-03
1134 7.202242e-05 5.193710e-03
1135 3.202824e-05 4.575376e-03
1136 1.114869e-04 7.272683e-03
1137 1.397658e-04 1.283830e-02
1138 1.770093e-06 1.834273e-03
1139 3.070039e-05 3.017371e-03
1140 2.310357e-06 2.094635e-03
1141 3.432707e-05 3.720446e-03
1142 2.359262e-04 8.198082e-03
1143 4.072847e-04 3.734293e-02
1144 6.410886e-05 5.145274e-03
1145 5.030466e-04 1.441151e-02
1146 7.974534e-04 4.000046e-02
1147 4.454028e-04 1.906493e-02
1148 2.410639e-06 2.296721e-03
1149 3.100652e-04 1.540973e-02
1150 1.070026e-05 2.103999e-03
1151 6.796132e-05 7.404276e-03
1152 2.295733e-04 1.345575e-02
1153 2.083620e-05 4.771380e-03
1154 4.767780e-06 1.763342e-03
1155 1.193935e-03 1.774933e-02
1156 3.341867e-05 1.773779e-03
1157 1.115220e-04 9.178999e-03
1158 2.966715e-05 3.437882e-03
1159 1.877805e-06 1.477764e-03
1160 1.018191e-05 2.319570e-03
1161 1.194658e-04 9.700979e-03
1162 9.377582e-04 3.365513e-02
1163 2.597685e-05 2.252619e-03
1164 4.758440e-04 2.916546e-02
1165 1.410296e-03 4.797176e-02
1166 7.936651e-05 3.521491e-03
1167 6.058701e-04 3.194264e-02
1168 6.823260e-05 7.192768e-03
1169 6.233655e-05 6.768290e-03
1170 3.964825e-05 5.003798e-03
1171 6.837149e-05 7.712707e-03
1172 8.288388e-04 3.112288e-02
1173 7.934316e-07 1.082783e-03
1174 1.345851e-03 2.685138e-02
1175 2.236923e-04 5.522922e-03
1176 4.646764e-06 1.570177e-03
1177 1.814857e-04 1.722546e-02
1178 8.800813e-04 4.300649e-02
1179 2.915221e-04 8.105418e-03
1180 5.331840e-05 5.042016e-03
1181 2.717571e-06 1.252666e-03
1182 2.751941e-05 6.577090e-03
1183 1.847584e-04 8.620682e-03
1184 2.062194e-04 9.720644e-03
1185 9.908923e-05 8.883007e-03
1186 1.606160e-04 1.108939e-02
1187 3.624069e-05 2.214351e-03
1188 5.064819e-06 1.750867e-03
1189 1.747280e-05 1.878665e-03
1190 2.095499e-06 1.955729e-03
1191 6.299062e-06 2.065738e-03
1192 1.661332e-03 6.131354e-02
1193 1.119338e-05 3.027826e-03
1194 3.181864e-04 1.296676e-02
1195 5.691746e-04 1.286705e-02
1196 1.257464e-05 4.346994e-03
1197 1.064387e-05 2.674083e-03
1198 1.160724e-05 1.369659e-03
1199 1.768217e-04 1.356802e-02
1200 3.125209e-04 1.559485e-02
1201 1.343062e-06 1.105823e-03
1202 4.179879e-05 4.799512e-03
1203 2.838455e-04 1.682074e-02
1204 3.541463e-05 3.345092e-03
1205 1.488869e-06 1.919905e-03
1206 7.153508e-04 2.965245e-02
1207 9.339046e-06 2.823211e-03
1208 1.691913e-05 2.963675e-03
1209 6.245212e-04 2.070622e-02
1210 1.016183e-04 4.114073e-03
1211 1.213245e-04 8.733738e-03
1212 1.060544e-05 2.385954e-03
1213 7.583398e-05 3.855000e-03
1214 5.066291e-05 1.681885e-03
1215 6.696888e-06 2.029457e-03
1216 4.214282e-06 2.073702e-03
1217 2.106663e-04 2.132446e-02
1218 5.567134e-05 3.213232e-03
1219 4.746298e-05 2.623865e-03
1220 1.018201e-04 1.414122e-02
1221 1.090512e-04 1.239830e-02
1222 1.877065e-04 1.793752e-02
1223 1.736837e-04 1.282186e-02
1224 3.402782e-05 7.166805e-03
1225 1.465676e-05 1.751607e-03
1226 4.110258e-06 1.326974e-03
1227 2.960044e-05 3.427850e-03
1228 9.362243e-05 5.277094e-03
1229 2.180805e-04 7.605729e-03
1230 6.332224e-05 4.795230e-03
1231 3.051256e-04 2.120908e-02
1232 3.523813e-05 4.957065e-03
1233 1.405979e-04 6.421567e-03
1234 1.275071e-05 7.346292e-03
1235 7.242185e-04 3.220061e-02
1236 2.991029e-05 3.981495e-03
1237 1.155266e-03 7.475896e-02
1238 5.306803e-05 8.457502e-03
1239 3.707356e-05 4.607768e-03
1240 2.648593e-05 2.533832e-03
1241 6.074805e-06 1.884034e-03
1242 8.938042e-04 6.177243e-02
1243 1.623526e-04 1.104630e-02
1244 9.748656e-06 2.680077e-03
1245 3.530158e-05 3.786192e-03
1246 3.449175e-06 1.878593e-03
1247 1.014494e-05 3.067874e-03
1248 2.023659e-04 1.759553e-02
1249 1.188486e-04 8.420720e-03
1250 2.340701e-05 5.602448e-03
1251 2.546802e-04 6.304755e-03
1252 3.320884e-05 3.297038e-03
1253 1.702856e-03 6.461255e-02
1254 6.020492e-05 4.529188e-03
1255 1.100884e-04 6.297417e-03
1256 1.190265e-05 1.551814e-03
1257 9.219732e-04 3.107266e-02
1258 1.643108e-05 3.678497e-03
1259 1.328650e-04 1.108880e-02
1260 8.976311e-04 4.414876e-02
1261 4.444952e-05 3.185842e-03
1262 9.487987e-05 6.481277e-03
1263 2.548623e-04 2.458297e-02
1264 3.780002e-04 1.524786e-02
1265 6.741451e-05 7.086885e-03
1266 3.135127e-04 2.389588e-02
1267 2.286644e-04 1.074557e-02
1268 2.832815e-05 8.260798e-03
1269 5.253521e-05 7.131973e-03
1270 4.079752e-03 3.640279e-02
1271 2.007547e-04 1.174407e-02
1272 1.571646e-06 1.219223e-03
1273 2.222859e-04 1.058484e-02
1274 1.617625e-04 1.410794e-02
1275 2.661915e-04 1.081863e-02
1276 3.131560e-04 1.249699e-02
1277 1.165460e-03 1.897766e-02
1278 8.605444e-04 2.109996e-02
1279 9.637502e-06 1.916417e-03
1280 7.016865e-04 4.086113e-02
1281 4.653794e-05 3.144223e-03
1282 8.263001e-05 4.386457e-03
1283 4.799388e-05 1.433063e-02
1284 3.586184e-05 1.866515e-03
1285 3.306315e-04 9.535629e-03
1286 8.209619e-06 2.903292e-03
1287 7.436659e-05 5.850252e-03
1288 1.805275e-04 5.110740e-03
1289 4.840688e-05 5.679780e-03
1290 6.603247e-05 2.053695e-02
1291 2.694252e-05 3.633589e-03
1292 1.401717e-03 9.662276e-02
1293 1.077244e-05 3.004490e-03
1294 5.109945e-05 4.182448e-03
1295 1.276517e-05 2.616530e-03
1296 1.205297e-04 9.394462e-03
1297 8.997630e-04 2.446509e-02
1298 2.350361e-05 8.605496e-03
1299 3.484468e-05 2.109685e-03
1300 3.722231e-05 2.000437e-03
1301 1.057581e-05 2.800756e-03
1302 2.806225e-04 1.323302e-02
1303 1.916011e-05 5.793613e-03
1304 3.760068e-05 4.523836e-03
1305 5.023506e-05 1.165016e-02
1306 5.651244e-05 2.202174e-03
1307 5.970827e-05 3.325249e-03
1308 1.178871e-05 2.219202e-03
1309 2.949086e-04 2.249950e-02
1310 1.888207e-06 1.343898e-03
1311 2.599754e-03 5.283300e-02
1312 6.141403e-04 4.259076e-02
1313 6.857748e-06 1.511621e-03
1314 2.325400e-05 3.965086e-03
1315 5.875292e-06 2.142213e-03
1316 1.250714e-05 1.573315e-03
1317 2.878546e-06 1.246632e-03
1318 1.481992e-04 2.513887e-02
1319 1.551859e-03 4.202572e-02
1320 1.410190e-05 3.179898e-03
1321 1.422901e-04 8.915389e-03
1322 1.355757e-06 1.107631e-03
1323 1.250714e-05 1.573315e-03
1324 9.337604e-05 6.575122e-03
1325 5.218112e-05 8.164952e-03
1326 2.315791e-05 3.741857e-03
1327 2.785656e-04 1.125925e-02
1328 1.313553e-05 1.925174e-03
1329 4.597456e-05 5.047400e-03
1330 4.378905e-05 5.421556e-03
1331 1.473775e-05 1.819395e-03
1332 4.732789e-06 1.297500e-03
1333 1.020524e-04 2.722924e-03
1334 1.200804e-04 4.356137e-03
1335 1.503928e-04 8.086225e-03
1336 1.228516e-05 2.781302e-03
1337 2.010035e-05 2.693542e-03
1338 4.845029e-05 2.745478e-03
1339 1.593622e-04 6.833388e-03
1340 3.771226e-05 3.886051e-03
1341 1.224321e-03 2.135824e-02
1342 1.250714e-05 1.573315e-03
1343 1.228171e-05 1.594765e-03
1344 1.267574e-05 2.945075e-03
1345 4.201319e-05 1.147416e-02
1346 2.361316e-04 4.651305e-03
1347 4.949076e-06 1.267893e-03
1348 2.899297e-05 6.037120e-03
1349 8.370482e-04 6.593478e-02
1350 1.140463e-04 3.887317e-03
1351 2.976830e-05 3.693499e-03
1352 6.077716e-05 5.517860e-03
1353 1.109399e-04 6.469090e-03
1354 2.537050e-05 3.978670e-03
1355 6.492103e-05 4.310423e-03
1356 1.280321e-04 8.874323e-03
1357 5.220005e-05 4.661722e-03
1358 4.317229e-05 3.012594e-03
1359 1.362105e-05 1.755236e-03
1360 2.962428e-05 3.019286e-03
1361 3.662155e-05 4.077008e-03
1362 1.302753e-04 4.311455e-03
1363 3.051902e-05 4.119465e-03
1364 2.728914e-04 1.006571e-02
1365 1.632361e-05 3.962212e-03
1366 1.952196e-05 3.489808e-03
1367 1.126234e-05 1.429703e-03
1368 3.238092e-04 2.170350e-02
1369 1.043583e-06 2.429849e-03
1370 2.908677e-06 1.504277e-03
1371 8.845405e-05 9.299744e-03
1372 1.106328e-05 3.581518e-03
1373 3.599563e-05 2.213607e-03
1374 1.865060e-05 2.604602e-03
1375 9.582604e-05 4.188258e-03
1376 1.788406e-03 1.556826e-01
1377 4.611662e-05 5.955910e-03
1378 4.035705e-06 1.251422e-03
1379 1.961604e-05 1.466128e-03
1380 1.363015e-03 4.461164e-02
1381 1.228516e-05 2.781302e-03
1382 3.890364e-06 1.126559e-03
1383 1.279310e-04 1.149671e-02
1384 1.508941e-05 3.834786e-03
1385 1.508941e-05 3.834786e-03
1386 2.490742e-05 4.102770e-03
1387 2.203936e-05 4.062032e-03
1388 3.865971e-05 2.134978e-03
1389 3.023089e-05 2.337131e-03
1390 2.309158e-05 1.493694e-03
1391 4.213747e-05 4.743105e-03
1392 1.166342e-05 1.430711e-03
1393 5.664486e-05 6.503835e-03
1394 2.618370e-05 4.977923e-03
1395 7.587700e-04 1.499485e-02
1396 1.533236e-04 1.505658e-02
1397 7.000622e-06 2.518746e-03
1398 7.283212e-05 1.211446e-02
1399 1.413934e-04 1.305557e-02
1400 8.153776e-06 3.810505e-03
1401 7.931065e-04 3.122494e-02
1402 3.731357e-05 2.244538e-03
1403 1.266481e-05 3.644079e-03
1404 1.727947e-05 1.725435e-03
1405 7.663635e-06 3.632685e-03
1406 4.917116e-05 7.347882e-03
1407 3.678847e-05 2.034376e-03
1408 1.107949e-03 6.353033e-02
1409 3.826912e-04 3.423205e-02
1410 1.593564e-04 6.668881e-03
1411 7.209065e-05 2.919005e-03
1412 3.644493e-05 3.669929e-03
1413 1.372680e-06 1.122380e-03
1414 1.328004e-05 2.010529e-03
1415 5.164479e-05 2.235143e-03
1416 1.003010e-05 2.661121e-03
1417 1.966830e-05 1.625448e-03
1418 2.190870e-05 3.736467e-03
1419 2.386447e-05 2.893470e-03
1420 9.790824e-05 5.765664e-03
1421 1.036643e-04 4.518939e-03
1422 1.457025e-04 5.563206e-03
1423 2.844521e-05 2.786675e-03
1424 7.213328e-05 2.560121e-03
1425 7.213328e-05 2.560121e-03
1426 7.213328e-05 2.560121e-03
1427 4.334958e-05 2.372460e-03
1428 5.619328e-05 3.588919e-03
1429 5.732640e-05 4.721948e-03
1430 2.176621e-04 1.601584e-02
1431 1.474740e-04 1.849631e-02
1432 9.247987e-05 1.397978e-02
1433 5.969873e-05 4.810223e-03
1434 2.338588e-05 2.163535e-03
1435 8.988507e-05 1.993604e-03
1436 1.794667e-05 3.174287e-03
1437 8.306348e-06 1.781608e-03
1438 1.311588e-04 3.645800e-03
1439 1.919658e-03 3.334800e-02
1440 5.856282e-06 2.517933e-03
1441 4.836202e-06 1.574514e-03
1442 2.259696e-05 4.128605e-03
1443 1.395314e-05 3.578920e-03
1444 2.499960e-05 2.774175e-03
1445 5.405671e-05 4.717789e-03
1446 1.482174e-05 2.018895e-03
1447 3.090654e-03 1.025624e-01
1448 5.684857e-06 1.700465e-03
1449 7.755865e-06 2.761627e-03
1450 5.645147e-05 5.283588e-03
1451 1.363930e-04 7.283486e-03
1452 5.468795e-04 1.338802e-02
1453 8.981082e-06 2.854206e-03
1454 3.855500e-05 2.110481e-03
1455 7.991713e-05 3.319375e-03
1456 7.058403e-06 1.320428e-03
1457 5.743982e-06 1.788024e-03
1458 1.387268e-05 1.967848e-03
1459 6.358625e-05 2.483536e-03
1460 1.348342e-04 9.177678e-03
1461 1.173788e-05 1.340633e-03
1462 7.136461e-06 1.336031e-03
1463 4.420185e-06 1.328081e-03
1464 9.477224e-06 1.749435e-03
1465 4.043275e-06 1.273310e-03
1466 1.648993e-04 1.149126e-02
1467 4.571288e-05 3.249594e-03
1468 5.720325e-05 4.344690e-03
1469 6.624206e-05 6.910348e-03
1470 1.537330e-05 3.438310e-03
1471 5.290904e-05 6.095473e-03
1472 3.913671e-05 4.872211e-03
1473 3.020922e-05 2.566929e-03
1474 6.748565e-05 1.228770e-02
1475 4.971397e-06 1.663581e-03
1476 1.440049e-04 1.082546e-02
1477 1.322446e-06 1.721145e-03
1478 1.334897e-04 8.717411e-03
1479 2.241505e-05 8.379426e-03
1480 7.287267e-04 2.016088e-02
1481 1.406989e-04 2.056011e-02
1482 9.739369e-05 9.327280e-03
1483 6.835377e-06 2.594091e-03
1484 2.160522e-04 3.887135e-02
1485 1.775355e-04 1.676188e-02
1486 2.239010e-04 2.452483e-02
1487 3.894437e-06 1.829891e-03
1488 2.979418e-04 7.075526e-03
1489 4.555307e-06 1.254522e-03
1490 1.776227e-05 2.531303e-03
1491 1.358880e-04 3.197579e-02
1492 1.917207e-05 6.084068e-03
1493 1.732579e-04 6.324561e-03
1494 1.192460e-05 2.640708e-03
1495 3.926418e-05 4.510291e-03
1496 3.115653e-05 3.325061e-03
1497 7.962700e-04 3.161311e-02
1498 1.731091e-05 4.598809e-03
1499 7.264233e-06 2.739854e-03
1500 2.724228e-05 3.100076e-03
1501 8.453233e-06 4.548598e-03
1502 3.202259e-04 1.440451e-02
1503 8.633508e-04 3.062663e-02
1504 8.109125e-05 6.951220e-03
1505 5.777355e-05 3.893325e-03
1506 3.145404e-05 3.037912e-03
1507 8.795332e-05 4.515538e-03
1508 8.460176e-04 2.644680e-02
1509 4.563198e-05 2.852184e-03
1510 5.682841e-05 5.379530e-03
1511 2.220201e-05 3.604261e-03
1512 7.991450e-05 4.444222e-03
1513 5.716652e-05 4.975938e-03
1514 3.823534e-05 5.125379e-03
1515 8.099143e-04 3.030280e-02
1516 8.746383e-05 8.928767e-03
1517 8.199200e-04 2.409546e-02
1518 3.017530e-05 4.419528e-03
1519 8.524060e-05 7.610869e-03
1520 1.375460e-05 1.561004e-03
1521 7.195343e-05 5.595309e-03
1522 8.223461e-05 8.121576e-03
1523 8.895371e-05 4.965821e-03
1524 6.248407e-05 8.802187e-03
1525 1.198741e-04 1.270249e-02
1526 5.933941e-05 9.781856e-03
1527 8.966207e-05 9.010577e-03
1528 7.263646e-05 5.756204e-03
1529 3.816961e-05 3.788414e-03
1530 7.022054e-05 1.168574e-02
1531 4.916777e-05 6.135397e-03
1532 1.508941e-05 3.834786e-03
1533 3.015818e-05 4.616680e-03
1534 4.793596e-05 5.739215e-03
1535 7.136461e-06 1.336031e-03
1536 2.314507e-05 2.057235e-03
1537 1.910429e-05 2.871991e-03
1538 3.203950e-05 3.108539e-03
1539 1.866710e-05 1.544164e-03
1540 7.054545e-05 6.206600e-03
1541 1.025000e-03 3.910926e-02
1542 7.697273e-04 3.506058e-02
1543 1.098762e-03 5.470412e-02
1544 7.398693e-05 5.447072e-03
1545 2.992555e-04 1.112334e-02
1546 4.602914e-05 3.223201e-03
1547 5.423910e-04 2.554601e-02
1548 1.241770e-04 6.245613e-03
1549 1.210913e-05 2.995682e-03
1550 3.318536e-06 4.257326e-03
1551 1.168878e-05 2.921607e-03
1552 9.096037e-04 3.013181e-02
1553 6.247441e-03 9.445949e-02
1554 7.252053e-05 7.050216e-03
1555 7.619492e-04 3.153683e-02
1556 5.318943e-05 8.672411e-03
1557 5.529965e-04 2.902171e-02
1558 1.501639e-04 9.688039e-03
1559 7.046076e-05 7.233415e-03
1560 3.388832e-04 1.566603e-02
1561 4.852633e-04 3.694694e-02
1562 5.169904e-06 5.564190e-03
1563 1.893652e-05 8.801835e-03
1564 3.955415e-04 2.947686e-02
1565 5.000705e-05 1.137755e-02
1566 1.644519e-05 4.878532e-03
1567 3.643113e-03 8.475835e-02
1568 9.463453e-05 1.151262e-02
1569 3.322972e-05 3.558942e-03
1570 8.995840e-04 1.849020e-02
1571 5.353129e-06 1.729658e-03
1572 4.682462e-05 2.364105e-03
1573 2.968768e-03 4.379083e-02
1574 2.805883e-05 7.037815e-03
1575 2.493180e-04 1.388278e-02
1576 1.942160e-04 1.103625e-02
1577 4.779045e-04 5.125255e-02
1578 1.546063e-04 6.765208e-03
1579 1.401227e-05 3.559746e-03
1580 3.381987e-03 5.775669e-02
1581 2.590137e-04 5.634461e-03
1582 5.190569e-06 2.864376e-03
1583 5.863272e-04 1.799467e-02
1584 4.612366e-05 6.991056e-03
1585 5.904457e-04 3.570483e-02
1586 3.188857e-05 6.502507e-03
1587 5.059894e-06 1.902977e-03
1588 1.129178e-04 3.505007e-03
1589 1.510180e-06 2.862170e-03
1590 2.185994e-05 2.714388e-03
1591 1.595974e-05 4.050941e-03
1592 2.872586e-05 2.864722e-03
1593 2.993542e-05 2.311370e-03
1594 6.635155e-05 7.898152e-03
1595 1.435715e-05 2.551433e-03
1596 2.015018e-04 2.195267e-02
1597 4.717055e-05 5.436669e-03
1598 1.579082e-05 3.503829e-03
1599 1.488637e-03 4.650114e-02
1600 7.704939e-05 7.305119e-03
1601 1.500894e-05 2.608343e-03
1602 2.865428e-03 1.030545e-01
1603 3.061558e-05 6.714333e-03
1604 3.779208e-05 3.170783e-03
1605 1.839385e-05 1.643727e-03
1606 8.085362e-04 9.662003e-02
1607 2.260182e-04 8.847633e-03
1608 2.471455e-05 3.998258e-03
1609 2.283954e-04 1.830202e-02
1610 1.583971e-03 6.900607e-02
1611 5.913768e-05 9.209246e-03
1612 5.595760e-06 3.375189e-03
1613 6.037131e-07 1.195859e-03
1614 1.159868e-04 8.493050e-03
1615 1.807794e-03 5.300671e-02
1616 1.904018e-05 2.338387e-03
1617 4.733624e-06 3.276933e-03
1618 7.533240e-06 1.415288e-03
1619 1.075914e-04 1.715731e-02
1620 6.429258e-04 3.956217e-02
1621 9.320430e-04 7.957537e-02
1622 1.634583e-04 6.386716e-03
1623 3.422417e-04 3.686944e-02
1624 3.459624e-04 2.818872e-02
1625 1.073842e-05 3.861471e-03
1626 7.816731e-04 2.645710e-02
1627 9.860065e-05 8.978208e-03
1628 2.066498e-04 2.169347e-02
1629 3.503048e-04 3.666903e-02
1630 9.548897e-04 4.444867e-02
1631 2.871470e-04 3.115571e-02
1632 2.127453e-04 2.573682e-02
1633 4.875943e-06 2.883982e-03
1634 2.913980e-05 5.549808e-03
1635 1.639485e-06 1.105001e-03
1636 6.814396e-06 2.637358e-03
1637 3.386773e-06 1.522654e-03
1638 1.917969e-05 2.455452e-03
1639 1.325595e-06 1.799468e-03
1640 2.724547e-04 1.571602e-02
1641 3.050026e-04 9.590002e-03
1642 1.262841e-03 2.817276e-02
1643 4.989708e-04 1.275810e-02
1644 3.184786e-05 7.167802e-03
1645 3.283540e-05 3.674162e-03
1646 3.125837e-03 1.611264e-01
1647 1.653750e-04 6.538305e-03
1648 1.094399e-05 2.691528e-03
1649 1.006477e-03 7.197842e-02
1650 3.219730e-04 1.580181e-02
1651 8.612169e-06 3.499900e-03
1652 3.057520e-04 3.296726e-02
1653 9.016639e-04 4.630206e-02
1654 9.265159e-05 1.692376e-02
1655 4.439469e-04 3.435003e-02
1656 1.195753e-04 1.066970e-02
1657 7.150126e-05 8.234212e-03
1658 1.042973e-05 4.035325e-03
1659 1.642759e-04 7.160192e-03
1660 9.881263e-05 4.908295e-03
1661 1.402412e-04 4.463893e-03
1662 3.918669e-05 3.922681e-03
1663 1.859630e-04 2.890381e-02
1664 4.777795e-05 5.744815e-03
1665 1.087413e-05 4.282105e-03
1666 2.263237e-04 1.400577e-02
1667 2.862614e-04 1.936947e-02
1668 1.600766e-07 8.822902e-04
1669 6.058717e-05 9.287203e-03
1670 1.045016e-05 2.040489e-03
1671 4.410852e-05 8.391130e-03
1672 7.994995e-04 4.055534e-02
1673 4.248328e-05 1.092842e-02
1674 8.914348e-05 7.336465e-03
1675 6.380721e-05 5.026783e-03
1676 7.658640e-06 2.483512e-03
1677 1.313774e-05 6.572595e-03
1678 4.467970e-06 3.376358e-03
1679 1.706762e-06 1.350618e-03
1680 1.455365e-04 6.494681e-03
1681 1.454399e-04 1.393761e-02
1682 6.765002e-05 9.606195e-03
1683 6.068361e-06 1.349412e-03
1684 1.315320e-05 2.162938e-03
1685 3.215003e-05 7.987273e-03
1686 4.909623e-05 7.659050e-03
1687 8.795876e-05 1.938416e-02
1688 1.251629e-04 7.931096e-03
1689 1.429177e-04 6.897532e-03
1690 4.860320e-06 1.315002e-03
1691 3.826290e-06 1.554754e-03
1692 4.705330e-05 3.825937e-03
1693 9.376135e-05 8.489791e-03
1694 4.381081e-04 1.668563e-02
1695 9.917777e-06 1.452579e-03
1696 2.090327e-03 8.093854e-02
1697 1.007926e-04 5.414588e-03
1698 8.037829e-04 2.957382e-02
1699 1.978026e-03 7.573296e-02
1700 1.858226e-05 3.545669e-03
1701 3.150102e-04 1.596030e-02
1702 7.283650e-04 2.323929e-02
1703 8.328520e-04 2.518106e-02
1704 3.962965e-06 1.258343e-03
1705 1.192626e-05 1.458438e-03
1706 7.857837e-06 1.721062e-03
1707 2.386726e-04 1.218101e-02
1708 4.499000e-05 7.114371e-03
1709 3.512696e-05 8.830764e-03
1710 3.917263e-05 1.033423e-02
1711 2.724499e-04 1.060263e-02
1712 1.934971e-04 1.857389e-02
1713 1.124853e-05 6.252064e-03
1714 1.100001e-04 1.347752e-02
1715 2.766420e-05 5.155747e-03
1716 2.750558e-05 3.693509e-03
1717 1.411230e-04 1.006648e-02
1718 1.189305e-04 8.902477e-03
1719 2.374501e-05 6.239163e-03
1720 3.974484e-05 6.751063e-03
1721 1.937315e-04 2.395330e-02
1722 3.877416e-05 6.584910e-03
1723 8.926985e-04 6.182370e-02
1724 1.706704e-05 2.072624e-03
1725 7.098857e-05 8.461124e-03
1726 4.265690e-04 2.294770e-02
1727 1.936712e-04 9.730975e-03
1728 2.229130e-04 1.091142e-02
1729 5.010359e-06 3.211877e-03
1730 4.388410e-04 2.280514e-02
1731 1.799452e-05 4.684042e-03
1732 1.005330e-05 1.653329e-03
1733 5.498763e-07 1.005959e-03
1734 4.181147e-04 8.300481e-03
1735 2.731448e-04 8.099339e-03
1736 2.599094e-06 1.101302e-03
1737 1.623299e-04 7.056266e-03
1738 1.502293e-05 1.705222e-03
1739 4.500031e-05 8.153693e-03
1740 8.913412e-04 3.833899e-02
1741 1.143105e-05 4.050746e-03
1742 1.190934e-03 2.260326e-02
1743 2.675164e-04 1.727092e-02
1744 2.057264e-04 7.828837e-03
1745 7.266935e-05 6.192208e-03
1746 3.181369e-05 1.666609e-03
1747 2.272393e-05 6.046633e-03
1748 1.244654e-03 1.035562e-01
1749 4.994109e-05 6.565393e-03
1750 2.676722e-05 6.707491e-03
1751 3.361678e-05 5.428497e-03
1752 6.393259e-06 1.807379e-03
1753 3.854334e-04 1.040932e-02
1754 4.910206e-06 4.829620e-03
1755 3.180116e-05 3.494154e-03
1756 6.415693e-05 1.592791e-02
1757 5.836742e-05 1.220155e-02
1758 9.264943e-05 4.692294e-03
1759 1.270226e-05 3.678397e-03
1760 1.010832e-03 5.535816e-02
1761 1.619694e-05 6.220987e-03
1762 1.155196e-05 2.887492e-03
1763 5.531103e-05 9.899984e-03
1764 6.326333e-05 5.221812e-03
1765 1.655774e-04 1.313862e-02
1766 1.752299e-05 2.889236e-03
1767 5.128113e-05 3.439884e-03
1768 2.856719e-04 1.575614e-02
1769 1.614197e-04 5.871873e-03
1770 4.673495e-05 6.159609e-03
1771 3.999903e-05 6.434031e-03
1772 1.814043e-03 6.166392e-02
1773 4.548187e-04 5.482548e-02
1774 1.143991e-05 2.576019e-03
1775 1.507397e-05 2.405863e-03
1776 1.219380e-04 1.525696e-02
1777 3.342913e-05 3.969676e-03
1778 2.651631e-05 4.782794e-03
1779 5.941413e-05 1.004296e-02
1780 6.887555e-06 2.556225e-03
1781 1.595958e-06 1.261896e-03
1782 1.634283e-05 2.828413e-03
1783 5.099458e-05 5.811259e-03
1784 2.797250e-04 1.274074e-02
1785 1.588379e-05 2.515980e-03
1786 1.221894e-04 2.029294e-02
1787 1.905816e-04 1.764679e-02
1788 1.432194e-05 3.896282e-03
1789 1.957396e-04 2.585502e-02
1790 2.769335e-06 1.523845e-03
1791 2.594208e-05 2.650073e-03
1792 2.100873e-05 2.593112e-03
1793 2.068344e-05 8.734929e-03
1794 7.189142e-05 1.372494e-02
1795 4.881592e-06 1.545097e-03
1796 1.205918e-03 5.672201e-02
1797 1.772879e-04 1.154484e-02
1798 3.345075e-05 4.779807e-03
1799 3.042091e-06 2.014332e-03
1800 4.895826e-04 2.452471e-02
1801 1.000332e-05 2.077679e-03
1802 2.245990e-04 1.030813e-02
1803 3.081163e-06 1.833529e-03
1804 5.546486e-06 1.794994e-03
1805 1.536084e-05 1.083631e-02
1806 5.056541e-05 3.760026e-03
1807 2.948816e-06 1.315943e-03
1808 1.042887e-03 1.351624e-01
1809 4.765585e-05 6.015547e-03
1810 2.568929e-04 1.366012e-02
1811 6.118585e-05 5.972706e-03
1812 3.202947e-05 4.056406e-03
1813 3.129908e-05 6.996392e-03
1814 9.559269e-06 1.926334e-03
1815 1.081277e-04 1.507384e-02
1816 1.117042e-04 1.246367e-02
1817 1.097306e-05 2.722621e-03
1818 2.145576e-05 3.998371e-03
1819 2.700821e-06 2.056247e-03
1820 3.307805e-06 1.419399e-03
1821 6.979124e-06 3.248875e-03
1822 7.157570e-05 1.300648e-02
1823 5.928022e-04 1.778795e-02
1824 2.723990e-04 2.893404e-02
1825 4.314157e-04 2.501923e-02
1826 8.307209e-04 1.715597e-02
1827 2.052583e-04 1.123877e-02
1828 1.072910e-04 6.073735e-03
1829 1.809913e-05 6.927958e-03
1830 7.329022e-06 2.636310e-03
1831 9.841561e-06 1.442927e-03
1832 6.436615e-05 1.112143e-02
1833 6.483626e-05 2.683775e-03
1834 2.833238e-05 2.668889e-03
1835 1.858986e-05 3.089689e-03
1836 2.057120e-04 2.217667e-02
1837 2.719334e-04 1.655066e-02
1838 3.480862e-05 2.281119e-03
1839 2.033305e-04 2.033542e-02
1840 1.303731e-04 1.051200e-02
1841 4.398053e-04 1.490293e-02
1842 1.599669e-05 6.117740e-03
1843 2.860781e-05 5.139904e-03
1844 9.462429e-06 2.299381e-03
1845 1.506754e-04 8.053281e-03
1846 9.375582e-06 3.288171e-03
1847 2.717771e-04 2.543694e-02
1848 1.474942e-05 1.973078e-03
1849 1.614845e-04 1.031795e-02
1850 2.367826e-05 1.345471e-02
1851 2.101215e-04 3.059990e-02
1852 1.534349e-04 1.070019e-02
1853 1.275316e-04 8.540174e-03
1854 7.005530e-04 4.749728e-02
1855 1.509508e-04 2.324236e-02
1856 4.119715e-06 2.128098e-03
1857 6.150745e-06 4.316384e-03
1858 1.596475e-05 2.520401e-03
1859 1.118724e-05 2.688352e-03
1860 2.295731e-04 8.960684e-03
1861 3.350552e-05 6.680676e-03
1862 6.030367e-04 3.841046e-02
1863 9.737403e-06 2.463983e-03
1864 5.195478e-06 1.790287e-03
1865 4.848165e-05 8.848546e-03
1866 7.069696e-05 1.640582e-02
1867 2.654523e-06 2.509717e-03
1868 1.582426e-05 2.710920e-03
1869 1.582713e-03 4.993400e-02
1870 1.990151e-05 3.537774e-03
1871 5.351359e-05 9.414902e-03
1872 5.079467e-05 6.348267e-03
1873 8.116508e-06 1.626789e-03
1874 2.086407e-06 1.891998e-03
1875 4.530626e-04 1.398087e-02
1876 6.122082e-06 2.095683e-03
1877 2.274605e-05 2.077986e-03
1878 4.751137e-05 5.519715e-03
1879 5.312743e-05 9.297243e-03
1880 1.088616e-04 3.218995e-03
1881 1.140733e-03 3.080992e-02
1882 2.579144e-05 2.288525e-03
1883 6.868297e-05 8.059999e-03
1884 5.758718e-05 2.626339e-03
1885 2.832465e-05 4.283969e-03
1886 2.802422e-05 3.826113e-03
1887 3.606300e-05 6.562268e-03
1888 1.627465e-05 2.384623e-03
1889 2.293063e-06 1.124933e-03
1890 3.122580e-05 6.483983e-03
1891 7.319272e-04 5.231058e-02
1892 5.707763e-05 7.971807e-03
1893 3.143885e-04 1.419434e-02
1894 2.145872e-03 6.642063e-02
1895 4.402113e-04 1.987676e-02
1896 2.835955e-04 1.118368e-02
1897 1.461498e-05 3.316657e-03
1898 3.281583e-04 2.801657e-02
1899 7.654915e-05 4.735895e-03
1900 8.375222e-05 4.064335e-03
1901 6.204231e-06 2.302069e-03
1902 4.934456e-06 1.510932e-03
1903 7.329168e-05 6.214737e-03
1904 9.306835e-05 2.891956e-03
1905 9.708577e-06 2.080655e-03
1906 2.010973e-05 3.841093e-03
1907 2.080781e-05 3.239169e-03
1908 7.729168e-06 1.362050e-03
1909 2.729480e-05 2.738326e-03
1910 2.718018e-04 1.771819e-02
1911 8.571890e-05 4.959846e-03
1912 1.653006e-04 1.100815e-02
1913 2.430087e-05 2.743834e-03
1914 2.468642e-05 2.519531e-03
1915 4.616190e-05 6.586492e-03
1916 1.196623e-03 2.987476e-02
1917 2.372000e-03 7.062251e-02
1918 1.725620e-04 1.820110e-02
1919 8.125951e-05 7.452327e-03
1920 2.605942e-05 2.362821e-03
1921 1.781571e-06 1.257058e-03
1922 1.381585e-05 1.795275e-03
1923 5.292551e-06 1.542233e-03
1924 1.416170e-05 1.869352e-03
1925 8.234810e-06 1.503005e-03
1926 7.126180e-04 9.114096e-03
1927 1.089253e-04 5.984519e-03
1928 3.107956e-06 1.531659e-03
1929 2.930371e-05 3.478270e-03
1930 4.344076e-04 6.840669e-03
1931 3.406972e-05 7.863117e-03
1932 3.500056e-04 1.025375e-02
1933 6.071363e-05 9.241791e-03
1934 3.840782e-04 2.599250e-02
1935 3.454360e-04 8.646878e-03
1936 1.056894e-04 6.019257e-03
1937 1.852662e-05 2.980658e-03
1938 7.163459e-06 1.433419e-03
1939 6.995530e-04 2.986099e-02
1940 7.184550e-05 1.790934e-02
1941 1.719465e-04 5.594659e-03
1942 3.626909e-04 3.662082e-02
1943 2.452735e-04 1.777574e-02
1944 2.997760e-04 1.180454e-02
1945 1.529034e-04 7.503013e-03
1946 3.280826e-05 3.728808e-03
1947 6.005037e-06 1.655931e-03
1948 4.781610e-06 1.494960e-03
1949 7.705307e-04 5.626273e-02
1950 1.342415e-04 8.078363e-03
1951 3.102952e-04 1.554975e-02
1952 3.242960e-05 5.622075e-03
1953 3.423375e-04 1.017792e-02
1954 3.035821e-04 7.960777e-03
1955 3.694102e-05 3.931340e-03
1956 1.428146e-04 1.135672e-02
1957 4.177114e-05 4.860103e-03
1958 1.072521e-04 7.975967e-03
1959 1.270595e-04 1.788658e-02
1960 1.380994e-04 8.543158e-03
1961 2.505417e-04 1.767819e-02
1962 1.769753e-04 1.455257e-02
1963 6.614004e-04 1.577724e-02
1964 4.554699e-05 2.363496e-03
1965 2.903322e-04 7.479408e-03
1966 4.556885e-05 5.174222e-03
1967 5.602005e-04 3.331878e-02
1968 4.829055e-06 1.718685e-03
1969 1.137768e-04 1.161995e-02
1970 2.169304e-04 1.189021e-02
1971 1.777004e-03 2.716122e-02
1972 1.718832e-05 3.065554e-03
1973 5.454199e-04 1.571050e-02
1974 3.148008e-05 3.425488e-03
1975 8.183190e-04 3.346195e-02
1976 6.862024e-04 2.412610e-02
1977 9.083147e-05 3.203402e-03
1978 2.008197e-05 3.669799e-03
1979 3.046967e-04 2.491093e-02
1980 1.172213e-05 1.174020e-03
1981 1.196907e-04 1.248052e-02
1982 2.302383e-05 1.901735e-03
1983 1.407200e-05 1.860098e-03
1984 1.975661e-04 1.580179e-02
1985 5.300815e-05 3.812898e-03
1986 8.064465e-06 3.496587e-03
1987 1.508678e-04 1.765684e-02
1988 4.316854e-04 1.435485e-02
1989 4.424911e-06 1.204157e-03
1990 2.376541e-05 2.617482e-03
1991 1.066437e-05 4.587651e-03
1992 9.819408e-04 2.653903e-02
1993 8.111662e-07 1.126604e-03
1994 2.374867e-06 1.183486e-03
1995 4.138159e-04 9.618390e-03
1996 1.439096e-05 2.951792e-03
1997 1.192626e-05 1.458438e-03
1998 2.087060e-05 2.939747e-03
1999 6.007498e-05 3.798336e-03
2000 1.442205e-05 2.219799e-03
2001 5.924988e-06 2.390722e-03
