1 3.198743e-03 7.402556e-02
2 1.046878e-05 1.793042e-02
3 4.178061e-06 2.149530e-03
4 1.846499e-06 1.788650e-03
5 3.786089e-06 2.417090e-03
6 9.430467e-04 1.048894e-01
7 1.310935e-05 9.089068e-03
8 4.343207e-05 3.749373e-02
9 4.729500e-08 2.380745e-03
10 7.462605e-04 6.098185e-02
11 5.172020e-06 4.996695e-03
12 1.473991e-07 1.215269e-03
13 1.746418e-03 8.581248e-02
14 1.726927e-06 7.512368e-03
15 3.763439e-07 2.881132e-03
16 2.892102e-04 1.613987e-02
17 6.162774e-06 1.700229e-03
18 1.253625e-03 5.621864e-02
19 1.054710e-05 6.972664e-03
20 2.073074e-08 1.022177e-03
21 3.173586e-03 1.558873e-01
22 1.604216e-05 2.878490e-03
23 1.116791e-04 2.212620e-02
24 9.094834e-04 9.293088e-02
25 8.603457e-04 7.074767e-02
26 1.776427e-05 2.969039e-03
27 2.671581e-05 6.228854e-03
28 5.825178e-06 3.157026e-03
29 2.469777e-03 1.601525e-01
30 3.180355e-03 3.157673e-01
31 4.835362e-04 1.578738e-01
32 6.804194e-05 5.477824e-03
33 4.264986e-07 1.197280e-03
34 1.134426e-06 1.134154e-03
35 1.768502e-06 2.878135e-03
36 2.775366e-03 1.544472e-01
37 8.325388e-05 3.706374e-02
38 1.916842e-05 7.843191e-03
39 8.957582e-07 1.891483e-03
40 1.175510e-06 3.372176e-03
41 5.864680e-05 1.213921e-02
42 3.106089e-06 4.908740e-03
43 1.905523e-03 1.243823e-01
44 7.137894e-04 1.830507e-02
45 2.583313e-03 3.540472e-02
46 1.967021e-05 7.233708e-03
47 2.941830e-03 1.880717e-01
48 1.028686e-03 5.227496e-02
49 1.786378e-05 6.103996e-03
50 8.573551e-04 1.491686e-01
51 1.717600e-05 1.039913e-02
52 1.144833e-04 1.854408e-02
53 3.233547e-05 3.516925e-03
54 3.028334e-05 8.514599e-03
55 8.869119e-06 4.570142e-03
56 1.225324e-05 5.362748e-03
57 2.151238e-05 1.321180e-02
58 2.432162e-04 2.941520e-02
59 1.180005e-04 2.118011e-02
60 8.783807e-07 1.387464e-03
61 3.185077e-03 3.234157e-01
62 2.999601e-05 3.186191e-02
63 1.592925e-06 1.710383e-03
64 7.949253e-07 4.100000e-03
65 2.535597e-04 2.544976e-02
66 9.283300e-06 3.208664e-03
67 8.574589e-06 7.027306e-03
68 1.286621e-05 6.925763e-03
69 3.868717e-07 1.401742e-03
70 7.697597e-07 1.318398e-03
71 7.908826e-04 9.775649e-02
72 6.554437e-05 1.214884e-02
73 8.652482e-06 3.933713e-03
74 4.038307e-04 1.215987e-01
75 1.351347e-05 3.228086e-03
76 1.315309e-06 2.443875e-03
77 1.834462e-04 3.027445e-02
78 1.153481e-03 1.812122e-01
79 2.392387e-04 2.659899e-02
80 7.271398e-06 1.664380e-03
81 1.696134e-06 1.332284e-03
82 9.570452e-06 2.644676e-03
83 4.639967e-05 8.296387e-03
84 1.893493e-06 1.775073e-03
85 3.149414e-04 1.892521e-02
86 2.160250e-05 5.200110e-03
87 5.045602e-06 2.507623e-03
88 2.582652e-07 1.665610e-03
89 9.537462e-05 1.658957e-02
90 4.190352e-04 7.915209e-02
91 1.223522e-04 4.645979e-02
92 2.204844e-03 1.595540e-01
93 3.480842e-05 9.365803e-03
94 2.608324e-06 3.545837e-03
95 1.880261e-03 2.364148e-01
96 2.057942e-05 3.865014e-03
97 9.303411e-05 3.280866e-02
98 4.577763e-06 2.783747e-03
99 2.418370e-05 2.727701e-03
100 8.278032e-03 2.283860e-01
101 4.342070e-06 3.865384e-03
102 8.935225e-06 1.369484e-02
103 8.941296e-04 6.390375e-02
104 1.291246e-04 2.319122e-02
105 2.813570e-04 2.790810e-02
106 6.860440e-06 8.625165e-03
107 1.595665e-06 2.807138e-03
108 4.242837e-05 1.702724e-02
109 3.731731e-06 4.903469e-03
110 2.039730e-05 9.770558e-03
111 5.604556e-04 1.637715e-01
112 1.935710e-04 3.961399e-02
113 1.686597e-03 1.442655e-01
114 1.489240e-03 1.512607e-01
115 4.420908e-04 5.112189e-02
116 4.637537e-04 5.971123e-02
117 1.824378e-04 3.599534e-02
118 7.473774e-04 4.833194e-02
119 5.967841e-07 4.540418e-03
120 4.786157e-07 3.627655e-03
121 1.243163e-05 1.120247e-02
122 2.490171e-06 1.696181e-03
123 7.696289e-06 5.131873e-03
124 2.513258e-05 8.351232e-03
125 1.234701e-06 3.981472e-03
126 6.878830e-06 5.671616e-03
127 8.575837e-06 9.407467e-03
128 1.105177e-05 7.535692e-03
129 5.072471e-06 4.344771e-03
130 4.664608e-06 3.816191e-03
131 2.983169e-06 5.805375e-03
132 4.898784e-06 4.356972e-03
133 5.039980e-06 7.532791e-03
134 3.033636e-05 1.786045e-02
135 5.279238e-06 4.413357e-03
136 6.807012e-06 3.686253e-03
137 1.852182e-05 1.101319e-02
138 5.383588e-06 9.230315e-03
139 1.933293e-05 8.170950e-03
140 2.120551e-06 5.086263e-03
141 1.006792e-06 3.007465e-03
142 1.729374e-06 3.023549e-03
143 4.451788e-06 6.662955e-03
144 5.582819e-06 8.438881e-03
145 9.514082e-07 4.678249e-03
146 6.215625e-06 5.958987e-03
147 1.039105e-05 6.037594e-03
148 3.111869e-06 7.900697e-03
149 3.313455e-06 4.004703e-03
150 8.010182e-07 3.960157e-03
151 1.979851e-05 9.313580e-03
152 1.305644e-05 5.606502e-03
153 1.578698e-06 2.914313e-03
154 1.956638e-06 3.705101e-03
155 9.463439e-07 3.000566e-03
156 6.818434e-06 3.636710e-03
157 3.283974e-06 3.943147e-03
158 1.198147e-05 4.024291e-03
159 1.895932e-05 5.460103e-03
160 4.200835e-06 4.706640e-03
161 1.337439e-06 3.098541e-03
162 2.344956e-07 2.995187e-03
163 8.862517e-07 3.055302e-03
164 2.355466e-07 1.637375e-03
165 2.547317e-07 1.676845e-03
166 1.693518e-07 1.654298e-03
167 1.367445e-07 2.930076e-03
168 1.576197e-06 3.219167e-03
169 5.348340e-06 5.563767e-03
170 1.715053e-07 1.635448e-03
171 2.672353e-06 3.350239e-03
172 4.191575e-07 3.206438e-03
173 1.019073e-07 1.615038e-03
174 3.602936e-07 3.067454e-03
175 5.574094e-07 3.077258e-03
176 3.641803e-07 2.987511e-03
177 2.600084e-07 1.650919e-03
178 1.826272e-06 2.222423e-03
179 9.696948e-08 1.611714e-03
180 5.574094e-07 3.077258e-03
181 1.775314e-07 2.117132e-03
182 2.596469e-07 3.384886e-03
183 1.387616e-08 1.195864e-03
184 6.348316e-08 1.613140e-03
185 9.201771e-08 1.230555e-03
186 7.590816e-07 2.161674e-03
187 2.857021e-07 1.900587e-03
188 3.833659e-08 1.591394e-03
189 1.991665e-08 1.133167e-03
190 5.177194e-08 1.207109e-03
191 6.796005e-05 1.200559e-02
192 2.463989e-06 3.206046e-03
193 9.152234e-05 1.168315e-02
194 6.442751e-05 1.334743e-02
195 1.075826e-05 4.835965e-03
196 5.463885e-05 7.613890e-03
197 1.295935e-04 8.997191e-03
198 1.822635e-05 4.957227e-03
199 2.611215e-05 1.098431e-02
200 1.497485e-05 7.650759e-03
201 1.965080e-05 7.342183e-03
202 2.142640e-05 1.513330e-02
203 2.424107e-06 3.210012e-03
204 9.954977e-06 3.955817e-03
205 2.066116e-05 6.395543e-03
206 6.167508e-06 3.379005e-03
207 2.087699e-05 7.878077e-03
208 2.648788e-06 3.366995e-03
209 2.006244e-05 6.477023e-03
210 6.163964e-06 3.952026e-03
211 1.978546e-06 2.264637e-03
212 9.101072e-05 1.053443e-02
213 1.842465e-06 2.272500e-03
214 4.040071e-06 3.816456e-03
215 6.530430e-06 3.818752e-03
216 2.431925e-05 4.070503e-03
217 1.740621e-06 1.886671e-03
218 6.966330e-05 1.787307e-02
219 3.283944e-05 8.963716e-03
220 2.434248e-06 3.247754e-03
221 4.058858e-06 3.443148e-03
222 1.622327e-05 6.060502e-03
223 1.062234e-05 8.993426e-03
224 1.034093e-06 3.028271e-03
225 9.260375e-06 5.193089e-03
226 4.630791e-06 3.531965e-03
227 1.294237e-05 4.068820e-03
228 1.293111e-05 4.771621e-03
229 7.587482e-05 1.135835e-02
230 2.619206e-05 7.025938e-03
231 1.493104e-05 6.058704e-03
232 5.776840e-06 4.887160e-03
233 9.179224e-06 5.880481e-03
234 5.341521e-06 4.755767e-03
235 1.352743e-06 4.475687e-03
236 1.222341e-05 4.628098e-03
237 7.095133e-07 3.355264e-03
238 1.375699e-05 5.453586e-03
239 1.160121e-06 3.526186e-03
240 6.245204e-06 3.003706e-03
241 4.777293e-06 3.883659e-03
242 1.891637e-05 4.629688e-03
243 1.063167e-06 3.146583e-03
244 8.420511e-06 4.539624e-03
245 1.856183e-05 4.649812e-03
246 2.893213e-06 3.784816e-03
247 5.341521e-06 4.755767e-03
248 1.418431e-06 2.633363e-03
249 3.635698e-05 6.866803e-03
250 7.680250e-06 3.997186e-03
251 3.795312e-06 2.810560e-03
252 1.511123e-05 6.255408e-03
253 1.134996e-06 3.314769e-03
254 1.477153e-06 4.786787e-03
255 6.592043e-06 6.244904e-03
256 1.407043e-06 2.699606e-03
257 1.706960e-06 3.402052e-03
258 5.742667e-06 3.459931e-03
259 2.218553e-05 4.523926e-03
260 4.668804e-05 8.102020e-03
261 3.839782e-05 4.259253e-03
262 1.512552e-05 3.972498e-03
263 1.459878e-05 4.310465e-03
264 1.443126e-04 1.359018e-02
265 2.917062e-05 5.991011e-03
266 7.303691e-05 9.959397e-03
267 1.361202e-04 3.053441e-02
268 1.111986e-04 1.668970e-02
269 1.263207e-04 2.303436e-02
270 6.036892e-06 3.816501e-03
271 2.389530e-05 4.775178e-03
272 1.210636e-05 6.095537e-03
273 9.761931e-06 3.917355e-03
274 1.476977e-05 4.822076e-03
275 2.133168e-05 7.542615e-03
276 1.748960e-04 2.177776e-02
277 5.905560e-06 3.186846e-03
278 3.042151e-06 2.441958e-03
279 9.002682e-05 1.086216e-02
280 7.372759e-06 5.237502e-03
281 2.166882e-05 7.615973e-03
282 3.772788e-05 1.088144e-02
283 7.578886e-06 2.856703e-03
284 1.484365e-05 4.605537e-03
285 7.409919e-05 7.372349e-03
286 6.321893e-05 7.440237e-03
287 2.298991e-05 3.944174e-03
288 3.585000e-05 9.814615e-03
289 1.342205e-04 1.269152e-02
290 2.095879e-04 1.434566e-02
291 3.669441e-05 4.288712e-03
292 9.339866e-05 5.466743e-03
293 8.530726e-05 1.237179e-02
294 1.733798e-04 1.049307e-02
295 5.668823e-05 1.639625e-02
296 3.006608e-04 5.907522e-02
297 1.608286e-03 8.727693e-02
298 9.064151e-05 1.590214e-02
299 1.320822e-05 3.506396e-03
300 3.783720e-06 4.402015e-03
301 1.424520e-04 1.533022e-02
302 3.989250e-06 4.901564e-03
303 1.893858e-06 3.010767e-03
304 7.282094e-07 2.263860e-03
305 2.718639e-07 2.648080e-03
306 2.796096e-07 2.677570e-03
307 3.039903e-08 2.645609e-03
308 2.740548e-07 2.576912e-03
309 1.883168e-05 4.004918e-03
310 5.257118e-07 3.211884e-03
311 1.745894e-07 2.650403e-03
312 1.072878e-06 2.153805e-03
313 7.042574e-08 2.540942e-03
314 1.120578e-07 2.545609e-03
315 7.461456e-08 2.674997e-03
316 5.067180e-07 2.810886e-03
317 6.154864e-08 1.928336e-03
318 2.329577e-07 1.941390e-03
319 2.531740e-06 2.080632e-03
320 4.636808e-08 2.506205e-03
321 5.077652e-08 1.424871e-03
322 1.424602e-04 4.209658e-02
323 2.941923e-04 3.716504e-02
324 4.912291e-06 9.146562e-03
325 2.675652e-05 9.341412e-03
326 6.604849e-06 3.315798e-03
327 7.748380e-05 1.776048e-02
328 1.488061e-05 8.706753e-03
329 2.209793e-04 5.992916e-02
330 7.186097e-04 6.130054e-02
331 6.006549e-05 2.146385e-02
332 7.582940e-04 9.014222e-02
333 1.151000e-05 4.481671e-03
334 6.438055e-05 1.216538e-02
335 2.055256e-05 7.313441e-03
336 4.629461e-05 1.174709e-02
337 3.753225e-04 3.629152e-02
338 4.352292e-05 1.457582e-02
339 1.278554e-03 6.792798e-02
340 1.427721e-05 3.584521e-03
341 1.200589e-05 2.890660e-03
342 5.039832e-05 8.477908e-03
343 1.754128e-04 1.800094e-02
344 8.434158e-06 3.378808e-03
345 2.019456e-05 5.837754e-03
346 1.149819e-06 2.339949e-03
347 2.035812e-06 2.803090e-03
348 2.944152e-05 6.959004e-03
349 4.962260e-05 6.573795e-03
350 1.431957e-06 3.188494e-03
351 1.351040e-06 2.743600e-03
352 2.936110e-06 2.272805e-03
353 1.591238e-05 3.855244e-03
354 9.366731e-06 3.505978e-03
355 6.366243e-06 3.686627e-03
356 4.600116e-07 2.286167e-03
357 2.803278e-05 5.870032e-03
358 2.078430e-04 1.219729e-02
359 1.694715e-05 4.900739e-03
360 4.408419e-06 5.198707e-03
361 2.082486e-04 2.506554e-02
362 4.523651e-07 2.371534e-03
363 1.461173e-06 3.246068e-03
364 2.936110e-06 2.272805e-03
365 9.961268e-05 1.360375e-02
366 3.926740e-05 4.647165e-03
367 3.147130e-05 7.213111e-03
368 4.962260e-05 6.573795e-03
369 5.296769e-04 4.068124e-02
370 1.257625e-05 1.239474e-02
371 2.354651e-05 1.719056e-02
372 3.186129e-03 3.572493e-01
373 8.891307e-04 1.378817e-01
374 2.662731e-03 2.001590e-01
375 1.401059e-04 2.198076e-02
376 6.274713e-04 6.750791e-02
377 7.672896e-06 8.386863e-03
378 5.291253e-05 1.138409e-02
379 8.994206e-06 7.137994e-03
380 4.799044e-05 6.715121e-03
381 3.721440e-06 1.746499e-03
382 4.740925e-05 8.566429e-03
383 3.785548e-06 1.707997e-03
384 5.310925e-05 4.794368e-03
385 1.922797e-06 4.525744e-03
386 1.236657e-05 5.549531e-03
387 4.170535e-05 1.154948e-02
388 2.145075e-06 2.714561e-03
389 1.138331e-05 5.320397e-03
390 2.042605e-06 4.446559e-03
391 1.087619e-04 2.183788e-02
392 1.446955e-05 7.292454e-03
393 2.959537e-05 1.056225e-02
394 2.306221e-06 2.804387e-03
395 1.366645e-05 7.054882e-03
396 9.933616e-05 2.481073e-02
397 4.623071e-05 1.087345e-02
398 9.805920e-05 1.293804e-02
399 3.139732e-05 6.745292e-03
400 1.713857e-04 1.475621e-02
401 1.385083e-05 6.911850e-03
402 8.902939e-06 6.519935e-03
403 2.272581e-05 6.982895e-03
404 4.134460e-05 1.043218e-02
405 2.657518e-05 9.262313e-03
406 2.261025e-05 7.135753e-03
407 2.847862e-06 4.382807e-03
408 3.298537e-05 6.581237e-03
409 5.987452e-04 3.433999e-02
410 4.866420e-05 1.374959e-02
411 4.892386e-05 1.455032e-02
412 1.336100e-04 2.059333e-02
413 1.956646e-05 6.238398e-03
414 2.527091e-05 8.092294e-03
415 1.158052e-05 4.982291e-03
416 5.822593e-06 6.231026e-03
417 1.686920e-05 8.559100e-03
418 1.675041e-04 3.722779e-02
419 7.374293e-04 6.431183e-02
420 1.060287e-04 2.962816e-02
421 1.037863e-04 1.334312e-02
422 1.521590e-04 2.114770e-02
423 2.890341e-04 4.215903e-02
424 9.657134e-04 1.333639e-01
425 3.948511e-04 3.329700e-02
426 2.489405e-04 3.019533e-02
427 7.302604e-04 6.941681e-02
428 1.408260e-04 2.366752e-02
429 9.395439e-05 2.116871e-02
430 2.209514e-04 2.454356e-02
431 1.687249e-04 3.416449e-02
432 8.592459e-05 1.635496e-02
433 8.203138e-05 1.386436e-02
434 2.209514e-04 2.454356e-02
435 2.601012e-04 3.480728e-02
436 9.676788e-05 2.129257e-02
437 2.155388e-04 2.204334e-02
438 1.389928e-04 2.068889e-02
439 1.153072e-03 8.764640e-02
440 5.072867e-05 1.347611e-02
441 3.255368e-05 1.254820e-02
442 2.548625e-04 4.370333e-02
443 1.849339e-05 2.139485e-02
444 1.244091e-03 1.120612e-01
445 7.399191e-04 7.000914e-02
446 5.859358e-08 9.135872e-04
447 1.326893e-07 1.221373e-03
448 2.018797e-08 9.084159e-04
449 5.628720e-08 9.101394e-04
450 2.955021e-08 9.924804e-04
451 1.524433e-06 1.736884e-03
452 1.387417e-07 1.222874e-03
453 3.322889e-07 1.109788e-03
454 2.190461e-07 1.237542e-03
455 5.120246e-07 1.235216e-03
456 4.310634e-08 1.030907e-03
457 1.746961e-08 9.242042e-04
458 2.127771e-07 1.225140e-03
459 7.899885e-06 1.350203e-02
460 2.461497e-07 2.587213e-03
461 4.062627e-08 1.053608e-03
462 1.610900e-06 2.887817e-03
463 3.029803e-07 1.112831e-03
464 3.621742e-07 1.308291e-03
465 1.240218e-07 1.148429e-03
466 2.358641e-07 1.375033e-03
467 4.369093e-08 1.081053e-03
468 3.966328e-08 1.091199e-03
469 3.562772e-07 1.309435e-03
470 2.375335e-07 1.745044e-03
471 8.044875e-08 1.215793e-03
472 1.986805e-07 1.112509e-03
473 3.520273e-07 1.307357e-03
474 3.794849e-08 1.047310e-03
475 2.345238e-07 1.304594e-03
476 1.264242e-07 1.408764e-03
477 7.318549e-06 2.871122e-03
478 3.213708e-05 4.088751e-03
479 7.820159e-07 1.536173e-03
480 7.473261e-07 2.048560e-03
481 7.326369e-07 1.843871e-03
482 1.793740e-07 2.101676e-03
483 1.052836e-07 2.058673e-03
484 2.618710e-06 2.034300e-03
485 3.739953e-07 1.750031e-03
486 4.123374e-05 1.163139e-02
487 1.990945e-07 1.481802e-03
488 1.658597e-05 8.631232e-03
489 1.372159e-03 9.067081e-02
490 1.286343e-05 5.587416e-03
491 2.490832e-05 7.508357e-03
492 5.220599e-06 5.442350e-03
493 1.344961e-05 6.078777e-03
494 1.582428e-06 6.403975e-03
495 1.327268e-06 4.865527e-03
496 7.577330e-05 1.359269e-02
497 2.247403e-04 2.948103e-02
498 2.167697e-05 6.608242e-03
499 6.209829e-06 7.621854e-03
500 3.312539e-06 5.040075e-03
501 1.078006e-05 7.923399e-03
502 1.333701e-03 8.359545e-02
503 2.975307e-05 5.842256e-03
504 1.498129e-05 6.911973e-03
505 1.842572e-05 5.387815e-03
506 8.770123e-05 1.625582e-02
507 7.220681e-05 1.636193e-02
508 5.690052e-05 9.026819e-03
509 1.424399e-05 7.865391e-03
510 2.659779e-05 9.805916e-03
511 4.927336e-06 5.610440e-03
512 1.409169e-05 7.351447e-03
513 1.855710e-05 6.294527e-03
514 2.661301e-03 1.808705e-01
515 6.898437e-06 6.568586e-03
516 6.898437e-06 6.568586e-03
517 4.904437e-05 1.163653e-02
518 1.096344e-05 6.464636e-03
519 9.958746e-05 1.744806e-02
520 5.626453e-05 1.603802e-02
521 9.958746e-05 1.744806e-02
522 6.526581e-05 1.681409e-02
523 1.007898e-04 1.819075e-02
524 3.448661e-05 1.167768e-02
525 1.160043e-05 6.974229e-03
526 9.958746e-05 1.744806e-02
527 2.095517e-05 8.495570e-03
528 7.305672e-06 5.681932e-03
529 4.047377e-05 1.415715e-02
530 3.672921e-06 4.887038e-03
531 6.898437e-06 6.568586e-03
532 4.236165e-05 1.537562e-02
533 9.589673e-06 1.162459e-02
534 1.530701e-05 1.056678e-02
535 2.381402e-05 1.098349e-02
536 8.703888e-05 2.872507e-02
537 3.419580e-05 2.178660e-02
538 9.589673e-06 1.162459e-02
539 4.971599e-05 1.854232e-02
540 2.928826e-05 1.918121e-02
541 4.484860e-05 2.004278e-02
542 6.343810e-04 7.422601e-02
543 4.409217e-05 1.679961e-02
544 1.056346e-05 6.771517e-03
545 2.277979e-05 4.301207e-03
546 1.181962e-05 3.137143e-03
547 2.923622e-06 2.449498e-03
548 3.144954e-06 2.782854e-03
549 8.159453e-07 1.561847e-03
550 1.363444e-05 3.783644e-03
551 4.814828e-06 2.343941e-03
552 3.738782e-05 1.156942e-02
553 1.523721e-04 1.249977e-02
554 3.569883e-05 4.801347e-03
555 6.497139e-05 6.799450e-03
556 1.061275e-05 2.292763e-03
557 1.322467e-05 3.155186e-03
558 2.442362e-05 4.442439e-03
559 1.239967e-06 2.423021e-03
560 1.365362e-05 3.231618e-03
561 5.252871e-06 2.688555e-03
562 8.357064e-06 2.744139e-03
563 6.880519e-06 4.308684e-03
564 1.235959e-05 2.753533e-03
565 7.603771e-05 9.615956e-03
566 2.075373e-05 3.302275e-03
567 2.511048e-04 9.940521e-03
568 6.198226e-05 6.550798e-03
569 1.577600e-04 9.991788e-03
570 4.376919e-05 7.649555e-03
571 3.491504e-05 4.511997e-03
572 6.029060e-05 6.750374e-03
573 1.993740e-05 3.919414e-03
574 6.322932e-05 6.612433e-03
575 2.199493e-05 4.804438e-03
576 4.092233e-05 6.419229e-03
577 3.659935e-05 6.203881e-03
578 2.052928e-05 7.426153e-03
579 6.031206e-04 5.947764e-02
580 6.809435e-05 8.387151e-03
581 5.540492e-06 2.835647e-03
582 6.814964e-05 7.651619e-03
583 1.751450e-05 6.170629e-03
584 3.449525e-05 4.937282e-03
585 6.814964e-05 7.651619e-03
586 3.779654e-05 9.221081e-03
587 1.080674e-05 1.046252e-02
588 3.168958e-05 6.477874e-03
589 4.015233e-06 2.147414e-03
590 2.916535e-03 1.223193e-01
591 1.626845e-04 1.022737e-02
592 1.600007e-05 3.976177e-03
593 1.643766e-05 1.386293e-02
594 3.868794e-05 5.024567e-03
595 5.336789e-06 6.339917e-03
596 4.197986e-03 2.356726e-01
597 2.777523e-07 1.907824e-03
598 1.737530e-06 1.913950e-03
599 6.521933e-07 1.918408e-03
600 1.694719e-06 2.020481e-03
601 7.974397e-06 2.772252e-03
602 1.901317e-06 2.516733e-03
603 2.224497e-06 3.193014e-03
604 6.544963e-07 1.914140e-03
605 1.700512e-06 2.033654e-03
606 6.610848e-07 1.917728e-03
607 2.475598e-07 1.773080e-03
608 1.105045e-06 2.010383e-03
609 5.076296e-05 9.543371e-03
610 6.762855e-06 3.924512e-03
611 1.661277e-03 7.297957e-02
612 1.391992e-04 2.035839e-02
613 7.672253e-05 1.435059e-02
614 8.955484e-05 2.123043e-02
615 2.585288e-05 9.213647e-03
616 1.077826e-06 3.260971e-03
617 2.765554e-05 1.064131e-02
618 4.376158e-06 4.154625e-03
619 5.104523e-06 4.735775e-03
620 8.496307e-06 5.320914e-03
621 4.492939e-04 3.010880e-02
622 1.317196e-05 5.635377e-03
623 9.638594e-06 7.066237e-03
624 9.250482e-06 5.784614e-03
625 8.326982e-06 4.275913e-03
626 3.921380e-03 1.226726e-01
627 1.319415e-05 4.614692e-03
628 1.969217e-05 1.182585e-02
629 2.135901e-04 1.697480e-02
630 1.919431e-04 1.652761e-02
631 1.458486e-04 1.124960e-02
632 1.473894e-04 2.429397e-02
633 7.312343e-06 5.760763e-03
634 1.179267e-05 4.577734e-03
635 8.344100e-06 4.724322e-03
636 3.280738e-05 6.193606e-03
637 6.306598e-05 1.081462e-02
638 2.105215e-05 8.236016e-03
639 4.765389e-05 1.336412e-02
640 4.464989e-06 4.347567e-03
641 4.830022e-06 5.223172e-03
642 8.120885e-06 6.489877e-03
643 1.518676e-04 2.638040e-02
644 1.237831e-05 5.593980e-03
645 2.946674e-05 1.096190e-02
646 5.630713e-05 1.737366e-02
647 1.008386e-05 7.075274e-03
648 2.009123e-04 1.910464e-02
649 3.967068e-05 9.159212e-03
650 5.779666e-06 5.440238e-03
651 6.216844e-06 6.176375e-03
652 1.545599e-05 7.136958e-03
653 2.651804e-03 1.927782e-01
654 2.497748e-04 5.844535e-02
655 6.200882e-07 2.795421e-03
656 1.373665e-04 1.763476e-02
657 2.557564e-03 1.910888e-01
658 6.488058e-05 1.557982e-02
659 1.878052e-05 1.194714e-02
660 1.898101e-05 1.110730e-02
661 9.797445e-05 2.148210e-02
662 1.143166e-03 6.179696e-02
663 4.244244e-05 1.058165e-02
664 3.068051e-05 1.206208e-02
665 3.596398e-05 1.280478e-02
666 6.282002e-05 2.063598e-02
667 2.727339e-05 9.898465e-03
668 6.093575e-06 6.262186e-03
669 8.365203e-05 1.808243e-02
670 7.108806e-05 1.504870e-02
671 9.578903e-05 2.295137e-02
672 6.250624e-06 6.745078e-03
673 8.414198e-04 1.024342e-01
674 8.618735e-06 5.960303e-03
675 7.780530e-04 6.189092e-02
676 4.521054e-05 1.316140e-02
677 8.981819e-05 2.714260e-02
678 2.124486e-05 7.587595e-03
679 3.859580e-04 5.183488e-02
680 3.981967e-06 3.365205e-03
681 4.774915e-05 8.291786e-03
682 2.825142e-03 2.202760e-01
683 5.325824e-05 1.142406e-02
684 7.985749e-04 4.155058e-02
685 4.057790e-05 6.867516e-03
686 1.853373e-03 1.051961e-01
687 2.434183e-05 4.390204e-03
688 1.982438e-05 7.720955e-03
689 1.268442e-05 8.063336e-03
690 7.484214e-05 7.455268e-03
691 4.047105e-05 1.348187e-02
692 7.377670e-05 9.834804e-03
693 2.912036e-05 6.558068e-03
694 1.221389e-05 3.359455e-03
695 2.333363e-05 7.359921e-03
696 4.125286e-04 4.046942e-02
697 4.979581e-04 6.292480e-02
698 3.065431e-04 6.522068e-02
699 3.411529e-05 1.556249e-02
700 4.541665e-05 1.409781e-02
701 2.329402e-05 8.065467e-03
702 6.731499e-05 1.054478e-02
703 1.373265e-05 6.499209e-03
704 5.846160e-05 2.014330e-02
705 1.985071e-05 6.339004e-03
706 2.550123e-05 9.209994e-03
707 1.274918e-05 5.651083e-03
708 4.572167e-03 2.623875e-01
709 6.003072e-05 1.949968e-02
710 1.798707e-04 2.384021e-02
711 3.308161e-04 3.796346e-02
712 3.976974e-04 2.211208e-02
713 4.346791e-05 2.081701e-02
714 4.805327e-05 1.180371e-02
715 9.320541e-06 6.163469e-03
716 3.625898e-05 1.391068e-02
717 1.728431e-04 2.402735e-02
718 2.664318e-05 8.373352e-03
719 1.877363e-05 9.492055e-03
720 3.935159e-05 1.593840e-02
721 1.105574e-04 1.123450e-02
722 1.275206e-04 1.667362e-02
723 5.572790e-04 2.898525e-02
724 1.001892e-05 6.572508e-03
725 9.629542e-06 6.570533e-03
726 2.952720e-05 9.983677e-03
727 1.536564e-03 7.888900e-02
728 1.679885e-05 1.123745e-02
729 6.962976e-05 1.065479e-02
730 5.402059e-05 1.290038e-02
731 8.355661e-06 5.037698e-03
732 2.138303e-05 5.287750e-03
733 4.146325e-05 6.935470e-03
734 5.241279e-05 1.068302e-02
735 2.261954e-05 6.282100e-03
736 6.383795e-05 1.642050e-02
737 8.398902e-04 5.034473e-02
738 2.326641e-04 2.356535e-02
739 1.578355e-05 6.740160e-03
740 1.669672e-05 7.578342e-03
741 2.076369e-05 5.709314e-03
742 1.243592e-04 1.295140e-02
743 2.799756e-05 8.435875e-03
744 6.899630e-05 1.011034e-02
745 8.677502e-05 1.719077e-02
746 2.530570e-05 7.167536e-03
747 2.530570e-05 7.167536e-03
748 3.316942e-06 5.736315e-03
749 2.239832e-04 2.333954e-02
750 3.797863e-04 2.661719e-02
751 1.299274e-05 7.529982e-03
752 5.144229e-05 9.374919e-03
753 1.603286e-03 1.092085e-01
754 2.464957e-04 1.237789e-02
755 4.675316e-04 1.876013e-02
756 2.245101e-05 1.005356e-02
757 1.087155e-03 4.444139e-02
758 9.069005e-06 4.741920e-03
759 9.904306e-05 8.150530e-03
760 9.587577e-04 4.922463e-02
761 5.174661e-04 5.278877e-02
762 2.002432e-05 7.402111e-03
763 3.185773e-05 7.647129e-03
764 2.276959e-05 7.623313e-03
765 1.378476e-03 1.716774e-01
766 3.370014e-03 2.151120e-01
767 1.221014e-04 4.381685e-02
768 1.057301e-03 8.162126e-02
769 3.041299e-05 8.790840e-03
770 8.780170e-06 4.516937e-03
771 8.458073e-06 4.187222e-03
772 3.471835e-06 4.305884e-03
773 7.819054e-04 3.410778e-02
774 8.667144e-06 4.807435e-03
775 3.079169e-05 9.457831e-03
776 4.227136e-06 5.107405e-03
777 1.923634e-05 8.595467e-03
778 2.226176e-04 1.566056e-02
779 2.156014e-05 7.580851e-03
780 5.680114e-06 4.773517e-03
781 4.681021e-06 5.201875e-03
782 9.820760e-07 2.233506e-03
783 3.444357e-06 3.435810e-03
784 3.226709e-05 1.103121e-02
785 6.705884e-05 7.412183e-03
786 4.043778e-05 5.554429e-03
787 2.769826e-05 6.422896e-03
788 4.467855e-05 9.271487e-03
789 4.267646e-05 6.995508e-03
790 8.199462e-04 4.848782e-02
791 2.834339e-05 3.518861e-03
792 6.799704e-05 8.853772e-03
793 4.666860e-05 7.214881e-03
794 1.382283e-03 1.362083e-01
795 1.210070e-04 6.610680e-03
796 2.964482e-05 3.967629e-03
797 7.755472e-04 4.064535e-02
798 2.340782e-05 5.517689e-03
799 2.824993e-04 2.012273e-02
800 2.298082e-04 1.070291e-02
801 4.094987e-05 6.905516e-03
802 5.084044e-04 1.209321e-02
803 8.260803e-04 4.676346e-02
804 5.982673e-05 7.267292e-03
805 2.881472e-04 1.446794e-02
806 3.825439e-04 8.751376e-02
807 4.646394e-04 1.739435e-02
808 1.625300e-05 5.022541e-03
809 1.795839e-04 1.552302e-02
810 1.448941e-06 2.248050e-03
811 4.473815e-05 1.009723e-02
812 1.247932e-05 3.801400e-03
813 1.587845e-04 2.250165e-02
814 3.771404e-05 1.134282e-02
815 5.774708e-05 1.282112e-02
816 7.648316e-04 3.161893e-02
817 8.477792e-04 3.317104e-02
818 1.403321e-05 9.472745e-03
819 3.800383e-05 1.020167e-02
820 1.462554e-04 2.835664e-02
821 1.458060e-04 2.837615e-02
822 6.016223e-05 2.921858e-02
823 4.123998e-04 9.057151e-02
824 1.893386e-03 2.448353e-01
825 7.791976e-04 1.568658e-01
826 1.424480e-03 1.385048e-01
827 2.107821e-04 6.808112e-02
828 1.352735e-03 2.834181e-01
829 6.864780e-04 1.159098e-01
830 2.426956e-05 6.249881e-03
831 1.345203e-05 4.484536e-03
832 3.941747e-06 4.807063e-03
833 1.952744e-05 9.798444e-03
834 5.176275e-05 5.131427e-03
835 9.981694e-06 6.366982e-03
836 2.064249e-05 4.260254e-03
837 2.670676e-05 7.969641e-03
838 2.048413e-05 4.898802e-03
839 1.337811e-05 4.554738e-03
840 3.325098e-05 1.401771e-02
841 5.412506e-05 6.026832e-03
842 1.156009e-05 7.827982e-03
843 4.339701e-05 9.120274e-03
844 1.234382e-04 1.626539e-02
845 1.705985e-04 1.723510e-02
846 3.066622e-04 2.524699e-02
847 5.412506e-05 6.026832e-03
848 6.663141e-05 1.170905e-02
849 2.045265e-04 2.256495e-02
850 2.271241e-05 5.655494e-03
851 2.300034e-04 5.623745e-02
852 1.469692e-05 6.156785e-03
853 9.633577e-05 8.822741e-03
854 2.149772e-05 5.442216e-03
855 9.442818e-05 8.906219e-03
856 4.130758e-07 1.465999e-03
857 7.347054e-07 1.259954e-03
858 1.281257e-06 1.994661e-03
859 2.907331e-07 1.486531e-03
860 5.555825e-04 3.068827e-02
861 2.119879e-05 5.399271e-03
862 1.179217e-06 1.513425e-03
863 1.009392e-06 1.427336e-03
864 2.574869e-07 1.385281e-03
865 1.618384e-06 1.441271e-03
866 1.215394e-06 1.904735e-03
867 2.562970e-06 1.452729e-03
868 3.662781e-07 1.348683e-03
869 6.972089e-07 1.582108e-03
870 7.227829e-07 1.491075e-03
871 6.748980e-08 1.387304e-03
872 2.248286e-07 1.854619e-03
873 2.799987e-07 1.397891e-03
874 8.011406e-07 1.358871e-03
875 2.274766e-04 3.208024e-02
876 2.591932e-07 1.429605e-03
877 1.008902e-06 1.408643e-03
878 1.238942e-06 1.780728e-03
879 2.340794e-07 1.343573e-03
880 5.556798e-07 1.349330e-03
881 1.591323e-07 1.388469e-03
882 2.095573e-06 1.680896e-03
883 4.083916e-06 1.498632e-03
884 1.006939e-06 1.399732e-03
885 1.663193e-06 1.457149e-03
886 1.540385e-05 3.188260e-03
887 6.796353e-05 4.658613e-03
888 4.342000e-05 9.836727e-03
889 3.225304e-04 2.307974e-02
890 1.099360e-04 1.436151e-02
891 9.957837e-04 4.451019e-02
892 1.605228e-03 7.381451e-02
893 1.384468e-05 5.124266e-03
894 1.079438e-05 3.254312e-03
895 4.222906e-05 5.623725e-03
896 8.817861e-05 1.022829e-02
897 2.370620e-03 5.730417e-02
898 1.243574e-04 1.300451e-02
899 3.435832e-04 5.084188e-02
900 6.500738e-05 5.514704e-03
901 2.452402e-05 3.666412e-03
902 3.346302e-05 6.843491e-03
903 8.831111e-06 5.836229e-03
904 5.326218e-04 7.350175e-02
905 6.652275e-05 1.387705e-02
906 2.042416e-04 3.233707e-02
907 3.509018e-03 1.677866e-01
908 5.710742e-06 2.553777e-03
909 3.655809e-06 2.879151e-03
910 1.098795e-06 1.548095e-03
911 3.677665e-05 4.240113e-03
912 5.097991e-05 3.323418e-03
913 3.772465e-06 1.632209e-03
914 2.516200e-05 4.453957e-03
915 1.409792e-05 2.623929e-03
916 1.168031e-03 3.140315e-02
917 2.289761e-06 2.061513e-03
918 1.898425e-06 1.723184e-03
919 5.743332e-07 1.380278e-03
920 7.582611e-06 2.074473e-03
921 1.928145e-07 1.052041e-03
922 3.861864e-07 1.372484e-03
923 2.446015e-05 1.719964e-02
924 4.096118e-05 8.160234e-03
925 4.762579e-07 1.030327e-03
926 1.417297e-05 5.629334e-03
927 9.293913e-07 1.268685e-03
928 3.166090e-05 2.922272e-03
929 1.538378e-04 5.751012e-03
930 2.028064e-05 2.319035e-03
931 1.556125e-05 3.144406e-03
932 4.801086e-07 1.467272e-03
933 6.202968e-06 1.440769e-03
934 1.352002e-05 3.234541e-03
935 1.969194e-06 1.545836e-03
936 2.560625e-07 1.143654e-03
937 2.983491e-06 1.925504e-03
938 1.758132e-06 1.665266e-03
939 8.659259e-06 2.172855e-03
940 1.593397e-05 1.930167e-03
941 3.482300e-06 3.132521e-03
942 1.814711e-06 1.553446e-03
943 6.482912e-06 1.412333e-03
944 1.796684e-05 2.347652e-03
945 3.410141e-06 2.131420e-03
946 3.146999e-05 3.489121e-03
947 2.617705e-05 2.869823e-02
948 2.240779e-06 6.675660e-03
949 1.519910e-05 1.006766e-02
950 8.294343e-06 7.698192e-03
951 1.547688e-05 1.541183e-02
952 4.669309e-05 1.149106e-02
953 1.185182e-05 8.298514e-03
954 1.631312e-06 2.977072e-03
955 1.504115e-04 2.643507e-02
956 1.676518e-06 3.000328e-03
957 8.003172e-06 7.978798e-03
958 7.618114e-06 6.567449e-03
959 9.340293e-05 3.689324e-02
960 2.617760e-05 1.813131e-02
961 1.794304e-05 8.004521e-03
962 1.552684e-05 1.162461e-02
963 3.344518e-06 3.695486e-03
964 1.002062e-04 2.843997e-02
965 2.155812e-06 5.325416e-03
966 4.701955e-04 8.303549e-02
967 2.346266e-04 3.625674e-02
968 1.116722e-05 3.800939e-03
969 2.872107e-05 6.948176e-03
970 2.451013e-05 1.587216e-02
971 1.619230e-06 2.870270e-03
972 2.650110e-06 6.778574e-03
973 1.308785e-05 8.787864e-03
974 2.091759e-06 3.197922e-03
975 1.113839e-05 6.269382e-03
976 8.881557e-04 4.325480e-02
977 2.896250e-05 4.942668e-03
978 1.208690e-05 3.835798e-03
979 1.006258e-06 2.645744e-03
980 1.625432e-07 1.207073e-03
981 2.950020e-06 3.642825e-03
982 1.790064e-05 4.666375e-03
983 3.631755e-06 2.426343e-03
984 1.107708e-05 3.904284e-03
985 4.126711e-06 3.005726e-03
986 6.381520e-06 3.100109e-03
987 1.543427e-06 1.207085e-03
988 5.158825e-06 2.046077e-03
989 1.594902e-05 5.529619e-03
990 1.052788e-05 3.102370e-03
991 1.426819e-05 5.037211e-03
992 2.055187e-06 2.062177e-03
993 2.132001e-06 2.200510e-03
994 8.126994e-07 2.069589e-03
995 5.108734e-06 2.282928e-03
996 2.528225e-06 2.757140e-03
997 1.189189e-04 7.972499e-03
998 1.740423e-05 3.229012e-03
999 1.066136e-05 2.822074e-03
1000 4.423273e-06 1.536142e-03
1001 1.822081e-06 1.498555e-03
1002 7.236198e-06 3.732751e-03
1003 3.023494e-06 1.640394e-03
1004 1.139365e-05 3.404270e-03
1005 3.915167e-06 2.605996e-03
1006 3.406156e-05 3.606738e-03
1007 2.507678e-06 2.811013e-03
1008 8.803594e-06 2.354513e-03
1009 1.655528e-05 3.364295e-03
1010 3.612124e-06 2.566973e-03
1011 1.064128e-05 3.193878e-03
1012 6.353135e-06 2.922054e-03
1013 7.814858e-07 2.016761e-03
1014 1.045168e-05 3.006700e-03
1015 8.798020e-07 2.089539e-03
1016 2.590480e-06 1.504261e-03
1017 2.583173e-06 1.534669e-03
1018 2.141543e-06 2.441522e-03
1019 1.108653e-05 3.977120e-03
1020 1.654459e-06 1.626446e-03
1021 1.429247e-05 2.512474e-03
1022 3.463007e-07 1.111926e-03
1023 1.831883e-06 1.668501e-03
1024 4.237788e-07 1.376501e-03
1025 1.278086e-06 2.103224e-03
1026 7.279526e-04 2.468381e-01
1027 2.851378e-04 4.488505e-02
1028 2.727537e-04 4.822332e-02
1029 1.695589e-04 2.920799e-02
1030 6.241328e-04 8.443836e-02
1031 9.885693e-04 1.328843e-01
1032 1.421295e-05 6.256260e-03
1033 1.420791e-05 1.375611e-02
1034 3.261859e-04 5.919951e-02
1035 5.740846e-06 3.459746e-03
1036 1.018477e-05 8.260717e-03
1037 5.525980e-05 1.787421e-02
1038 9.274893e-07 2.748336e-03
1039 3.713444e-05 1.007523e-02
1040 9.876367e-06 7.990181e-03
1041 2.674136e-05 2.394897e-02
1042 9.239990e-06 9.887633e-03
1043 1.625142e-05 1.260505e-02
1044 4.460929e-05 1.578565e-02
1045 8.460333e-06 6.971979e-03
1046 7.163019e-05 1.861495e-02
1047 6.058054e-04 3.826834e-02
1048 2.901475e-05 3.294751e-02
1049 9.808375e-06 7.883721e-03
1050 4.600648e-04 9.493822e-02
1051 1.904484e-04 5.801627e-02
1052 1.356389e-07 1.211878e-03
1053 4.445286e-07 1.784027e-03
1054 4.139620e-05 1.953628e-02
1055 2.437336e-07 1.540214e-03
1056 3.356504e-06 4.589113e-03
1057 1.923557e-06 2.073734e-03
1058 8.204836e-07 1.976257e-03
1059 6.841525e-08 1.027637e-03
1060 1.073087e-07 9.531133e-04
1061 7.642004e-06 2.492642e-03
1062 1.100498e-06 1.754814e-03
1063 7.213869e-06 3.471771e-03
1064 3.290992e-04 2.054625e-02
1065 7.360289e-05 1.078412e-02
1066 4.047684e-07 1.569653e-03
1067 3.774587e-08 1.438645e-03
1068 8.398750e-08 1.463504e-03
1069 1.722641e-07 1.610961e-03
1070 1.734617e-05 1.322905e-02
1071 3.519881e-06 4.845828e-03
1072 3.894130e-06 2.656154e-03
1073 5.458023e-05 1.157955e-02
1074 2.659361e-07 1.040900e-03
1075 1.335056e-04 1.505684e-02
1076 1.680037e-05 3.630373e-03
1077 4.482784e-05 9.222240e-03
1078 4.787362e-07 1.608318e-03
1079 9.268107e-06 5.320880e-03
1080 4.200638e-07 1.549401e-03
1081 1.083345e-07 1.456889e-03
1082 4.038838e-07 1.474064e-03
1083 1.989896e-06 1.766023e-03
1084 9.334652e-08 1.223781e-03
1085 6.826382e-06 3.957935e-03
1086 1.457214e-07 1.230257e-03
1087 3.641134e-07 1.355524e-03
1088 5.650720e-07 4.668064e-03
1089 8.867644e-08 1.229345e-03
1090 3.459822e-08 1.193536e-03
1091 9.334652e-08 1.223781e-03
1092 1.793248e-03 2.416530e-01
1093 2.032931e-05 1.827987e-02
1094 1.937297e-05 1.328799e-02
1095 1.786674e-06 1.556326e-03
1096 6.324472e-07 1.455383e-03
1097 1.722181e-05 4.433352e-03
1098 2.643908e-05 5.397652e-03
1099 3.885110e-06 3.101320e-03
1100 1.299411e-05 2.445682e-03
1101 2.123064e-05 2.943841e-03
1102 8.902891e-06 2.611355e-03
1103 1.201744e-05 2.318476e-03
1104 3.337083e-04 2.833543e-02
1105 6.750313e-07 1.499490e-03
1106 1.394031e-06 2.191353e-03
1107 2.393110e-06 2.991238e-03
1108 1.918967e-06 1.644052e-03
1109 1.280222e-06 1.957619e-03
1110 6.020433e-06 4.450541e-03
1111 6.192422e-06 3.665226e-03
1112 1.413485e-04 1.509183e-02
1113 7.060573e-05 9.178926e-03
1114 8.715257e-07 1.959705e-03
1115 8.158030e-05 1.214410e-02
1116 4.598519e-07 1.464484e-03
1117 4.203531e-07 1.569493e-03
1118 2.548007e-05 4.700034e-03
1119 7.731223e-05 1.152570e-02
1120 6.115151e-06 3.417040e-03
1121 1.482118e-05 4.431363e-03
1122 5.367100e-06 3.006899e-03
1123 3.175619e-06 2.030660e-03
1124 3.873544e-06 2.844910e-03
1125 5.755459e-06 2.745615e-03
1126 6.014772e-06 3.410036e-03
1127 5.517404e-06 2.508384e-03
1128 1.396200e-05 2.802065e-03
1129 5.032093e-06 2.381183e-03
1130 9.345549e-06 3.409499e-03
1131 4.504328e-04 2.370514e-02
1132 8.040359e-04 9.497389e-02
1133 2.710552e-04 3.403095e-02
1134 6.813059e-05 7.116326e-03
1135 7.790426e-06 1.891683e-03
1136 2.208832e-05 2.844006e-03
1137 1.864448e-05 4.069236e-03
1138 3.833138e-05 4.485791e-03
1139 1.333240e-05 4.488643e-03
1140 1.090726e-03 1.160438e-01
1141 1.112168e-04 1.210760e-02
1142 3.173702e-05 5.214419e-03
1143 2.035579e-05 4.849644e-03
1144 1.639141e-04 2.712224e-02
1145 3.733100e-05 7.702188e-03
1146 4.358791e-04 4.192077e-02
1147 2.756166e-04 3.206315e-02
1148 5.765012e-05 8.492511e-03
1149 5.406952e-05 6.798222e-03
1150 6.586343e-05 6.408810e-03
1151 6.515327e-05 5.994529e-03
1152 2.725067e-05 4.838822e-03
1153 1.630417e-05 3.631308e-03
1154 2.751379e-05 5.124053e-03
1155 1.462548e-05 3.290114e-03
1156 7.821570e-05 1.401670e-02
1157 1.735654e-04 2.836373e-02
1158 5.808303e-05 1.177331e-02
1159 8.133402e-04 7.020063e-02
1160 5.100547e-05 6.586513e-03
1161 3.306741e-05 5.348480e-03
1162 3.021451e-04 2.225153e-02
1163 1.275900e-03 4.340991e-02
1164 1.279966e-04 8.778671e-03
1165 4.872954e-05 5.589471e-03
1166 1.788262e-04 2.635784e-02
1167 1.832567e-04 1.570363e-02
1168 1.258879e-04 7.583046e-03
1169 2.967358e-04 2.263234e-02
1170 1.883480e-04 1.815494e-02
1171 5.100547e-05 6.586513e-03
1172 1.349534e-04 1.488572e-02
1173 1.155877e-03 6.426941e-02
1174 6.092610e-04 4.927374e-02
1175 3.376503e-04 2.425899e-02
1176 7.777520e-03 5.843907e-01
1177 2.052336e-06 3.025202e-03
1178 5.802838e-05 1.613720e-02
1179 7.641296e-05 1.960422e-02
1180 9.435704e-05 1.701456e-02
1181 8.699923e-05 1.251745e-02
1182 9.251813e-05 1.732995e-02
1183 8.981824e-05 1.448205e-02
1184 3.783134e-04 3.610351e-02
1185 3.433531e-04 5.302291e-02
1186 6.471624e-05 1.302448e-02
1187 2.019745e-05 6.488392e-03
1188 1.454023e-05 8.981336e-03
1189 7.362333e-05 1.662022e-02
1190 6.024810e-04 4.891501e-02
1191 4.444821e-05 1.129140e-02
1192 2.839424e-04 3.272134e-02
1193 3.253644e-05 2.204683e-02
1194 9.084830e-04 5.486385e-02
1195 2.885240e-04 2.309061e-02
1196 4.393208e-04 2.501569e-02
1197 9.524809e-05 1.305956e-02
1198 7.484169e-05 2.145270e-02
1199 2.571780e-04 2.177788e-02
1200 7.383223e-04 3.720637e-02
1201 7.444072e-05 2.092085e-02
1202 1.080977e-05 1.179012e-02
1203 1.265520e-04 3.017602e-02
1204 1.846519e-04 3.570769e-02
1205 1.073777e-05 4.506036e-03
1206 3.253065e-05 1.346507e-02
1207 1.936414e-06 3.532369e-03
1208 4.188446e-04 2.827464e-02
1209 1.821387e-05 7.654794e-03
1210 2.517974e-05 7.493487e-03
1211 3.540805e-06 3.269504e-03
1212 1.506374e-05 3.083935e-03
1213 2.427920e-05 6.836604e-03
1214 2.670745e-05 7.688015e-03
1215 1.477737e-04 2.797740e-02
1216 2.690850e-06 4.174387e-03
1217 1.350419e-03 8.680696e-02
1218 1.394316e-05 5.676999e-03
1219 1.369382e-06 1.139734e-03
1220 2.582728e-06 3.208893e-03
1221 1.026856e-05 2.685692e-03
1222 1.001029e-03 7.222417e-02
1223 1.304066e-06 1.975469e-03
1224 2.658844e-06 1.827660e-03
1225 3.059482e-04 2.637586e-02
1226 5.045060e-07 2.247231e-03
1227 1.133569e-03 1.362513e-01
1228 4.152958e-05 4.449441e-03
1229 1.512875e-06 1.210805e-03
1230 2.250933e-06 2.344595e-03
1231 1.687079e-06 1.498432e-03
1232 5.007852e-07 1.984319e-03
1233 8.369733e-07 2.188389e-03
1234 2.679949e-06 2.945056e-03
1235 1.479303e-06 2.438745e-03
1236 2.372172e-06 2.537126e-03
1237 2.204620e-06 2.327380e-03
1238 3.952239e-06 2.861475e-03
1239 1.281940e-06 2.204769e-03
1240 5.691059e-03 2.887062e-01
1241 5.761595e-06 4.096877e-03
1242 2.111788e-06 2.400361e-03
1243 5.783044e-06 2.730494e-03
1244 3.172863e-06 2.232653e-03
1245 1.495141e-06 2.478357e-03
1246 1.419845e-06 2.308177e-03
1247 3.235680e-05 9.902924e-03
1248 1.373302e-04 2.646054e-02
1249 1.503075e-05 9.619110e-03
1250 6.080332e-05 1.239561e-02
1251 3.804255e-05 1.331364e-02
1252 6.308454e-05 1.515565e-02
1253 3.844965e-05 1.267003e-02
1254 1.940848e-05 7.260383e-03
1255 1.442204e-03 1.223405e-01
1256 2.675872e-05 4.980443e-03
1257 4.606353e-03 2.486424e-01
1258 4.296050e-04 3.225905e-02
1259 4.679301e-04 6.461478e-02
1260 3.314156e-05 1.220498e-02
1261 1.869059e-06 1.773576e-03
1262 3.001420e-04 2.462783e-02
1263 1.106032e-05 3.544536e-03
1264 6.770976e-05 2.553765e-02
1265 9.268909e-07 2.793114e-03
1266 1.992457e-05 6.035890e-03
1267 4.086320e-07 1.923977e-03
1268 1.621172e-05 4.724090e-03
1269 2.292218e-04 3.203180e-02
1270 1.709702e-04 1.721758e-02
1271 2.420432e-05 7.673382e-03
1272 2.183834e-06 2.936892e-03
1273 3.384020e-05 3.472271e-03
1274 7.141220e-05 1.575823e-02
1275 1.895469e-04 2.815519e-02
1276 3.926401e-04 3.827009e-02
1277 3.536045e-04 5.456419e-02
1278 4.379422e-04 4.494512e-02
1279 8.355197e-06 3.788448e-03
1280 3.832757e-06 7.039628e-03
1281 4.718794e-06 8.189163e-03
1282 7.921463e-05 1.294092e-02
1283 1.385330e-05 9.331003e-03
1284 5.344801e-04 4.008208e-02
1285 3.478361e-05 9.383094e-03
1286 1.902297e-04 2.525877e-02
1287 3.706793e-05 5.503867e-03
1288 5.152892e-04 6.652487e-02
1289 1.660337e-04 1.032857e-01
1290 1.663830e-06 1.712664e-03
1291 7.561412e-05 1.225710e-02
1292 3.128662e-05 5.035588e-03
1293 1.021085e-03 7.059356e-02
1294 5.886551e-07 2.284173e-03
1295 1.131356e-04 8.593359e-03
1296 1.149612e-04 1.088395e-02
1297 8.601775e-04 8.378226e-02
1298 5.324633e-04 5.356240e-02
1299 8.573671e-05 7.955057e-03
1300 7.712654e-04 9.757508e-02
1301 1.153815e-05 2.678351e-03
1302 2.135117e-05 3.311830e-03
1303 8.607146e-05 1.308811e-02
1304 1.576470e-04 1.991930e-02
1305 1.277895e-04 1.189640e-02
1306 4.434432e-05 1.009159e-02
1307 6.738799e-05 9.873345e-03
1308 4.705624e-06 9.329229e-03
1309 9.053844e-04 3.331828e-02
1310 2.423550e-03 7.858638e-02
1311 6.671283e-04 2.863726e-02
1312 5.305805e-03 1.741590e-01
1313 5.969064e-06 3.532881e-03
1314 7.918639e-05 1.153118e-02
1315 1.007778e-05 5.737402e-03
1316 8.231553e-07 4.954642e-03
1317 9.495080e-07 3.387854e-03
1318 6.865694e-07 1.896068e-03
1319 1.223697e-06 2.442623e-03
1320 9.790616e-07 4.284116e-03
1321 2.455921e-06 3.979914e-03
1322 2.475153e-07 1.522765e-03
1323 5.684060e-05 1.170641e-02
1324 1.965586e-06 2.008686e-03
1325 1.311718e-05 5.877471e-03
1326 3.014013e-05 6.282598e-03
1327 1.501745e-05 7.056233e-03
1328 2.020503e-05 3.623307e-03
1329 1.608091e-07 2.762273e-03
1330 4.256955e-05 7.597637e-03
1331 1.382536e-03 5.751206e-02
1332 1.954283e-03 9.070148e-02
1333 1.023439e-04 1.604515e-02
1334 5.839779e-05 1.973801e-02
1335 2.074279e-05 7.536336e-03
1336 7.949231e-06 6.515300e-03
1337 1.176501e-05 3.438649e-03
1338 4.607593e-05 6.679381e-03
1339 8.332472e-05 2.324581e-02
1340 1.453577e-05 9.042922e-03
1341 3.664797e-05 5.773121e-03
1342 8.527913e-07 1.603206e-03
1343 5.350883e-04 5.703202e-02
1344 2.423797e-06 4.843107e-03
1345 4.168047e-04 7.347245e-02
1346 4.763135e-05 1.979307e-02
1347 1.121474e-04 2.664033e-02
1348 2.782231e-05 1.508422e-02
1349 9.417978e-06 1.150363e-02
1350 7.095446e-04 7.496236e-02
1351 1.210824e-03 1.458201e-01
1352 2.350406e-03 4.921804e-02
1353 3.719682e-07 3.226789e-03
1354 1.434030e-06 2.835055e-03
1355 7.232563e-05 2.618378e-02
1356 5.341164e-07 4.312594e-03
1357 9.319139e-06 5.016742e-03
1358 9.929955e-04 3.639962e-02
1359 5.496790e-05 2.019464e-02
1360 9.138116e-06 1.836443e-03
1361 2.906096e-05 8.230497e-03
1362 5.060983e-06 2.775797e-03
1363 1.059058e-07 1.341542e-03
1364 8.287096e-07 1.230205e-03
1365 1.237498e-06 1.876777e-03
1366 9.510335e-06 6.806640e-03
1367 9.186869e-05 1.804098e-02
1368 3.306069e-06 2.847393e-03
1369 3.690849e-06 2.157778e-03
1370 7.440967e-07 1.102168e-03
1371 1.071390e-06 1.556809e-03
1372 6.733421e-07 1.083546e-03
1373 7.856178e-07 1.963631e-03
1374 5.683282e-06 3.176879e-03
1375 2.458782e-04 4.161133e-02
1376 1.041965e-05 2.364768e-03
1377 7.329137e-05 7.179964e-03
1378 2.841397e-05 8.728201e-03
1379 1.408696e-04 1.688283e-02
1380 9.800179e-05 2.618030e-02
1381 3.095487e-05 2.120522e-02
1382 3.940853e-06 2.042766e-03
1383 1.731575e-05 2.572623e-03
1384 6.879069e-04 6.765670e-02
1385 9.522664e-05 1.193590e-02
1386 5.021086e-04 3.209544e-02
1387 1.586465e-03 7.799232e-02
1388 1.047745e-03 9.460890e-02
1389 1.293787e-05 5.067217e-03
1390 3.653383e-04 3.992641e-02
1391 1.872516e-04 9.246159e-03
1392 1.464227e-05 1.535378e-02
1393 3.269480e-06 2.732405e-03
1394 2.494562e-05 8.605414e-03
1395 2.499461e-04 2.627806e-02
1396 3.286717e-05 4.532483e-03
1397 1.735521e-05 2.447933e-03
1398 1.035416e-03 6.968308e-02
1399 1.128985e-04 6.803512e-03
1400 3.336879e-05 3.926534e-03
1401 8.547076e-05 2.063496e-02
1402 7.762254e-06 2.793488e-03
1403 2.038812e-06 2.036020e-03
1404 9.367530e-05 2.671934e-02
1405 2.000622e-06 1.951487e-03
1406 1.901552e-05 5.773236e-03
1407 3.673695e-06 2.446084e-03
1408 2.233480e-06 2.308907e-03
1409 3.123584e-05 7.392909e-03
1410 7.659345e-04 1.668780e-02
1411 5.396439e-04 1.314071e-01
1412 4.537392e-04 4.638404e-02
1413 1.836628e-06 2.093979e-03
1414 6.457332e-03 1.371518e-01
1415 2.176155e-06 2.994629e-03
1416 9.136663e-06 3.582922e-03
1417 4.723416e-06 2.392398e-03
1418 8.937230e-06 3.154659e-03
1419 5.425823e-04 3.018099e-02
1420 1.056016e-03 4.756811e-02
1421 4.321577e-04 7.563536e-02
1422 1.481751e-04 9.838663e-03
1423 7.026101e-04 8.293739e-02
1424 1.416803e-05 8.939311e-03
1425 8.942214e-03 2.092946e-01
1426 9.722626e-04 8.014454e-02
1427 1.974286e-04 2.512535e-02
1428 2.667528e-05 2.557905e-03
1429 9.787891e-06 7.616953e-03
1430 2.414666e-04 2.564362e-02
1431 1.089505e-04 2.909905e-02
1432 8.920215e-05 1.125788e-02
1433 9.020688e-06 7.424359e-03
1434 4.924012e-05 3.067971e-02
1435 1.939879e-04 2.681953e-02
1436 1.574892e-03 1.195218e-01
1437 2.418712e-05 3.575761e-03
1438 3.888377e-05 3.603239e-03
1439 5.500441e-03 3.271993e-01
1440 1.510049e-04 2.147550e-02
1441 3.643644e-03 1.440411e-01
1442 6.572101e-07 2.135466e-03
1443 1.055777e-04 2.594805e-02
1444 5.108802e-05 3.122607e-02
1445 1.806403e-04 3.129787e-02
1446 8.290047e-06 5.579363e-03
1447 1.420084e-05 3.662747e-03
1448 3.098645e-05 8.315306e-03
1449 3.306853e-04 1.622349e-02
1450 5.754700e-04 3.063052e-02
1451 2.266899e-06 1.711409e-03
1452 7.418513e-05 1.213132e-02
1453 3.068941e-06 1.705598e-03
1454 3.021292e-05 1.187189e-02
1455 1.893484e-06 4.377549e-03
1456 7.351905e-05 6.369626e-03
1457 1.100770e-05 4.871076e-03
1458 5.173070e-07 2.842708e-03
1459 2.274414e-05 4.669279e-03
1460 4.758729e-06 4.397280e-03
1461 1.063932e-05 7.302720e-03
1462 9.006588e-06 7.548949e-03
1463 6.260934e-05 1.604158e-02
1464 2.203694e-03 2.043348e-01
1465 1.591263e-03 8.876273e-02
1466 3.393662e-04 1.079736e-01
1467 6.502286e-05 2.051005e-02
1468 3.334267e-03 1.165503e-01
1469 1.172733e-03 1.233126e-01
1470 1.738917e-05 7.072932e-03
1471 2.198097e-05 1.124828e-02
1472 4.390137e-04 3.188008e-02
1473 3.695748e-06 2.879302e-03
1474 1.151267e-05 1.219523e-02
1475 6.577913e-06 4.353236e-03
1476 1.707839e-05 3.963607e-03
1477 1.951883e-03 7.366375e-02
1478 4.224145e-05 1.898787e-02
1479 4.586252e-04 3.905303e-02
1480 9.377087e-04 4.446496e-02
1481 5.077253e-04 2.530441e-02
1482 3.179107e-04 4.086548e-02
1483 8.447504e-06 6.193235e-03
1484 6.231372e-06 4.899313e-03
1485 4.452006e-06 4.688785e-03
1486 3.716902e-04 3.941670e-02
1487 3.995327e-05 4.078327e-03
1488 9.309923e-05 8.364831e-03
1489 3.794609e-06 2.953322e-03
1490 4.707236e-06 3.734449e-03
1491 2.430351e-04 6.392072e-02
1492 5.603046e-05 7.516327e-03
1493 1.198915e-05 2.599234e-03
1494 2.693587e-05 1.053682e-02
1495 7.338689e-04 4.205988e-02
1496 3.543290e-05 2.375727e-03
1497 4.162414e-04 3.149082e-02
1498 1.099810e-03 1.109368e-01
1499 3.687958e-05 3.274159e-03
1500 4.374355e-05 7.644327e-03
1501 3.994878e-04 3.315020e-02
1502 3.386150e-04 3.047600e-02
1503 3.059788e-05 1.138104e-02
1504 1.558127e-03 1.222709e-01
1505 5.670201e-05 5.554101e-02
1506 2.189987e-06 1.532844e-03
1507 2.650427e-04 3.128171e-02
1508 3.789013e-03 3.538055e-01
1509 4.583165e-06 2.887509e-03
1510 2.401371e-06 3.181524e-03
1511 1.522098e-04 1.673711e-02
1512 2.744576e-07 1.026238e-03
1513 9.505740e-05 1.275722e-02
1514 1.113395e-05 4.858499e-03
1515 2.912614e-05 7.367861e-03
1516 6.227548e-04 4.077123e-02
1517 4.583301e-05 7.838261e-03
1518 1.559330e-04 5.622101e-02
1519 6.036280e-07 1.762670e-03
1520 1.284667e-04 1.916510e-02
1521 2.039837e-06 2.187904e-03
1522 4.324097e-06 4.077273e-03
1523 6.666784e-06 4.252223e-03
1524 8.118974e-04 5.736118e-02
1525 2.877053e-05 1.131524e-02
1526 8.613443e-05 1.606182e-02
1527 9.209870e-05 1.144937e-02
1528 5.639543e-06 5.693326e-03
1529 4.303867e-05 1.151414e-02
1530 8.667840e-06 5.908981e-03
1531 6.832489e-04 4.670290e-02
1532 1.558878e-05 7.246532e-03
1533 4.434262e-04 5.134921e-02
1534 6.350838e-04 9.459164e-02
1535 6.833857e-04 1.931089e-01
1536 2.252516e-03 1.616309e-01
1537 1.044718e-05 7.141464e-03
1538 1.281073e-03 1.729055e-01
1539 1.249343e-04 1.518588e-02
1540 2.412670e-05 4.550087e-02
1541 1.663809e-03 1.447202e-01
1542 3.970096e-03 2.188558e-01
1543 3.780470e-06 5.239979e-03
1544 2.686370e-05 1.394867e-02
1545 6.113558e-07 3.605757e-03
1546 5.383878e-05 1.133399e-02
1547 1.479114e-04 2.167933e-02
1548 1.439178e-05 3.871973e-02
1549 9.186299e-07 2.574501e-03
1550 1.176274e-04 1.643299e-02
1551 4.403658e-05 1.399315e-02
1552 3.869135e-07 1.260493e-03
1553 7.950772e-06 3.044128e-03
1554 8.006328e-04 6.752171e-02
1555 1.945194e-04 8.878818e-02
1556 1.167471e-04 2.181553e-02
1557 8.468355e-04 6.053073e-02
1558 2.554673e-03 1.678097e-01
1559 6.198595e-04 2.258274e-02
1560 8.396557e-06 3.940748e-03
1561 1.949632e-04 1.252051e-02
1562 9.838581e-06 1.211949e-02
1563 2.711339e-05 2.760340e-03
1564 7.858845e-06 6.853942e-03
1565 1.193310e-04 2.709419e-02
1566 8.527445e-05 1.085626e-02
1567 2.478211e-05 3.966415e-03
1568 8.328944e-06 2.483325e-03
1569 8.837237e-05 9.788426e-03
1570 1.935323e-04 2.296728e-02
1571 2.679334e-04 2.595938e-02
1572 1.088867e-06 1.896152e-03
1573 4.838170e-04 5.447298e-02
1574 1.241128e-05 4.322151e-03
1575 5.336388e-05 1.434225e-02
1576 2.298786e-05 1.345897e-02
1577 1.352350e-03 9.310517e-02
1578 2.436792e-06 6.365277e-03
1579 5.779390e-05 1.540596e-02
1580 1.481499e-07 2.489578e-03
1581 4.645293e-06 3.520403e-03
1582 1.098518e-05 5.389397e-03
1583 2.611849e-04 3.135474e-02
1584 1.267606e-05 6.026088e-03
1585 1.089825e-03 1.229863e-01
1586 8.320219e-04 1.390205e-01
1587 4.181741e-04 7.639291e-02
1588 1.681017e-04 2.642237e-02
1589 7.763454e-04 5.792245e-02
1590 7.393950e-04 1.169255e-01
1591 3.300211e-04 3.832333e-02
1592 1.256981e-04 2.070409e-02
1593 7.501318e-04 4.423806e-02
1594 1.962572e-04 2.363625e-02
1595 4.035204e-05 1.138447e-02
1596 5.761849e-05 1.354819e-02
1597 7.299985e-05 1.350476e-02
1598 4.653460e-04 4.250732e-02
1599 7.508208e-06 2.426706e-03
1600 7.307118e-04 6.536409e-02
1601 8.488904e-07 1.261430e-03
1602 5.141470e-04 6.300147e-02
1603 4.615539e-06 2.153909e-03
1604 1.365451e-06 2.480737e-03
1605 5.362471e-05 1.339546e-02
1606 8.022925e-08 2.938074e-03
1607 4.209842e-07 1.940326e-03
1608 2.367767e-06 1.865282e-03
1609 6.659035e-05 6.218103e-03
1610 2.608991e-04 2.323040e-02
1611 1.562641e-07 1.881521e-03
1612 8.443720e-07 2.176567e-03
1613 4.683944e-06 2.204482e-03
1614 1.115130e-06 4.741438e-03
1615 5.587729e-04 6.931109e-02
1616 1.916924e-04 2.747894e-02
1617 4.154978e-04 2.451033e-02
1618 7.224509e-05 2.669411e-02
1619 5.087010e-03 2.195549e-01
1620 1.916941e-05 9.127598e-03
1621 4.869793e-04 6.251260e-02
1622 1.189608e-05 3.358110e-03
1623 9.461561e-05 3.828322e-02
1624 4.269702e-06 5.087669e-03
1625 4.132270e-07 1.657921e-03
1626 1.494830e-05 8.358692e-03
1627 2.319015e-05 4.667945e-03
1628 4.275058e-07 1.970654e-03
1629 3.928943e-04 3.160415e-02
1630 1.402393e-06 1.687502e-03
1631 2.122761e-05 6.770452e-03
1632 1.509624e-05 9.533411e-03
1633 1.123077e-04 2.123281e-02
1634 2.862184e-03 2.187507e-01
1635 6.270346e-04 3.481348e-02
1636 1.844165e-03 4.797761e-01
1637 3.072563e-04 6.881555e-02
1638 6.252822e-05 1.322721e-02
1639 3.970881e-03 2.119353e-01
1640 3.655148e-04 5.317485e-02
1641 1.116241e-03 1.553308e-01
1642 1.262916e-04 3.607131e-02
1643 1.209973e-04 1.967127e-02
1644 9.290381e-04 6.634979e-02
1645 8.102075e-07 1.566152e-03
1646 4.933754e-05 4.227215e-03
1647 2.334427e-03 1.557976e-01
1648 8.918920e-06 5.349949e-03
1649 7.290003e-05 1.082175e-02
1650 1.490647e-03 1.012217e-01
1651 1.455954e-05 1.429570e-03
1652 5.731882e-04 1.427840e-01
1653 2.282147e-03 1.043606e-01
1654 2.082465e-06 2.665343e-03
1655 3.686916e-06 4.816397e-03
1656 4.403865e-06 3.663258e-03
1657 5.310487e-07 1.242235e-03
1658 3.755532e-06 2.774395e-03
1659 2.550177e-05 4.870047e-03
1660 4.068614e-07 2.006882e-03
1661 1.808909e-04 2.926539e-02
1662 4.500700e-06 8.020697e-03
1663 1.565190e-05 1.447224e-02
1664 1.128366e-06 6.784451e-03
1665 5.750351e-05 8.487804e-03
1666 1.835469e-04 1.912161e-02
1667 1.109116e-04 3.343991e-02
1668 1.076331e-05 2.034030e-03
1669 5.055768e-06 4.447271e-03
1670 3.876440e-05 8.784097e-03
1671 4.985975e-06 4.157530e-03
1672 2.732299e-05 2.841459e-02
1673 1.901382e-04 1.524773e-02
1674 4.749096e-06 2.549205e-03
1675 2.783461e-05 4.563905e-03
1676 1.432969e-06 1.369244e-03
1677 3.074888e-05 1.002216e-02
1678 1.518469e-03 1.056024e-01
1679 4.362826e-05 1.030710e-02
1680 4.502064e-05 1.013090e-02
1681 8.501346e-04 1.967083e-02
1682 5.578253e-05 5.796014e-03
1683 4.185486e-05 1.209113e-02
1684 8.071199e-06 5.325535e-03
1685 5.181375e-07 2.203448e-03
1686 4.776353e-05 1.204885e-02
1687 2.603401e-05 5.014044e-03
1688 3.564890e-07 1.151195e-03
1689 3.851916e-05 3.085833e-02
1690 1.075341e-05 9.267134e-03
1691 8.484606e-05 3.423848e-02
1692 1.934156e-03 1.645985e-01
1693 1.427732e-03 7.248636e-02
1694 6.902034e-05 4.574471e-02
1695 9.034480e-06 6.844809e-03
1696 2.416248e-06 2.743174e-03
1697 4.500722e-06 6.072471e-03
1698 2.172706e-04 3.774774e-02
1699 3.230327e-05 1.368856e-02
1700 1.456531e-05 6.120034e-03
1701 3.129313e-05 7.417995e-03
1702 3.838285e-06 5.882859e-03
1703 3.735816e-05 1.166136e-02
1704 8.892657e-06 6.201794e-03
1705 3.911178e-03 1.088517e-01
1706 4.399625e-04 2.058754e-02
1707 4.236182e-06 2.808984e-03
1708 1.494840e-07 2.060443e-03
1709 6.021230e-07 5.375531e-03
1710 3.975645e-07 1.410373e-03
1711 1.508901e-06 1.042786e-02
1712 7.586245e-06 4.189184e-03
1713 2.959053e-06 4.329934e-03
1714 3.099048e-06 5.705855e-03
1715 3.492541e-06 4.186202e-03
1716 2.789565e-06 6.049352e-03
1717 9.989018e-08 2.191542e-03
1718 1.402303e-05 1.685299e-02
1719 1.185918e-07 1.981104e-03
1720 8.765139e-06 4.345000e-03
1721 4.464889e-07 1.523613e-03
1722 3.151695e-05 1.003373e-02
1723 1.243469e-07 1.300439e-03
1724 3.498908e-07 1.412689e-03
1725 2.775203e-06 1.871419e-03
1726 9.661383e-05 3.489283e-02
1727 6.517352e-06 1.011459e-02
1728 1.467392e-06 2.519693e-03
1729 2.065430e-05 7.303305e-03
1730 3.020889e-06 4.271322e-03
1731 3.045125e-06 3.153283e-03
1732 2.526273e-04 1.957119e-02
1733 1.469179e-03 1.358174e-01
1734 1.937278e-03 1.091166e-01
1735 2.278721e-04 5.525801e-02
1736 5.486082e-06 7.473870e-03
1737 9.910190e-06 6.805904e-03
1738 1.495450e-03 1.021677e-01
1739 6.335711e-04 2.070336e-02
1740 2.321387e-04 1.327681e-02
1741 1.135741e-07 1.327414e-03
1742 2.860899e-06 1.584669e-03
1743 2.084523e-06 3.952682e-03
1744 7.753584e-07 2.050010e-03
1745 8.262907e-07 2.193005e-03
1746 3.872578e-05 6.981277e-03
1747 2.695339e-05 1.992021e-02
1748 3.420396e-05 6.225465e-03
1749 2.218304e-05 5.595447e-03
1750 3.199330e-05 7.155764e-03
1751 4.981403e-06 3.723484e-03
1752 2.708850e-05 7.172688e-03
1753 3.085454e-04 5.739688e-02
1754 1.492949e-03 9.943454e-02
1755 1.258580e-03 6.916189e-02
1756 4.207734e-05 1.715552e-02
1757 1.410580e-04 4.717228e-02
1758 2.641922e-03 2.144398e-01
1759 3.838631e-04 1.010463e-01
1760 8.764603e-04 7.798243e-02
1761 2.705039e-03 2.080999e-01
1762 3.404159e-03 1.895787e-01
1763 9.567758e-04 1.107490e-01
1764 3.924268e-05 1.935264e-02
1765 1.030811e-04 2.741002e-02
1766 4.043363e-04 1.121082e-01
1767 1.292546e-04 2.062996e-02
1768 9.474633e-05 2.734770e-02
1769 3.834913e-04 8.028730e-02
1770 2.121349e-04 4.935489e-02
1771 7.277122e-04 6.219662e-02
1772 5.284953e-07 4.338121e-03
1773 6.155626e-03 3.955195e-01
1774 1.371947e-03 1.296839e-01
1775 2.715811e-03 4.422506e-01
1776 3.296985e-04 3.173733e-02
1777 1.458542e-04 3.230346e-02
1778 1.849980e-03 1.653914e-01
1779 2.314372e-04 4.324908e-02
1780 8.660534e-05 2.429810e-02
1781 1.213026e-04 1.989638e-02
1782 1.021474e-04 2.144111e-02
1783 1.350840e-03 1.219026e-01
1784 4.537681e-04 4.399498e-02
1785 5.666756e-04 7.021434e-02
1786 1.908047e-05 5.232853e-03
1787 1.270531e-04 9.775844e-03
1788 9.880850e-04 1.329091e-01
1789 2.532745e-04 8.338257e-02
1790 4.101236e-05 1.292783e-02
1791 3.264151e-04 1.185354e-01
1792 6.699931e-04 4.794878e-02
1793 1.217915e-04 3.380554e-02
1794 3.918353e-05 1.428456e-02
1795 7.788989e-05 2.077078e-02
1796 2.017404e-04 7.068304e-02
1797 3.000994e-04 7.932500e-02
1798 9.949623e-05 4.037444e-02
1799 2.906093e-05 1.432101e-02
1800 2.936881e-04 8.201169e-02
1801 1.109703e-04 1.817659e-02
1802 1.499436e-04 4.793374e-02
1803 3.562831e-04 4.604240e-02
1804 5.688103e-04 7.214803e-02
1805 9.370131e-05 3.510644e-02
1806 1.102743e-04 4.968510e-02
1807 4.916838e-05 1.858860e-02
1808 2.757222e-04 1.050916e-01
1809 9.368565e-06 1.936311e-02
1810 4.262466e-06 8.959335e-03
1811 7.898480e-06 1.004252e-02
1812 7.902629e-05 1.483695e-02
1813 1.943942e-05 6.280618e-03
1814 5.418597e-05 1.991656e-02
1815 2.703999e-04 4.454184e-02
1816 1.605847e-04 1.632465e-02
1817 2.972086e-04 4.433869e-02
1818 1.091014e-04 4.033830e-02
1819 2.328291e-03 1.108535e-01
1820 1.131044e-03 4.301514e-02
1821 4.101766e-05 1.424271e-02
1822 1.983345e-05 1.613269e-02
1823 1.039949e-04 4.160268e-02
1824 2.253741e-04 2.176446e-02
1825 2.094474e-03 1.513187e-01
1826 1.011499e-04 2.848658e-02
1827 1.396746e-05 9.986481e-03
1828 7.820300e-05 1.393444e-02
1829 5.197481e-05 1.334945e-02
1830 3.645043e-03 2.145710e-01
1831 3.800231e-05 7.487236e-03
1832 1.106847e-04 2.774898e-02
1833 1.126142e-05 1.070150e-02
1834 4.426456e-05 1.161889e-02
1835 2.798258e-06 8.403713e-03
1836 2.015973e-06 5.123034e-03
1837 1.883292e-04 2.667779e-02
1838 7.658348e-05 2.052151e-02
1839 9.458621e-05 3.960077e-02
1840 4.107144e-04 4.551019e-02
1841 1.013562e-04 2.784881e-02
1842 4.860773e-05 1.809416e-02
1843 4.260769e-05 1.253192e-02
1844 3.665330e-05 1.734917e-02
1845 1.293395e-05 1.179313e-02
1846 6.766962e-06 6.919620e-03
1847 1.878612e-05 8.675250e-03
1848 2.032213e-05 1.160272e-02
1849 3.781413e-05 1.273167e-02
1850 3.914404e-05 9.164201e-03
1851 2.005603e-05 4.901583e-03
1852 3.697943e-06 4.204639e-03
1853 8.796797e-06 3.792396e-03
1854 3.016976e-04 2.548364e-02
1855 1.571729e-04 1.946590e-02
1856 4.105836e-04 4.495470e-02
1857 3.228800e-04 3.307597e-02
1858 4.482212e-04 3.280737e-02
1859 2.233048e-05 4.596748e-03
1860 2.138006e-04 3.041028e-02
1861 9.826610e-06 7.599091e-03
1862 2.828869e-05 7.562272e-03
1863 9.793670e-05 2.240832e-02
1864 8.809784e-04 6.007092e-02
1865 1.040817e-04 3.826035e-02
1866 3.589501e-04 3.093944e-02
1867 6.623785e-05 9.057033e-03
1868 2.897889e-06 9.580826e-03
1869 6.175020e-06 6.281424e-03
1870 4.914951e-05 1.411008e-02
1871 7.258220e-04 6.203756e-02
1872 2.907846e-04 8.178713e-02
1873 3.468500e-05 1.223861e-02
1874 3.038695e-04 5.204714e-02
1875 1.623533e-04 2.853946e-02
1876 5.682696e-06 5.521576e-03
1877 5.780039e-05 1.324914e-02
1878 9.834658e-06 6.401255e-03
1879 1.131364e-04 2.121858e-02
1880 3.099722e-05 1.132123e-02
1881 3.428590e-03 1.444834e-01
1882 1.714365e-04 4.656495e-02
1883 1.414652e-04 3.903464e-02
1884 5.282689e-04 3.613149e-02
1885 3.595070e-04 1.885116e-02
1886 5.486717e-04 3.614185e-02
1887 2.651103e-06 7.675451e-03
1888 2.220325e-05 1.544374e-02
1889 4.506438e-06 7.844362e-03
1890 1.250964e-06 5.447236e-03
1891 7.850771e-06 5.152153e-03
1892 5.670554e-06 5.711634e-03
1893 4.801660e-06 2.171150e-02
1894 4.358317e-04 3.675840e-02
1895 8.021532e-05 1.554830e-02
1896 3.409837e-06 4.880109e-03
1897 1.591154e-06 3.593753e-03
1898 3.596747e-06 3.383677e-03
1899 8.114812e-05 1.483343e-02
1900 5.377943e-05 1.627462e-02
1901 1.858470e-07 1.731278e-03
1902 3.988997e-04 3.503485e-02
1903 6.385026e-04 1.254355e-01
1904 1.134236e-04 1.394736e-02
1905 1.115179e-04 1.675210e-02
1906 1.273844e-03 1.982008e-01
1907 1.012790e-05 7.090273e-03
1908 2.395030e-05 7.367273e-03
1909 3.103677e-06 5.290071e-03
1910 2.000361e-04 1.818486e-02
1911 1.222412e-05 1.162462e-02
1912 2.829032e-04 3.354572e-02
1913 1.234634e-04 5.713358e-02
1914 2.676373e-04 3.440111e-02
1915 2.703220e-03 1.610163e-01
1916 5.820923e-04 6.376956e-02
1917 1.683204e-03 6.802463e-02
1918 2.762210e-04 3.487821e-02
1919 1.776544e-04 1.017904e-01
1920 3.690642e-04 4.708730e-02
1921 6.010219e-05 2.532046e-02
1922 5.040395e-04 1.019028e-01
1923 4.548456e-04 4.519002e-02
1924 8.573067e-04 1.121185e-01
1925 3.332250e-04 4.999471e-02
1926 1.047557e-04 2.031787e-02
1927 2.054192e-04 3.454729e-02
1928 1.301766e-03 1.461440e-01
1929 1.588598e-04 3.317027e-02
1930 1.518602e-05 5.197680e-03
1931 6.770100e-05 3.377452e-02
1932 2.210711e-05 2.551544e-02
1933 6.365119e-05 1.114969e-02
1934 9.622803e-06 7.203329e-03
1935 2.411023e-04 3.797377e-02
1936 3.143834e-05 1.294003e-02
1937 4.583518e-04 1.894425e-02
1938 1.255197e-04 2.249184e-02
1939 4.154454e-04 3.110471e-02
1940 2.053746e-04 7.931306e-02
1941 3.277407e-05 7.064197e-03
1942 4.238348e-04 6.108358e-02
1943 6.273260e-04 6.763860e-02
1944 1.488388e-04 2.731702e-02
1945 1.561855e-05 9.237728e-03
1946 2.635423e-04 8.113230e-02
1947 3.349138e-05 1.622551e-02
1948 1.197045e-04 1.838289e-02
1949 4.494743e-04 7.652055e-02
1950 1.133455e-04 1.377232e-02
1951 1.436135e-03 5.270612e-02
1952 7.426403e-04 5.457473e-02
1953 2.302065e-05 1.788169e-02
1954 6.510052e-05 9.711308e-03
1955 2.142800e-03 2.208374e-01
1956 1.500056e-03 1.644299e-01
1957 1.531420e-03 2.264203e-01
1958 1.757842e-03 1.201032e-01
1959 2.288790e-06 7.176352e-03
1960 1.383024e-05 7.857321e-03
1961 2.299049e-07 2.928959e-03
1962 1.233664e-05 5.982705e-03
1963 4.686702e-07 2.044809e-03
1964 2.587312e-06 3.434183e-03
1965 2.932107e-04 1.731112e-02
1966 4.745444e-05 1.045944e-02
1967 1.349172e-03 5.610907e-02
1968 6.411484e-05 9.527504e-03
1969 6.392608e-05 1.663368e-02
1970 5.420199e-06 9.102617e-03
1971 5.499111e-05 2.073560e-02
1972 3.432869e-06 7.019188e-03
1973 6.370197e-04 6.032106e-02
1974 2.041303e-04 3.011921e-02
1975 1.831559e-05 1.623532e-02
1976 2.137600e-04 2.136499e-02
1977 6.122683e-04 5.195321e-02
1978 2.936145e-04 2.444760e-02
1979 2.205512e-04 2.319225e-02
1980 1.812159e-04 1.210447e-02
1981 7.280509e-05 1.151166e-02
1982 2.192721e-04 5.571472e-02
1983 2.299440e-03 1.878506e-01
1984 2.234991e-04 7.032314e-02
1985 6.721536e-04 1.005829e-01
1986 3.269516e-04 4.520579e-02
1987 1.853715e-03 2.077336e-01
1988 1.694450e-04 2.877707e-02
1989 1.620480e-04 4.292813e-02
1990 8.013057e-04 9.861243e-02
1991 1.796222e-05 1.228371e-02
1992 1.211265e-04 2.070484e-02
1993 4.215486e-04 3.158739e-02
1994 3.780245e-04 2.213429e-02
1995 1.045812e-04 1.742782e-02
1996 3.080220e-05 1.006657e-02
1997 8.153711e-04 4.617827e-02
1998 1.133532e-03 7.504495e-02
1999 2.692981e-03 1.239390e-01
2000 1.649974e-03 4.275454e-02
