2 9.768859e-04 5.905784e-02
3 1.722821e-03 2.299491e-01
4 3.798735e-04 1.214406e-01
5 7.569382e-04 5.720767e-02
6 5.243458e-03 3.123762e-01
7 1.509997e-03 3.743281e-02
8 2.854239e-04 3.416200e-02
9 2.718173e-05 7.195310e-03
10 2.724176e-04 1.432950e-02
11 2.787948e-03 9.470055e-02
12 2.863548e-05 7.834014e-03
13 1.504705e-03 9.523381e-02
14 8.784158e-04 3.555100e-02
15 4.116716e-04 3.024498e-02
16 3.133180e-04 4.290290e-02
17 3.771354e-05 7.644319e-03
18 3.555519e-04 7.231764e-02
19 1.774875e-03 6.112197e-02
20 8.813454e-04 1.014105e-01
21 3.303771e-04 4.385671e-02
22 1.429030e-04 1.685603e-02
23 8.766424e-04 1.027610e-01
24 1.907155e-03 7.951394e-02
25 7.834687e-05 1.450816e-02
26 3.174098e-03 1.826972e-01
27 2.537379e-04 2.380899e-02
28 5.516989e-05 1.455851e-02
29 5.666314e-04 2.467122e-01
30 1.923244e-05 6.507162e-03
31 8.895223e-05 2.086414e-02
32 2.244193e-03 6.383665e-02
33 6.412334e-05 5.750726e-03
34 3.074975e-05 3.851556e-03
35 5.369385e-04 8.624157e-02
36 2.666971e-04 1.582111e-02
37 2.070105e-03 1.872018e-01
38 5.136772e-03 1.990157e-01
39 1.517797e-03 2.755869e-01
40 4.738810e-04 7.088735e-02
41 3.866711e-05 5.950558e-03
42 1.708737e-03 1.988781e-01
43 4.850397e-05 7.002025e-03
44 4.931799e-06 2.497307e-03
45 7.273421e-06 2.463044e-03
46 1.186113e-06 1.390102e-03
47 3.771208e-05 5.323070e-03
48 2.658074e-05 5.928050e-03
49 6.920584e-05 7.447024e-03
50 3.115521e-04 1.805880e-02
51 5.000047e-06 2.944462e-03
52 1.639397e-05 5.048537e-03
53 3.858169e-05 4.439492e-03
54 5.974488e-06 3.979527e-03
55 7.535411e-06 3.053524e-03
56 7.549376e-05 1.076047e-02
57 9.438163e-05 8.449070e-03
58 1.379521e-06 1.664958e-03
59 3.358760e-05 7.742199e-03
60 1.072253e-06 2.240988e-03
61 6.098395e-06 3.944026e-03
62 3.011268e-07 1.223402e-03
63 1.026664e-05 4.860901e-03
64 1.188359e-04 7.918174e-03
65 4.108743e-06 2.194285e-03
66 4.339276e-05 3.387603e-03
67 1.397883e-05 4.277025e-03
68 5.162123e-05 6.995221e-03
69 2.237910e-05 5.069222e-03
70 1.802270e-03 7.214027e-02
71 2.243728e-06 4.374678e-03
72 5.960703e-05 6.610224e-03
73 7.300033e-06 2.988193e-03
74 4.546392e-06 5.432506e-03
75 3.669762e-05 4.402853e-03
76 1.861814e-05 5.032150e-03
77 2.491861e-06 3.770318e-03
78 9.435292e-05 1.411587e-02
79 5.983573e-05 7.232178e-03
80 3.888646e-04 4.363321e-02
81 2.646595e-06 2.839992e-03
82 3.430349e-04 2.562901e-02
83 2.123341e-06 2.405792e-03
84 5.139356e-05 1.078414e-02
85 7.744182e-06 7.277781e-03
86 2.423317e-05 7.732934e-03
87 4.366042e-04 3.858427e-02
88 1.687435e-06 2.710331e-03
89 7.700079e-05 8.753369e-03
90 1.351478e-03 5.609143e-02
91 8.774793e-05 6.585877e-03
92 5.669607e-04 3.822794e-02
93 2.151818e-04 1.131700e-02
94 6.693584e-05 7.315843e-03
95 1.020798e-05 5.140734e-03
96 5.192746e-05 4.439083e-03
97 1.497675e-05 9.882870e-03
98 1.476074e-05 4.378420e-03
99 1.228494e-03 1.715105e-01
100 2.871093e-03 1.226795e-01
101 6.418225e-04 7.017303e-02
102 1.870176e-05 3.452684e-03
103 1.437750e-03 6.369650e-02
104 2.937776e-05 2.364439e-02
105 2.405550e-04 1.727549e-02
106 3.232286e-04 2.729014e-02
107 2.476887e-05 1.084512e-02
108 2.074252e-04 6.021346e-02
109 5.091719e-05 1.026995e-02
110 2.043528e-05 3.331840e-03
111 3.726820e-05 8.242791e-03
112 7.094941e-05 1.626011e-02
113 2.201434e-04 2.656731e-02
114 4.397342e-06 8.004317e-03
115 7.540940e-05 9.732485e-03
116 3.463627e-04 3.507000e-02
117 3.543878e-05 4.193409e-03
118 3.726684e-06 3.531042e-03
119 1.255696e-03 6.197501e-02
120 6.071906e-05 1.100092e-02
121 2.926753e-05 6.526105e-03
122 2.714984e-05 4.198032e-03
123 8.928446e-05 1.580451e-02
124 6.946365e-05 5.949908e-03
125 1.236126e-03 6.903953e-02
126 1.834095e-05 4.308359e-03
127 5.624784e-06 1.056931e-02
128 2.356564e-03 1.979129e-01
129 2.263850e-03 1.733827e-01
130 2.282924e-04 4.682927e-02
131 8.473375e-04 8.008768e-02
132 1.345364e-04 1.945483e-02
133 4.689391e-03 2.873428e-01
134 1.282889e-04 9.995901e-03
135 3.635454e-04 2.743153e-02
136 2.496461e-06 2.232755e-03
137 2.777515e-05 1.170190e-02
138 1.246051e-05 3.184324e-03
139 4.006158e-05 5.755855e-03
140 1.801135e-04 1.794283e-02
141 1.498103e-05 6.389547e-03
142 3.295622e-04 2.974897e-02
143 4.138490e-04 6.762470e-02
144 1.360980e-03 3.484381e-02
145 1.922859e-04 3.009890e-02
146 2.220661e-05 9.283848e-03
147 3.555177e-04 2.045871e-02
148 2.320521e-05 4.158967e-03
149 8.037373e-04 5.503148e-02
150 1.782317e-04 3.963801e-02
151 1.245148e-04 1.520511e-02
152 5.992292e-05 3.049334e-02
153 3.022913e-05 7.637959e-03
154 3.181160e-05 9.368219e-03
155 5.197512e-06 2.529078e-03
156 7.007980e-05 1.018386e-02
157 1.880293e-04 9.903841e-03
158 2.918158e-07 3.771769e-03
159 4.367375e-05 1.404850e-02
160 1.686825e-05 8.400160e-03
161 1.376404e-05 4.005579e-03
162 1.132693e-04 1.157480e-02
163 9.062366e-05 1.020430e-02
164 1.447850e-05 3.679289e-03
165 2.260765e-06 1.507756e-03
166 3.806807e-06 1.819123e-03
167 2.030654e-05 6.270112e-03
168 1.416798e-05 3.484071e-03
169 9.158962e-05 7.956180e-03
170 3.002680e-05 4.202112e-03
171 1.530482e-04 2.242913e-02
172 9.722899e-04 7.251798e-02
173 6.282819e-04 2.891497e-02
174 9.518272e-04 7.059506e-02
175 4.564665e-07 1.235983e-03
176 2.859376e-05 8.563262e-03
177 5.875193e-07 3.145462e-03
178 6.224972e-06 7.091120e-03
179 8.013976e-06 7.840045e-03
180 2.958959e-07 1.262699e-03
181 2.374344e-04 7.266179e-02
182 8.604292e-05 1.266744e-02
183 1.022660e-04 1.014863e-02
184 2.708165e-05 6.984965e-03
185 5.020568e-07 1.493353e-03
186 3.432649e-04 2.517809e-02
187 2.142212e-03 2.579003e-01
188 2.561123e-04 1.780665e-02
189 1.038035e-04 5.291359e-03
190 1.124189e-05 4.394487e-03
191 5.651498e-06 6.361352e-03
192 1.212033e-05 4.926591e-03
193 1.359132e-05 5.555050e-03
194 1.212033e-05 4.926591e-03
195 1.107355e-04 1.049828e-02
196 6.803114e-05 6.661087e-03
197 7.255629e-05 1.865600e-02
198 5.131457e-05 1.068471e-02
199 2.384907e-05 1.364989e-02
200 2.181136e-04 4.008439e-02
201 5.981604e-04 6.162792e-02
202 3.956601e-05 9.115896e-03
203 7.308717e-04 7.882619e-02
204 1.707589e-06 3.812055e-03
205 9.561632e-05 1.192574e-02
206 1.021935e-04 1.382700e-02
207 6.248828e-05 2.862480e-02
208 5.247559e-04 6.481006e-02
209 1.170127e-04 2.227745e-02
210 2.104500e-04 4.717746e-02
211 1.629079e-04 2.261633e-02
212 9.426898e-06 4.138152e-03
213 1.049021e-04 9.275745e-03
214 2.927893e-05 1.107907e-02
215 3.886036e-05 1.136725e-02
216 1.767808e-04 3.095603e-02
217 5.990467e-06 2.296641e-03
218 9.619745e-06 3.857843e-03
219 6.414226e-06 1.997874e-03
220 2.190303e-04 1.049459e-01
221 1.102641e-05 5.080115e-03
222 1.833083e-04 1.417457e-02
223 2.730920e-04 2.572815e-02
224 2.914101e-06 2.237417e-03
225 8.333900e-07 3.164952e-03
226 3.516700e-05 9.779793e-03
227 2.310912e-06 3.992109e-03
228 9.913880e-06 4.754003e-03
229 6.010734e-05 1.443356e-02
230 9.476993e-04 1.424926e-01
231 4.933162e-07 2.023360e-03
232 2.159489e-03 1.727762e-01
233 8.799581e-06 8.363979e-03
234 1.688727e-05 2.823008e-03
235 4.548163e-06 7.287785e-03
236 7.562892e-05 6.766811e-03
237 5.530618e-04 5.453482e-02
238 2.592143e-06 4.885403e-03
239 1.947490e-05 4.081253e-03
240 6.085697e-05 4.296688e-02
241 2.038108e-03 2.104149e-01
242 1.243014e-04 1.745704e-02
243 5.589434e-06 4.027596e-03
244 3.540589e-06 1.725287e-03
245 1.063327e-06 1.240559e-03
246 3.906701e-04 6.831952e-02
247 1.693151e-04 1.129277e-02
248 3.007725e-04 1.402871e-01
249 9.428521e-04 5.965339e-02
250 3.807585e-04 6.175826e-02
251 7.158394e-07 1.271412e-03
252 6.891626e-06 8.283862e-03
253 3.596698e-06 3.820383e-03
254 9.653573e-05 1.301085e-02
255 4.609522e-05 7.434240e-03
256 1.951999e-06 2.371231e-03
257 1.778431e-05 3.983152e-03
258 6.500551e-05 3.764194e-02
259 1.850099e-06 1.360898e-03
260 5.373495e-06 8.342096e-03
261 3.297286e-05 4.614787e-03
262 2.217096e-06 1.515309e-03
263 2.161195e-05 2.024166e-03
264 5.630394e-05 2.596241e-02
265 1.362005e-04 6.155737e-02
266 4.414050e-05 9.636487e-03
267 4.630438e-05 1.803535e-02
268 1.482834e-05 5.106374e-03
269 3.186983e-04 3.881093e-02
270 2.335833e-06 3.455586e-03
271 1.645506e-05 1.293955e-02
272 7.508381e-05 6.005796e-03
273 3.617590e-04 8.317606e-02
274 3.858506e-07 1.865735e-03
275 7.938719e-05 2.697802e-02
276 7.132451e-05 1.494532e-02
277 8.488492e-07 3.953282e-03
278 4.627152e-04 2.518638e-02
279 9.802572e-06 3.773999e-03
280 3.171916e-05 2.162880e-02
281 1.728888e-04 2.780256e-02
282 1.576199e-06 1.820804e-03
283 4.104097e-06 6.061043e-03
284 2.341587e-06 4.632072e-03
285 6.706173e-05 7.329025e-03
286 1.890808e-05 5.576111e-03
287 7.977644e-06 4.820765e-03
288 2.525020e-06 2.027519e-03
289 1.455192e-03 8.467120e-02
290 3.529417e-07 1.415978e-03
291 4.002461e-05 1.480259e-02
292 3.679533e-03 1.204980e-01
293 5.062947e-06 4.908266e-03
294 1.473529e-05 3.865738e-03
295 1.483401e-05 1.717646e-02
296 3.388127e-04 8.457572e-02
297 4.506370e-05 1.500744e-02
298 3.972374e-06 4.987804e-03
299 6.945273e-06 3.455603e-03
300 1.536459e-05 1.362217e-02
301 2.021018e-03 8.505625e-02
302 1.753634e-05 2.994679e-03
303 1.998704e-05 1.897798e-02
304 2.248295e-04 1.505225e-02
305 7.741774e-05 5.634773e-03
306 3.899353e-05 3.333200e-03
307 6.470808e-04 3.619184e-02
308 8.674727e-06 1.053328e-02
309 2.513772e-04 5.333905e-02
310 6.030423e-05 9.331769e-03
311 5.207070e-05 6.348940e-03
312 7.120044e-06 3.100580e-03
313 4.190104e-03 1.687108e-01
314 1.489050e-05 2.237096e-03
315 1.991583e-06 4.674944e-03
316 7.615164e-04 4.700362e-02
317 1.088925e-03 8.432321e-02
318 8.261591e-04 6.146771e-02
319 1.499640e-04 3.779553e-02
320 4.384477e-05 2.279314e-02
321 1.062770e-03 1.394719e-01
322 2.147161e-06 6.822028e-03
323 1.493784e-04 1.639802e-02
324 2.489084e-06 5.180206e-03
325 1.527504e-05 4.364894e-03
326 3.294842e-04 3.298252e-02
327 3.228180e-03 2.557980e-01
328 7.904882e-04 7.184873e-02
329 6.297422e-04 4.829808e-02
330 3.779393e-05 6.570810e-03
331 4.216762e-05 2.111127e-02
332 1.815302e-03 1.137323e-01
333 1.047041e-04 1.367213e-02
334 6.831962e-05 3.826587e-02
335 1.551578e-06 2.138898e-03
336 6.915704e-05 5.394637e-03
337 1.056104e-04 7.116898e-03
338 2.765289e-04 1.378629e-02
339 1.618052e-03 6.461594e-02
340 6.234903e-05 1.165245e-02
341 4.118726e-05 8.149731e-03
342 2.564521e-05 3.676981e-03
343 1.551213e-04 2.956870e-02
344 5.301031e-05 4.923996e-03
345 1.126193e-03 7.348896e-02
346 1.426600e-03 6.453889e-02
347 3.550635e-06 3.850962e-03
348 1.110140e-04 1.717419e-02
349 6.632836e-05 5.613350e-03
350 7.262380e-06 2.625849e-03
351 3.691745e-03 2.881793e-01
352 1.631759e-03 1.017496e-01
353 6.953606e-07 1.229819e-03
354 7.012536e-04 5.432051e-02
355 7.618097e-05 1.903392e-02
356 1.790491e-04 2.062945e-02
357 1.638042e-04 4.320729e-02
358 1.359510e-05 2.933735e-03
359 9.214334e-05 9.214524e-03
360 1.888282e-04 1.049311e-02
361 3.960260e-04 5.626976e-02
362 1.639907e-04 2.513592e-02
363 2.994102e-05 1.838656e-02
364 2.796209e-04 4.249924e-02
365 2.389066e-04 2.739649e-02
366 1.962290e-04 1.225818e-02
367 5.730681e-05 1.497968e-02
368 2.268138e-05 9.833676e-03
369 3.047658e-05 7.963310e-03
370 1.212865e-04 1.331729e-02
371 3.955180e-04 5.585863e-02
372 1.307306e-05 3.502004e-02
373 1.531070e-04 2.643106e-02
374 6.990781e-06 6.197755e-03
375 2.027834e-06 1.305830e-03
376 6.327584e-06 3.068722e-03
377 9.880166e-04 6.619868e-02
378 6.169387e-05 7.568189e-03
379 8.901029e-06 2.056229e-03
380 5.601552e-05 1.398075e-02
381 2.017742e-03 8.288449e-02
382 3.900763e-05 6.746697e-03
383 8.391509e-04 7.845679e-02
384 8.742350e-05 8.751668e-03
385 1.125414e-03 1.448400e-01
386 6.088922e-05 5.508146e-03
387 8.745496e-05 1.627738e-02
388 1.433274e-05 3.555778e-03
389 3.403490e-05 8.487243e-03
390 1.069937e-06 4.406441e-03
391 2.582672e-05 7.286264e-03
392 9.908140e-05 2.164692e-02
393 3.647463e-06 2.578891e-03
394 2.905507e-03 2.146395e-01
395 3.146302e-06 1.517898e-03
396 1.833473e-04 2.323441e-02
397 3.258813e-05 1.777719e-02
398 8.524851e-06 2.454331e-03
399 1.461785e-05 6.974632e-03
400 6.955814e-03 4.704663e-01
401 1.530189e-04 1.164878e-02
402 2.216531e-03 1.518750e-01
403 1.434935e-04 2.019207e-02
404 5.140503e-05 1.902206e-02
405 2.229714e-05 3.575390e-03
406 3.780903e-03 1.191973e-01
407 3.074860e-04 6.051932e-02
408 1.545236e-03 1.481680e-01
409 5.336782e-04 4.272909e-02
410 1.836659e-05 1.298977e-02
411 5.326304e-05 8.864804e-03
412 2.244637e-05 1.044166e-02
413 7.546462e-04 1.136650e-01
414 5.826123e-05 6.429322e-03
415 2.523603e-06 1.827577e-03
416 5.180585e-04 7.413765e-02
417 5.795098e-06 2.028029e-03
418 6.849346e-04 1.785489e-02
419 2.603752e-03 2.457141e-01
420 1.386974e-05 6.550484e-03
421 9.257554e-05 7.305843e-03
422 1.327713e-04 2.021558e-02
423 3.239679e-05 4.401873e-03
424 1.058524e-04 1.732761e-02
425 2.283079e-05 7.812954e-03
426 2.580035e-05 2.770983e-03
427 5.597985e-04 9.304525e-02
428 1.375220e-04 1.090971e-02
429 2.989950e-04 5.573303e-02
430 3.329695e-06 1.466423e-03
431 4.554007e-06 4.058425e-03
432 2.094572e-04 6.115702e-02
433 1.088344e-06 1.219321e-03
434 6.546677e-06 4.267543e-03
435 7.673812e-06 4.971214e-03
436 2.145512e-06 2.257460e-03
437 1.948240e-04 5.997909e-02
438 7.336476e-06 5.500059e-03
439 3.567377e-06 4.081018e-03
440 3.727791e-06 4.070148e-03
441 1.652829e-04 3.029539e-02
442 1.140048e-05 5.524890e-03
443 8.190901e-06 4.112088e-03
444 2.961832e-04 2.849246e-02
445 2.645928e-04 5.982766e-02
446 2.694701e-05 1.352187e-02
447 2.889577e-06 2.353337e-03
448 6.031650e-06 2.227891e-03
449 3.815029e-06 2.220804e-03
450 5.441636e-06 3.157573e-03
451 1.208893e-06 1.217611e-03
452 6.380717e-05 5.066661e-03
453 2.196821e-05 3.041156e-03
454 2.984169e-05 2.558210e-02
455 1.588558e-04 3.855202e-02
456 7.732844e-06 5.049553e-03
457 1.117693e-04 1.415044e-02
458 8.740658e-05 1.212778e-02
459 2.399130e-04 1.318667e-02
460 3.215497e-06 3.264719e-03
461 6.774219e-05 2.651477e-02
462 1.031322e-03 4.488394e-02
463 5.079509e-05 5.357891e-02
464 3.263655e-05 3.732616e-03
465 1.729523e-06 1.730894e-03
466 2.672744e-06 2.677379e-03
467 4.047579e-04 4.016950e-02
468 3.194744e-06 5.837597e-03
469 2.372740e-04 2.954823e-02
470 4.493436e-05 1.185826e-02
471 7.909607e-05 1.210120e-02
472 8.031974e-06 3.236651e-03
473 2.818734e-05 7.900889e-03
474 8.282266e-06 3.847417e-03
475 1.223898e-04 1.462370e-02
476 1.174283e-06 2.200750e-03
477 3.505309e-05 1.998736e-02
478 5.842619e-07 3.564942e-03
479 2.695075e-06 1.790126e-03
480 1.456404e-05 8.745384e-03
481 1.251002e-05 7.623777e-03
482 1.101934e-03 5.738539e-02
483 4.508924e-07 1.177593e-03
484 2.549486e-06 1.804872e-03
485 4.100251e-04 5.320245e-02
486 8.490114e-06 4.226022e-03
487 6.327421e-04 4.159578e-02
488 2.185859e-05 3.705844e-03
489 6.827803e-05 7.184313e-03
490 1.517024e-04 2.873969e-02
491 4.370049e-05 8.478291e-03
492 1.809750e-05 3.334653e-03
493 6.228705e-06 1.996320e-03
494 8.220790e-05 2.174436e-02
495 2.731912e-04 3.747284e-02
496 1.734850e-03 9.273811e-02
497 1.970631e-04 9.401495e-02
498 2.141937e-04 2.868537e-02
499 4.172615e-05 5.400879e-03
500 1.829904e-05 9.287765e-03
501 1.761269e-03 1.023921e-01
502 8.155304e-05 1.178115e-02
503 2.035360e-04 2.082219e-02
504 1.264864e-03 9.226133e-02
505 1.513830e-05 4.723524e-03
506 4.785560e-05 9.766918e-03
507 2.381040e-05 8.194490e-03
508 1.441546e-04 7.051514e-03
509 2.276975e-03 1.808698e-01
510 1.563923e-05 9.075595e-03
511 9.846526e-06 4.306295e-03
512 3.488913e-06 1.855324e-03
513 7.636736e-05 2.165211e-02
514 4.578434e-05 1.704173e-02
515 3.580149e-04 3.839574e-02
516 2.698233e-04 3.943117e-02
517 1.977467e-05 5.004507e-03
518 2.085019e-05 3.914634e-03
519 4.822946e-05 8.246645e-03
520 1.213893e-07 1.486486e-03
521 2.279593e-04 1.997591e-02
522 2.122034e-06 2.868977e-03
523 4.300951e-06 7.176049e-03
524 8.031072e-04 2.145526e-02
525 2.305357e-04 2.654171e-02
526 4.342433e-05 1.353676e-02
527 1.268891e-03 5.287576e-02
528 1.222070e-05 7.689112e-03
529 3.826842e-04 2.901223e-02
530 6.759330e-05 8.017453e-03
531 6.038428e-08 1.571495e-03
532 3.402398e-05 8.700178e-03
533 2.762412e-06 2.458649e-03
534 6.354771e-04 5.098943e-02
535 8.097092e-04 9.252154e-02
536 3.449156e-05 2.844971e-02
537 9.219671e-04 1.143848e-01
538 8.636382e-04 7.098586e-02
539 1.073595e-04 4.048846e-02
540 4.662583e-05 2.523332e-02
541 1.705309e-03 8.429151e-02
542 2.002924e-05 8.719483e-03
543 5.854361e-06 1.975424e-03
544 2.448532e-04 1.836358e-02
545 1.524006e-05 8.751768e-03
546 4.195479e-05 1.124904e-02
547 1.853363e-04 3.265208e-02
548 4.319875e-06 1.033626e-02
549 6.872765e-05 2.630669e-02
550 4.403349e-06 5.773694e-03
551 1.077679e-05 5.213957e-03
552 4.474747e-06 2.478632e-03
553 4.532660e-05 5.449134e-03
554 1.344325e-06 2.983702e-03
555 2.819693e-04 4.935191e-02
556 1.711214e-05 5.369691e-03
557 3.215995e-04 3.158541e-02
558 2.668276e-05 7.266900e-03
559 1.870504e-04 1.704530e-02
560 5.241284e-06 3.082086e-03
561 5.164082e-05 3.025079e-02
562 2.838208e-06 1.438768e-03
563 5.996168e-03 3.929978e-01
564 3.620494e-03 3.126044e-01
565 6.418627e-06 2.484252e-03
566 8.199087e-05 1.062525e-02
567 1.913563e-04 2.593685e-02
568 8.104569e-04 5.039546e-02
569 7.235561e-05 5.616461e-03
570 2.328985e-04 3.242213e-02
571 8.058695e-05 1.415913e-02
572 1.128238e-04 2.681920e-02
573 4.544260e-04 3.443415e-02
574 2.392035e-05 3.431767e-03
575 3.603924e-06 3.711748e-03
576 4.278085e-05 7.075879e-03
577 9.538208e-07 2.654584e-03
578 1.163697e-05 3.415780e-03
579 4.063639e-05 7.954512e-03
580 3.605682e-06 5.652143e-03
581 6.411578e-04 2.795608e-02
582 5.841278e-05 1.262547e-02
583 7.887802e-04 1.117140e-01
584 1.133754e-04 2.110840e-02
585 9.148863e-05 2.812238e-02
586 1.669263e-04 2.273410e-02
587 4.454507e-05 7.291604e-03
588 5.898361e-05 4.904821e-02
589 5.785092e-05 6.684193e-03
590 2.038513e-05 1.050013e-02
591 9.163895e-05 2.089712e-02
592 1.954949e-03 1.466497e-01
593 3.295164e-05 7.725402e-03
594 2.482536e-04 5.778677e-02
595 1.755178e-05 4.216876e-03
596 1.261773e-06 1.304163e-03
597 5.781806e-06 1.831084e-03
598 1.680869e-04 1.488896e-02
599 1.506251e-04 9.933221e-03
600 1.525890e-05 2.981144e-03
601 8.794971e-06 3.569590e-03
602 1.380129e-04 9.968577e-03
603 6.740269e-05 1.603340e-02
604 1.042390e-06 1.963712e-03
605 8.979099e-05 1.853063e-02
606 3.547559e-05 1.050508e-02
607 6.590456e-06 4.703840e-03
608 1.392231e-04 6.714004e-03
609 2.176171e-05 1.002622e-02
610 2.285516e-05 7.879191e-03
611 5.162719e-07 2.339046e-03
612 1.535531e-04 2.805808e-02
613 4.817282e-06 5.101286e-03
614 1.165460e-05 4.814345e-03
615 3.837585e-06 5.795645e-03
616 3.944693e-05 6.402087e-03
617 1.933325e-05 1.153309e-02
618 1.667172e-05 7.826527e-03
619 4.868541e-05 4.520510e-03
620 3.960102e-06 3.677629e-03
621 1.160714e-05 2.777629e-03
622 1.006635e-03 3.360272e-02
623 1.030500e-04 7.327414e-03
624 3.078621e-05 3.152257e-03
625 2.005132e-05 8.933654e-03
626 2.493632e-05 5.158879e-03
627 5.530777e-06 3.230797e-03
628 1.476135e-04 7.631516e-03
629 3.089262e-06 1.518484e-03
630 4.089831e-05 4.701371e-03
631 3.427977e-05 6.600820e-03
632 2.811461e-06 1.193023e-03
633 5.840106e-03 1.206717e-01
634 2.331663e-04 1.228411e-02
635 6.027071e-06 8.124361e-03
636 7.785626e-05 1.939389e-02
637 3.075333e-05 1.020893e-02
638 1.051868e-06 2.024261e-03
639 5.269209e-07 1.523064e-03
640 1.198177e-06 2.323856e-03
641 1.136111e-06 1.443937e-03
642 6.451324e-06 4.741409e-03
643 9.927347e-05 5.892784e-02
644 2.676934e-04 2.602130e-02
645 2.015499e-04 1.894634e-02
646 3.424506e-05 1.282960e-02
647 1.627331e-05 4.263587e-03
648 2.132679e-04 1.803905e-02
649 5.458529e-04 9.819804e-02
650 2.092205e-05 3.385928e-03
651 6.002154e-06 8.034587e-03
652 1.318150e-04 2.454010e-02
653 2.642459e-06 4.666691e-03
654 3.032716e-05 3.245725e-03
655 3.114622e-05 6.670943e-03
656 4.247334e-06 2.574532e-03
657 6.244138e-05 1.005519e-02
658 1.217199e-04 1.394924e-02
659 1.105646e-04 7.263243e-03
660 1.196671e-03 4.022472e-02
661 1.331342e-05 5.003335e-03
662 2.306817e-05 2.142414e-02
663 3.137048e-03 1.543937e-01
664 1.592245e-04 1.994616e-02
665 1.039941e-05 8.331683e-03
666 2.643727e-05 7.752510e-03
667 3.959174e-05 2.554356e-03
668 4.400505e-04 2.042210e-02
669 1.552612e-04 3.391974e-02
670 2.433539e-05 8.617256e-03
671 1.409135e-04 1.510500e-02
672 3.089102e-05 2.065669e-02
673 3.878725e-05 7.588262e-03
674 3.450195e-06 1.747960e-03
675 1.266673e-03 8.001316e-02
676 7.139350e-05 3.066363e-03
677 1.801918e-07 1.334203e-03
678 1.435132e-05 4.306921e-03
679 2.216667e-04 6.193155e-02
680 7.515031e-05 1.652219e-02
681 3.153921e-04 1.216816e-02
682 1.458345e-05 5.155720e-03
683 6.399401e-05 2.514047e-02
684 2.276046e-05 1.340883e-02
685 3.992308e-07 2.142364e-03
686 7.236766e-05 1.467574e-02
687 1.192815e-03 1.982680e-01
688 6.596939e-05 1.659809e-02
689 1.063924e-05 9.429201e-03
690 1.698361e-06 1.903068e-03
691 1.410468e-04 1.860989e-02
692 4.764276e-06 2.583658e-03
693 7.886060e-05 1.502374e-02
694 2.175159e-04 2.695426e-02
695 1.378313e-03 3.621982e-02
696 2.092031e-03 1.645901e-01
697 2.267440e-06 6.788520e-03
698 8.753117e-05 1.019111e-01
699 5.231743e-07 1.485566e-03
700 7.346415e-05 3.457439e-02
701 7.154851e-05 9.796034e-03
702 4.268722e-07 1.208926e-03
703 2.025018e-05 3.435536e-03
704 1.822447e-06 1.295768e-03
705 1.909624e-04 1.506954e-02
706 2.203609e-06 1.562961e-03
707 1.789084e-04 1.493770e-02
708 3.012705e-06 4.954470e-03
709 5.579075e-06 2.866671e-03
710 2.276626e-05 5.088618e-03
711 7.176589e-07 1.188099e-03
712 7.736054e-06 4.133432e-03
713 5.778193e-05 4.946959e-03
714 1.256601e-06 2.428243e-03
715 4.923969e-05 7.943313e-03
716 9.939341e-06 7.124331e-03
717 2.919518e-05 3.880312e-03
718 3.847833e-07 2.636186e-03
719 2.151527e-03 8.015899e-02
720 1.383494e-07 1.185127e-03
721 9.235985e-06 1.822492e-03
722 6.227485e-07 2.716207e-03
723 6.958628e-05 1.401632e-02
724 2.556670e-05 2.715665e-03
725 2.424033e-06 1.426335e-03
726 3.060205e-05 1.613570e-02
727 3.386153e-06 4.299881e-03
728 4.128323e-05 4.663846e-03
729 8.509913e-06 6.789632e-03
730 1.327287e-05 2.160862e-03
731 1.945788e-04 4.198451e-02
732 7.026335e-07 1.356557e-03
733 7.470794e-08 9.144080e-04
734 3.184879e-06 2.722602e-03
735 2.976257e-06 3.170678e-03
736 2.170155e-05 5.578945e-03
737 4.953161e-07 1.350537e-03
738 4.913186e-04 3.519934e-02
739 1.648018e-05 3.134888e-03
740 7.617614e-05 1.013790e-02
741 1.970020e-05 7.357574e-03
742 8.559521e-05 8.315865e-03
743 2.385493e-03 1.096358e-01
744 6.791679e-06 2.538307e-03
745 3.026390e-06 2.393511e-03
746 5.058319e-05 7.954222e-03
747 2.876404e-05 5.309155e-03
748 2.049182e-04 2.388057e-02
749 1.568811e-03 1.054874e-01
750 5.966532e-05 3.684604e-03
751 5.404330e-05 8.057249e-03
752 3.818786e-06 1.856103e-03
753 4.825507e-06 2.840136e-03
754 4.634897e-04 4.904080e-02
755 1.048465e-04 7.395582e-03
756 7.595242e-05 7.401332e-03
757 2.032325e-06 1.459843e-03
758 3.378703e-05 8.421274e-03
759 9.026228e-05 4.837278e-03
760 5.777106e-06 2.038547e-03
761 3.955063e-05 6.543428e-03
762 4.655710e-05 9.171290e-03
763 7.420234e-07 1.945038e-03
764 1.351176e-05 9.047917e-03
765 1.989734e-06 1.040746e-02
766 2.732762e-05 4.826381e-03
767 4.281889e-06 5.142460e-03
768 2.739140e-05 6.723948e-03
769 8.233242e-06 6.408720e-03
770 1.188006e-04 2.259796e-02
771 8.313973e-06 3.137463e-03
772 6.210244e-07 1.535695e-03
773 5.274932e-05 1.476045e-02
774 5.618209e-06 1.759081e-03
775 1.346295e-03 2.242848e-02
776 3.152351e-04 1.620490e-02
777 9.250272e-05 7.477505e-03
778 3.785950e-05 1.914047e-02
779 1.622048e-04 2.717680e-02
780 1.658116e-05 8.447060e-03
781 4.553493e-04 1.452496e-02
782 6.352550e-06 2.502001e-03
783 2.106693e-05 5.124050e-03
784 7.238741e-06 5.794180e-03
785 8.080840e-05 5.225235e-03
786 4.253510e-05 1.445254e-02
787 7.397772e-05 9.424101e-03
788 7.740289e-05 8.893295e-03
789 2.831070e-06 1.280124e-03
790 1.481539e-04 1.780955e-02
791 1.596544e-05 5.084590e-03
792 1.439315e-05 4.014810e-03
793 2.953007e-05 6.429163e-03
794 1.525254e-05 3.814066e-03
795 2.303893e-03 2.541208e-01
796 1.370214e-06 3.087008e-03
797 5.500949e-04 6.241484e-02
798 1.228533e-03 7.536447e-02
799 6.040923e-06 3.173183e-03
800 9.813742e-05 6.618761e-03
801 4.957512e-06 3.769417e-03
802 9.100830e-05 2.918446e-02
803 9.317021e-05 1.570768e-02
804 2.944650e-05 7.195299e-03
805 4.342053e-06 3.628512e-03
806 2.594981e-04 2.164619e-02
807 2.238196e-04 3.818255e-02
808 5.366341e-06 2.724724e-03
809 3.384819e-03 8.349663e-02
810 1.257161e-05 5.209518e-03
811 1.181977e-04 1.717363e-02
812 2.154987e-05 6.168558e-03
813 3.678252e-06 5.307854e-03
814 3.830632e-06 7.115870e-03
815 9.437733e-05 1.400379e-02
816 7.814662e-04 1.908073e-02
817 2.659142e-03 1.447374e-01
818 7.753892e-06 2.991273e-03
819 5.036127e-04 6.195125e-02
820 5.594852e-05 1.489277e-02
821 9.386961e-05 2.051488e-02
822 3.210860e-06 3.493543e-03
823 1.022079e-05 8.514934e-03
824 2.657672e-05 1.270351e-02
825 1.140882e-04 1.720667e-02
826 5.207677e-05 4.958329e-03
827 9.605714e-06 3.196754e-03
828 5.423039e-05 1.690346e-02
829 3.868145e-05 5.980761e-03
830 3.291193e-04 4.854779e-02
831 3.716177e-05 5.396862e-03
832 2.054693e-05 4.312053e-03
833 7.082808e-05 1.901359e-02
834 7.738860e-05 1.728272e-02
835 1.911260e-06 2.154881e-03
836 8.751692e-07 1.005804e-03
837 2.601976e-05 1.324483e-02
838 8.581789e-06 2.477284e-03
839 1.571648e-05 1.301288e-02
840 3.042749e-04 2.361032e-02
841 8.382435e-05 1.163894e-02
842 8.382227e-04 1.384855e-01
843 1.257720e-04 1.201040e-02
844 3.298165e-04 2.511467e-02
845 1.106830e-04 2.807520e-02
846 1.037126e-05 5.693011e-03
847 1.052341e-05 5.666292e-03
848 3.033121e-04 4.980575e-02
849 1.461596e-05 5.207718e-03
850 2.947760e-03 1.512840e-01
851 1.231643e-05 7.152515e-03
852 5.822312e-04 6.570774e-02
853 8.135458e-04 4.445103e-02
854 3.984176e-04 4.898012e-02
855 8.857113e-04 8.503712e-02
856 8.664165e-05 1.527173e-02
857 3.564418e-04 4.313232e-02
858 9.245970e-05 1.489128e-02
859 1.557585e-06 3.813655e-03
860 2.715112e-04 2.650608e-02
861 9.823679e-07 1.611827e-03
862 8.294261e-06 1.521963e-02
863 1.066713e-04 1.029340e-02
864 5.923718e-06 6.461759e-03
865 1.662610e-04 2.972482e-02
866 3.620341e-04 6.008658e-02
867 1.066576e-03 1.202996e-01
868 3.025944e-05 5.516035e-03
869 2.263228e-05 3.047329e-02
870 1.435341e-05 3.445760e-02
871 6.779987e-05 1.898198e-02
872 3.611294e-04 1.105157e-01
873 3.038231e-04 5.350164e-02
874 7.105182e-04 4.655819e-02
875 4.181593e-05 4.041789e-03
876 3.380062e-08 1.061663e-03
877 6.676846e-06 8.961914e-03
878 9.892595e-04 9.936627e-02
879 3.852632e-04 2.815311e-02
880 5.385713e-05 8.026805e-03
881 2.028175e-06 2.258405e-03
882 1.488410e-04 3.778733e-02
883 2.296217e-03 9.816429e-02
884 2.763778e-04 4.167197e-02
885 1.920575e-04 2.841699e-02
886 1.157005e-05 7.648195e-03
887 4.284117e-05 1.079472e-02
888 2.677302e-05 1.096865e-02
889 7.460979e-05 2.019886e-02
890 3.494828e-05 2.060695e-02
891 1.940778e-04 1.087933e-01
892 7.807299e-07 2.796053e-03
893 5.491434e-05 2.647095e-02
894 8.597455e-06 5.536813e-03
895 5.215591e-04 2.244679e-02
896 8.035250e-05 5.191839e-02
897 2.537321e-04 3.465456e-02
898 4.801893e-05 5.473288e-03
899 1.881499e-05 1.266586e-02
900 8.169720e-05 1.183111e-02
901 4.909921e-04 2.820601e-02
902 9.871774e-07 1.948441e-03
903 1.464472e-04 2.030876e-02
904 3.555626e-06 2.084279e-02
905 2.007795e-05 6.274585e-03
906 1.298865e-05 7.378281e-03
907 5.442011e-06 1.900032e-03
908 9.709397e-06 8.739810e-03
909 1.917169e-04 1.567506e-02
910 2.310012e-04 9.834900e-03
911 1.483512e-04 1.939914e-02
912 9.315745e-06 9.323666e-03
913 3.426918e-06 3.215386e-03
914 2.488489e-06 7.329314e-03
915 3.485136e-04 1.710478e-02
916 9.864611e-07 2.782451e-03
917 5.268652e-07 2.363264e-03
918 1.343951e-06 2.587867e-03
919 2.267338e-04 9.194496e-02
920 3.198607e-06 6.420885e-03
921 1.699519e-05 2.839350e-03
922 1.174334e-04 1.414899e-02
923 2.633279e-06 5.094264e-03
924 6.964319e-04 6.099506e-02
925 3.920981e-04 3.230328e-02
926 2.349860e-04 2.612422e-02
927 8.681243e-04 5.545511e-02
928 4.884518e-05 3.751496e-02
929 1.582904e-04 2.536931e-02
930 5.837471e-05 2.610119e-02
931 2.744443e-05 1.088843e-02
932 4.160876e-04 1.901468e-02
933 3.292393e-06 2.902896e-03
934 2.131539e-05 4.852138e-03
935 3.295337e-06 3.398755e-03
936 7.160380e-05 1.568628e-02
937 8.787557e-06 5.688478e-03
938 6.402317e-06 2.178086e-03
939 5.803815e-05 7.200021e-03
940 6.723545e-04 6.889682e-02
941 1.152565e-05 2.821608e-03
942 1.004074e-03 6.819196e-02
943 2.688011e-05 1.637518e-02
944 6.257425e-07 1.961269e-03
945 1.468375e-04 9.040090e-03
946 3.045606e-06 2.106987e-03
947 5.269108e-05 1.513214e-02
948 2.240000e-07 1.478677e-03
949 4.237357e-05 1.419325e-02
950 4.746419e-04 5.144971e-02
951 9.665199e-05 2.811096e-02
952 1.452435e-04 2.758467e-02
953 2.718310e-07 2.410467e-03
954 1.680945e-04 2.602337e-02
955 5.824419e-06 3.395139e-03
956 2.322342e-04 8.711731e-03
957 1.063725e-04 1.409526e-02
958 5.814402e-05 9.523767e-03
959 7.026301e-05 1.494331e-02
960 7.756214e-07 2.391702e-03
961 1.050838e-05 8.989397e-03
962 2.473462e-06 1.039950e-02
963 1.341595e-06 3.372340e-03
964 3.847080e-06 1.682023e-03
965 2.020879e-04 8.383622e-03
966 2.789798e-05 4.367832e-03
967 7.357367e-05 6.179695e-03
968 5.234048e-04 9.734449e-03
969 1.124300e-03 2.688000e-02
970 1.946808e-04 9.192082e-03
971 3.754398e-05 5.948756e-03
972 3.584333e-04 2.505687e-02
973 5.222178e-05 5.803182e-03
974 3.436504e-05 3.715216e-03
975 8.945514e-04 2.792767e-02
976 2.745877e-03 5.671625e-02
977 1.544757e-04 5.179858e-03
978 3.275116e-04 1.614661e-02
979 2.794048e-05 2.423397e-03
980 3.539667e-04 1.411038e-02
981 1.720920e-05 9.186126e-03
982 1.573213e-06 1.273571e-03
983 4.548133e-06 3.438387e-03
984 8.458527e-05 1.487131e-02
985 4.328787e-05 4.768126e-02
986 1.157137e-03 1.171695e-01
987 5.630776e-06 5.860823e-03
988 1.067066e-06 1.949612e-03
989 5.407215e-05 9.319477e-03
990 2.741159e-06 1.952404e-03
991 1.496734e-03 1.472769e-01
992 2.657916e-05 4.484836e-03
993 3.130618e-06 8.112664e-03
994 7.670818e-08 1.340869e-03
995 1.983536e-05 1.398761e-02
996 2.212028e-03 1.268071e-01
997 1.951851e-05 6.048639e-03
998 1.168973e-05 2.860789e-03
999 6.385577e-05 1.208057e-02
1000 1.170471e-07 1.340995e-03
1001 1.300464e-05 8.335581e-03
1002 5.808545e-04 4.674468e-02
1003 3.179706e-05 7.968659e-03
1004 9.332343e-05 2.898334e-02
1005 5.406168e-06 1.729071e-03
1006 1.533654e-03 8.199597e-02
1007 5.028716e-06 2.760473e-03
1008 2.932456e-05 4.950259e-03
1009 1.556961e-06 1.825661e-03
1010 4.515178e-05 8.495122e-03
1011 2.419208e-05 1.645594e-02
1012 1.584295e-03 1.015402e-01
1013 5.298777e-05 9.167753e-03
1014 6.307560e-05 5.734174e-03
1015 4.000987e-05 2.453200e-02
1016 6.484778e-05 5.990700e-03
1017 5.127442e-04 1.832149e-02
1018 4.237806e-04 5.821830e-02
1019 2.702910e-06 1.893185e-03
1020 4.668329e-06 1.080646e-02
1021 4.329051e-05 1.225800e-02
1022 7.301979e-07 1.400960e-03
1023 6.745021e-05 1.481369e-02
1024 3.494132e-05 7.816313e-03
1025 3.130034e-07 1.509443e-03
1026 3.996085e-07 1.929543e-03
1027 1.807678e-05 6.929096e-03
1028 8.534840e-05 7.658559e-02
1029 1.205888e-05 3.612542e-03
1030 1.532938e-05 2.715576e-03
1031 2.320936e-05 7.696621e-03
1032 7.287728e-04 1.121317e-01
1033 2.146556e-06 1.511424e-03
1034 3.257175e-05 1.201856e-02
1035 1.336756e-05 1.078509e-02
1036 3.319517e-04 3.292144e-02
1037 3.983511e-07 2.997752e-03
1038 9.837913e-06 2.770247e-03
1039 4.019310e-05 5.555689e-03
1040 4.551348e-06 2.860769e-03
1041 4.189446e-04 5.129892e-02
1042 5.446511e-05 5.225543e-03
1043 4.279875e-07 1.224731e-03
1044 7.032819e-06 2.681961e-03
1045 3.356617e-06 2.291248e-03
1046 1.223751e-07 1.275083e-03
1047 1.208523e-06 1.251946e-03
1048 8.939125e-06 4.312502e-03
1049 4.240830e-07 1.139385e-03
1050 1.740273e-03 1.927717e-01
1051 1.301616e-04 2.948312e-02
1052 8.053370e-06 2.033411e-03
1053 1.240885e-05 5.472964e-03
1054 2.468083e-06 1.797758e-03
1055 4.182131e-07 1.140217e-03
1056 5.736954e-05 7.564383e-03
1057 4.633477e-05 8.418225e-03
1058 1.443534e-06 1.467309e-03
1059 1.224952e-04 1.926674e-02
1060 2.030309e-06 1.397397e-03
1061 8.264734e-06 1.976534e-03
1062 4.189884e-07 1.134019e-03
1063 3.764248e-05 2.232103e-02
1064 2.756314e-04 2.526771e-02
1065 4.272167e-07 1.796478e-03
1066 1.048862e-06 1.154237e-03
1067 3.302761e-05 1.092468e-02
1068 2.451186e-06 1.605706e-03
1069 7.330301e-06 2.344035e-03
1070 1.188603e-06 1.167183e-03
1071 3.484449e-06 1.532202e-03
1072 2.541813e-06 2.415066e-03
1073 9.710312e-07 1.291673e-03
1074 1.081026e-06 1.847514e-03
1075 3.239876e-06 3.495915e-03
1076 2.683707e-05 3.222185e-03
1077 3.333635e-05 4.163100e-03
1078 5.726829e-05 9.884710e-03
1079 1.323040e-05 3.931136e-03
1080 2.300665e-04 2.836825e-02
1081 2.073782e-04 3.100580e-02
1082 4.477176e-06 2.928628e-03
1083 4.913136e-05 2.919258e-03
1084 1.088006e-06 1.181503e-03
1085 2.939536e-06 1.543173e-03
1086 2.773249e-06 2.641106e-03
1087 1.241506e-06 1.314983e-03
1088 4.507634e-05 3.261814e-03
1089 4.840110e-07 1.251458e-03
1090 4.536615e-07 1.193883e-03
1091 3.117606e-06 1.493101e-03
1092 4.848868e-06 1.641288e-03
1093 8.994113e-05 1.500831e-02
1094 5.439566e-05 9.282316e-03
1095 2.097662e-05 2.295488e-03
1096 1.572540e-04 1.497836e-02
1097 3.033541e-04 3.710562e-02
1098 5.913465e-06 7.606855e-03
1099 8.204297e-06 3.490602e-03
1100 3.977906e-07 1.111056e-03
1101 7.104404e-05 2.251401e-02
1102 2.329990e-05 1.063904e-02
1103 1.256808e-05 3.328067e-03
1104 1.162657e-04 2.024687e-02
1105 1.179107e-06 2.067677e-03
1106 5.508834e-04 3.084093e-02
1107 3.151770e-06 2.497864e-03
1108 1.700186e-05 6.609780e-03
1109 5.080935e-07 1.805855e-03
1110 2.871585e-05 7.688251e-03
1111 6.374033e-06 1.947333e-03
1112 4.327155e-07 1.780995e-03
1113 3.788213e-05 1.236794e-02
1114 1.178523e-04 9.914895e-03
1115 1.898125e-03 4.201512e-02
1116 8.700271e-08 1.964960e-03
1117 4.347628e-03 6.495795e-02
1118 4.736143e-06 4.645912e-03
1119 8.381235e-05 2.306960e-02
1120 7.688479e-04 4.002838e-02
1121 3.067530e-05 4.558848e-03
1122 1.461871e-04 1.340100e-02
1123 6.563321e-06 3.165985e-03
1124 1.523853e-05 1.272984e-02
1125 1.030529e-05 3.399113e-03
1126 9.849012e-06 6.518618e-03
1127 4.304104e-06 4.219491e-03
1128 3.836528e-05 3.681531e-02
1129 1.092472e-05 4.120615e-03
1130 1.372312e-05 1.068024e-02
1131 5.801405e-04 3.928024e-02
1132 7.062336e-05 6.339499e-03
1133 2.049468e-06 2.004126e-03
1134 2.071471e-04 1.075788e-02
1135 6.846217e-05 6.330168e-03
1136 5.000052e-04 1.905570e-02
1137 1.689799e-04 1.826864e-02
1138 1.398275e-07 1.858897e-03
1139 1.393784e-05 5.081840e-03
1140 7.322572e-07 2.145634e-03
1141 3.887579e-06 4.349736e-03
1142 2.562865e-04 1.723280e-02
1143 5.149964e-04 5.206851e-02
1144 8.510888e-06 6.346126e-03
1145 5.235272e-05 2.053924e-02
1146 3.346917e-04 7.636804e-02
1147 4.756666e-04 3.149653e-02
1148 1.121075e-06 2.371145e-03
1149 1.453638e-04 2.527797e-02
1150 1.343061e-06 2.338166e-03
1151 2.205914e-04 1.193571e-02
1152 6.783037e-04 3.692984e-02
1153 2.564493e-06 5.081059e-03
1154 2.454881e-06 1.889866e-03
1155 3.890022e-04 6.193220e-02
1156 6.629882e-06 2.396768e-03
1157 1.391767e-04 1.628317e-02
1158 9.342505e-06 3.939708e-03
1159 1.446337e-07 1.500679e-03
1160 4.630279e-06 2.540757e-03
1161 9.903628e-05 1.655794e-02
1162 7.812292e-04 6.732135e-02
1163 8.086500e-05 4.385224e-03
1164 1.061137e-04 4.142539e-02
1165 1.731839e-03 1.708277e-01
1166 8.950388e-05 5.111531e-03
1167 1.024616e-03 7.525570e-02
1168 1.311612e-04 1.048259e-02
1169 4.653004e-06 7.663508e-03
1170 7.673947e-06 5.628167e-03
1171 1.294067e-05 9.169660e-03
1172 3.658819e-04 5.617695e-02
1173 9.458131e-08 1.098300e-03
1174 1.690952e-03 9.461318e-02
1175 1.564719e-04 1.333644e-02
1176 9.970987e-07 1.748463e-03
1177 2.134242e-04 2.601625e-02
1178 7.785469e-04 7.542944e-02
1179 6.125129e-05 1.239487e-02
1180 9.475642e-06 6.018526e-03
1181 8.058321e-06 1.435558e-03
1182 5.714637e-06 7.275064e-03
1183 8.817565e-04 3.074101e-02
1184 2.942044e-05 1.375757e-02
1185 9.517620e-06 1.016389e-02
1186 3.559793e-04 2.299924e-02
1187 2.297706e-04 5.075301e-03
1188 1.429515e-06 1.869651e-03
1189 1.449533e-05 2.384424e-03
1190 1.880307e-07 1.982594e-03
1191 4.586332e-06 2.193700e-03
1192 1.172110e-04 8.160651e-02
1193 8.317906e-07 3.155772e-03
1194 6.170940e-05 1.939427e-02
1195 4.802690e-04 3.822200e-02
1196 6.081831e-06 4.779010e-03
1197 8.096041e-06 3.130044e-03
1198 1.372811e-05 1.808669e-03
1199 5.173886e-04 3.077975e-02
1200 1.465328e-03 5.971918e-02
1201 1.601924e-07 1.121595e-03
1202 1.211602e-04 7.170597e-03
1203 1.175765e-04 2.763939e-02
1204 2.851187e-05 4.417515e-03
1205 6.346710e-08 1.939101e-03
1206 3.405876e-04 4.878485e-02
1207 1.737238e-05 3.537736e-03
1208 1.279042e-05 3.565457e-03
1209 1.937822e-04 3.275298e-02
1210 4.343139e-04 1.205195e-02
1211 1.447832e-04 1.433308e-02
1212 2.729718e-05 3.011610e-03
1213 5.717714e-06 4.785416e-03
1214 6.184050e-05 3.652505e-03
1215 7.430875e-06 2.315879e-03
1216 7.967452e-07 2.180639e-03
1217 2.558421e-05 2.621100e-02
1218 1.905596e-05 4.829033e-03
1219 8.544981e-05 7.560693e-03
1220 5.269007e-05 1.811669e-02
1221 5.392542e-05 1.565189e-02
1222 1.468185e-05 2.147361e-02
1223 1.146523e-04 1.718478e-02
1224 1.224017e-05 8.177702e-03
1225 6.632150e-06 2.140264e-03
1226 3.147021e-06 1.452334e-03
1227 5.391026e-06 4.083492e-03
1228 7.068868e-05 7.620440e-03
1229 1.608904e-04 1.270504e-02
1230 2.281767e-05 6.762784e-03
1231 8.773199e-05 2.642404e-02
1232 6.115041e-06 5.461386e-03
1233 1.663041e-04 1.236423e-02
1234 3.435160e-06 7.551469e-03
1235 6.572148e-05 4.331206e-02
1236 3.825930e-06 4.493664e-03
1237 2.167317e-04 1.038089e-01
1238 3.932018e-05 1.108497e-02
1239 1.972535e-05 5.801246e-03
1240 5.090945e-06 3.071707e-03
1241 4.894097e-05 2.709964e-03
1242 1.832118e-03 1.234356e-01
1243 1.274971e-04 2.352665e-02
1244 4.895978e-06 3.127224e-03
1245 2.823050e-05 5.406457e-03
1246 2.023911e-06 1.985009e-03
1247 8.759856e-06 3.460202e-03
1248 3.678689e-04 2.801664e-02
1249 2.873555e-06 9.613230e-03
1250 4.089005e-06 6.059689e-03
1251 5.469494e-05 1.270461e-02
1252 1.031672e-05 4.493634e-03
1253 8.675971e-04 1.219913e-01
1254 1.122806e-05 5.155218e-03
1255 1.360851e-04 1.054690e-02
1256 1.005875e-05 2.239790e-03
1257 4.007204e-04 5.734140e-02
1258 2.100248e-05 4.269312e-03
1259 1.788423e-04 1.691816e-02
1260 2.152937e-03 1.054569e-01
1261 8.181006e-06 3.956825e-03
1262 1.079919e-04 1.074085e-02
1263 1.287604e-04 3.691987e-02
1264 1.168619e-04 2.635753e-02
1265 8.633838e-06 7.999456e-03
1266 1.434436e-04 2.981869e-02
1267 7.066182e-05 1.542917e-02
1268 3.550729e-06 8.846054e-03
1269 1.496377e-05 8.238731e-03
1270 1.336086e-03 1.314885e-01
1271 2.580661e-04 2.783617e-02
1272 2.770351e-07 1.254095e-03
1273 1.834130e-04 1.883326e-02
1274 2.614130e-05 1.624230e-02
1275 3.073255e-04 2.109127e-02
1276 6.258764e-04 3.026199e-02
1277 5.684594e-04 5.120569e-02
1278 1.021615e-03 5.529732e-02
1279 1.800748e-06 2.078880e-03
1280 7.848370e-04 6.152470e-02
1281 1.505682e-05 4.181542e-03
1282 4.247631e-04 1.279463e-02
1283 5.785792e-05 1.705528e-02
1284 2.756892e-05 3.567507e-03
1285 5.987377e-04 2.733637e-02
1286 1.538551e-06 3.153379e-03
1287 8.869305e-05 9.816295e-03
1288 8.636242e-05 1.198952e-02
1289 6.164117e-05 8.803516e-03
1290 5.287115e-05 2.334461e-02
1291 4.932922e-05 5.329288e-03
1292 6.316558e-04 1.404803e-01
1293 2.230018e-06 3.229239e-03
1294 1.559983e-05 4.868460e-03
1295 2.639444e-06 2.976008e-03
1296 2.465003e-05 1.208694e-02
1297 2.701853e-04 4.179833e-02
1298 7.540492e-06 9.289229e-03
1299 2.616935e-05 3.301078e-03
1300 6.837455e-06 2.597815e-03
1301 2.059287e-06 2.944536e-03
1302 2.501726e-04 2.879088e-02
1303 5.405860e-06 6.437017e-03
1304 1.876836e-05 5.796740e-03
1305 1.091728e-04 1.572867e-02
1306 2.686721e-05 4.407085e-03
1307 1.579371e-05 4.327512e-03
1308 3.425665e-06 2.404761e-03
1309 9.660848e-05 3.042265e-02
1310 1.997311e-06 1.428195e-03
1311 1.958781e-03 1.283836e-01
1312 2.950206e-04 6.104494e-02
1313 1.339693e-06 1.663438e-03
1314 2.697539e-05 5.043531e-03
1315 1.134642e-05 2.562455e-03
1316 9.684628e-06 1.969765e-03
1317 1.361597e-06 1.343267e-03
1318 4.062549e-05 2.823322e-02
1319 1.073820e-03 8.730638e-02
1320 4.617046e-06 3.481682e-03
1321 4.356411e-05 1.193016e-02
1322 2.810412e-07 1.130075e-03
1323 1.688980e-06 1.828943e-03
1324 7.593687e-04 1.921150e-02
1325 4.423600e-06 9.105500e-03
1326 7.052798e-06 4.290148e-03
1327 9.050617e-05 1.779393e-02
1328 6.360288e-06 2.373485e-03
1329 9.592095e-05 7.196568e-03
1330 1.380210e-05 7.030081e-03
1331 1.838957e-06 2.038177e-03
1332 1.279707e-06 1.399538e-03
1333 8.478176e-05 6.252159e-03
1334 4.089767e-05 7.913489e-03
1335 2.042954e-05 1.123848e-02
1336 9.436035e-06 3.249327e-03
1337 6.472789e-05 5.066135e-03
1338 6.188438e-05 4.289400e-03
1339 2.140701e-04 1.481423e-02
1340 4.494081e-05 5.573354e-03
1341 1.428979e-03 8.753766e-02
1342 9.339614e-06 2.168369e-03
1343 2.571065e-06 1.968489e-03
1344 3.411241e-06 3.154397e-03
1345 1.275027e-05 1.240833e-02
1346 1.068392e-04 8.069295e-03
1347 3.938998e-07 1.332268e-03
1348 2.209800e-05 6.812988e-03
1349 2.604703e-04 8.267729e-02
1350 3.396854e-05 7.535569e-03
1351 5.357258e-05 5.142995e-03
1352 2.140201e-05 7.526667e-03
1353 3.464535e-05 9.084110e-03
1354 7.772238e-06 4.547826e-03
1355 3.473198e-05 6.459301e-03
1356 3.601315e-04 1.446971e-02
1357 6.410718e-06 5.799266e-03
1358 2.211137e-05 4.138467e-03
1359 1.124984e-06 1.996147e-03
1360 8.594570e-06 3.796945e-03
1361 3.205656e-05 5.456560e-03
1362 1.532297e-04 1.022072e-02
1363 8.943743e-06 4.801408e-03
1364 2.784078e-04 2.492487e-02
1365 2.836458e-06 4.152762e-03
1366 2.379575e-06 3.820407e-03
1367 2.130305e-06 1.655986e-03
1368 1.450295e-04 3.025561e-02
1369 1.363140e-07 2.453161e-03
1370 1.024801e-06 1.565787e-03
1371 1.663603e-04 1.310628e-02
1372 3.285294e-06 3.906973e-03
1373 1.778894e-05 3.464970e-03
1374 5.836450e-06 3.252112e-03
1375 2.930641e-05 6.255105e-03
1376 5.533435e-03 2.863930e-01
1377 2.260284e-05 7.572348e-03
1378 7.937764e-07 1.351529e-03
1379 2.295596e-05 2.552290e-03
1380 1.633727e-03 8.847990e-02
1381 2.289793e-06 3.016673e-03
1382 8.476682e-07 1.195008e-03
1383 5.468856e-05 1.620784e-02
1384 7.367555e-06 4.249571e-03
1385 4.796844e-06 4.221375e-03
1386 1.209011e-05 4.728231e-03
1387 1.518165e-05 4.757365e-03
1388 2.946135e-05 3.391942e-03
1389 9.773149e-06 2.807959e-03
1390 1.679695e-05 2.471731e-03
1391 2.005897e-05 6.150460e-03
1392 5.518288e-06 1.770403e-03
1393 4.589227e-06 7.465819e-03
1394 8.261746e-06 5.894402e-03
1395 2.380164e-04 2.953487e-02
1396 7.317079e-05 1.921414e-02
1397 3.057218e-06 2.698851e-03
1398 5.616016e-05 1.546321e-02
1399 1.042444e-04 1.687778e-02
1400 6.294461e-06 4.117223e-03
1401 3.226232e-04 4.503513e-02
1402 5.002260e-05 3.584007e-03
1403 1.068232e-05 4.228232e-03
1404 2.460287e-06 2.049963e-03
1405 2.421464e-06 3.776189e-03
1406 2.283444e-05 8.944519e-03
1407 7.324216e-06 2.550949e-03
1408 2.040358e-03 1.093793e-01
1409 6.392511e-05 4.190222e-02
1410 3.284618e-05 9.944418e-03
1411 8.840162e-05 6.776899e-03
1412 4.140652e-06 4.214050e-03
1413 1.541235e-07 1.141174e-03
1414 2.670272e-06 2.349799e-03
1415 4.384107e-05 4.502357e-03
1416 2.107550e-06 2.900934e-03
1417 1.448170e-05 2.275164e-03
1418 6.964661e-06 4.297765e-03
1419 1.209447e-05 3.774175e-03
1420 6.739898e-05 9.777621e-03
1421 8.574737e-05 8.499447e-03
1422 3.095779e-04 1.422061e-02
1423 8.951063e-06 3.617081e-03
1424 2.227344e-05 4.853858e-03
1425 2.227344e-05 4.853858e-03
1426 2.227344e-05 4.853858e-03
1427 1.338556e-05 3.750916e-03
1428 1.735146e-05 5.375787e-03
1429 6.791169e-05 8.032121e-03
1430 9.680848e-04 4.006633e-02
1431 1.161282e-04 2.429576e-02
1432 3.025164e-05 1.627703e-02
1433 2.641123e-05 6.515888e-03
1434 6.631185e-06 2.742631e-03
1435 7.446329e-06 2.806782e-03
1436 1.339922e-05 3.667408e-03
1437 6.375711e-06 2.057972e-03
1438 2.470408e-05 7.267266e-03
1439 9.375558e-04 9.602389e-02
1440 2.871237e-06 2.656182e-03
1441 9.521510e-07 1.688074e-03
1442 1.070631e-05 4.753045e-03
1443 1.658774e-06 3.851150e-03
1444 1.258719e-05 3.662758e-03
1445 2.741654e-05 6.422667e-03
1446 2.935112e-05 3.165307e-03
1447 3.368759e-03 2.042212e-01
1448 2.742316e-06 1.911813e-03
1449 2.078895e-06 2.936540e-03
1450 7.574716e-05 8.768827e-03
1451 2.474771e-04 1.212792e-02
1452 1.814081e-04 3.227533e-02
1453 2.679098e-07 2.941951e-03
1454 7.749695e-06 3.204160e-03
1455 1.552461e-05 5.191018e-03
1456 3.433523e-06 1.587564e-03
1457 4.241102e-06 1.949057e-03
1458 4.029831e-06 2.202870e-03
1459 2.017266e-05 4.498259e-03
1460 4.250549e-05 1.166790e-02
1461 5.868454e-06 1.727943e-03
1462 3.737015e-06 1.581579e-03
1463 2.023489e-06 1.407233e-03
1464 2.886214e-06 1.959875e-03
1465 8.137887e-07 1.371448e-03
1466 8.024248e-05 1.694536e-02
1467 8.697327e-05 6.506809e-03
1468 1.836855e-05 5.975833e-03
1469 2.776731e-05 8.133273e-03
1470 6.694217e-07 3.676483e-03
1471 1.553614e-05 7.538902e-03
1472 1.218372e-05 5.890120e-03
1473 9.345346e-06 3.365869e-03
1474 3.155305e-05 1.579639e-02
1475 5.723194e-07 1.733159e-03
1476 6.833262e-05 1.553727e-02
1477 2.475704e-07 1.742730e-03
1478 3.986340e-05 1.220763e-02
1479 8.152418e-06 9.126520e-03
1480 1.729405e-04 3.858782e-02
1481 4.120964e-05 2.477160e-02
1482 1.694833e-05 1.049935e-02
1483 3.291436e-05 3.313412e-03
1484 2.533068e-04 4.509474e-02
1485 1.298974e-04 2.155080e-02
1486 7.529370e-04 3.749021e-02
1487 1.808141e-06 1.924947e-03
1488 1.493411e-04 1.680621e-02
1489 2.146455e-06 1.377059e-03
1490 5.876082e-06 3.041715e-03
1491 1.651607e-04 3.777755e-02
1492 5.686024e-06 6.498262e-03
1493 5.499799e-05 1.053781e-02
1494 1.329404e-06 2.851956e-03
1495 3.207850e-05 5.806668e-03
1496 6.336876e-06 3.826267e-03
1497 9.300285e-04 6.456157e-02
1498 2.208206e-06 4.915879e-03
1499 3.558570e-06 2.879486e-03
1500 1.491177e-05 3.993201e-03
1501 3.763528e-06 4.738597e-03
1502 3.949258e-04 3.151678e-02
1503 9.639729e-04 5.854534e-02
1504 6.200935e-05 9.412956e-03
1505 1.181551e-05 5.183912e-03
1506 3.628942e-05 4.327918e-03
1507 1.530460e-04 8.846987e-03
1508 2.358119e-04 5.762800e-02
1509 1.391854e-05 4.014840e-03
1510 2.637403e-05 6.669518e-03
1511 4.035714e-05 4.834024e-03
1512 1.213529e-05 6.481161e-03
1513 1.146247e-05 6.191027e-03
1514 5.018613e-06 6.006984e-03
1515 2.321224e-03 7.803332e-02
1516 1.688174e-05 1.017452e-02
1517 6.591242e-04 4.740513e-02
1518 1.261994e-05 4.834915e-03
1519 1.570875e-05 9.113430e-03
1520 3.967810e-07 1.709106e-03
1521 3.262174e-06 6.891242e-03
1522 2.546192e-04 1.358259e-02
1523 2.825611e-05 7.613198e-03
1524 8.866136e-05 1.385003e-02
1525 1.443446e-04 1.847697e-02
1526 1.827749e-05 1.125965e-02
1527 6.404662e-05 1.130029e-02
1528 8.268684e-05 8.639035e-03
1529 2.877870e-05 4.823887e-03
1530 3.478106e-05 1.349010e-02
1531 5.912369e-05 8.667527e-03
1532 1.791063e-05 4.429034e-03
1533 2.281296e-05 5.707663e-03
1534 1.421723e-05 7.025548e-03
1535 3.382180e-06 1.498850e-03
1536 2.832859e-06 2.499190e-03
1537 6.043814e-06 3.383275e-03
1538 6.179967e-06 3.736547e-03
1539 5.878335e-06 1.961200e-03
1540 5.333653e-05 1.106838e-02
1541 1.680853e-03 1.105838e-01
1542 5.726352e-04 5.523534e-02
1543 8.381661e-04 9.426200e-02
1544 3.573929e-05 7.208702e-03
1545 2.518592e-04 1.937217e-02
1546 2.415589e-05 5.601062e-03
1547 1.528306e-03 6.876704e-02
1548 2.305589e-04 1.252294e-02
1549 2.067493e-05 3.443656e-03
1550 1.378711e-06 4.371690e-03
1551 2.313578e-05 4.299276e-03
1552 6.155817e-04 6.286521e-02
1553 1.130607e-03 2.211355e-01
1554 8.446147e-06 8.016535e-03
1555 6.704087e-04 5.756436e-02
1556 3.469007e-05 1.099604e-02
1557 4.229050e-04 4.867229e-02
1558 4.544134e-04 2.068747e-02
1559 5.858095e-05 9.568870e-03
1560 2.643751e-04 2.867583e-02
1561 5.685140e-04 5.707535e-02
1562 3.728581e-05 6.205393e-03
1563 7.354724e-06 9.364393e-03
1564 7.851537e-04 4.798036e-02
1565 5.823593e-05 1.271479e-02
1566 2.666647e-06 5.071326e-03
1567 4.661610e-03 2.668330e-01
1568 3.131632e-05 1.347789e-02
1569 2.715993e-05 4.554345e-03
1570 2.718434e-03 9.230087e-02
1571 3.590200e-06 1.859821e-03
1572 8.591307e-05 4.039071e-03
1573 1.482510e-03 1.080101e-01
1574 6.650913e-05 8.737356e-03
1575 1.641192e-05 1.714922e-02
1576 1.617481e-04 2.498143e-02
1577 3.017257e-03 9.085515e-02
1578 7.738533e-04 2.264283e-02
1579 1.448169e-05 4.147384e-03
1580 1.708176e-03 1.751155e-01
1581 6.510535e-05 1.074491e-02
1582 6.189175e-07 2.981040e-03
1583 4.150653e-04 3.427438e-02
1584 1.033127e-04 1.151540e-02
1585 1.965289e-03 7.423770e-02
1586 3.562036e-05 7.880246e-03
1587 9.933054e-06 2.105859e-03
1588 1.250371e-04 9.684572e-03
1589 2.230780e-07 2.902686e-03
1590 1.028138e-05 3.114249e-03
1591 2.015173e-06 4.244438e-03
1592 8.410134e-06 3.416309e-03
1593 5.034548e-06 2.836517e-03
1594 1.057060e-05 9.021221e-03
1595 1.722198e-05 3.892830e-03
1596 2.527813e-05 2.487655e-02
1597 2.406801e-05 6.766993e-03
1598 2.888156e-05 4.354103e-03
1599 7.334368e-04 9.391364e-02
1600 2.579909e-05 8.988748e-03
1601 7.194825e-06 3.179851e-03
1602 2.157170e-03 2.374694e-01
1603 2.728584e-06 7.323859e-03
1604 1.208502e-05 4.086419e-03
1605 8.524450e-05 2.788958e-03
1606 4.092607e-04 1.284317e-01
1607 4.630137e-04 2.001014e-02
1608 4.864296e-06 4.415527e-03
1609 4.667878e-04 2.847242e-02
1610 4.838327e-03 2.165334e-01
1611 2.818363e-05 1.045698e-02
1612 2.345904e-06 3.535587e-03
1613 2.764977e-08 1.204088e-03
1614 1.203253e-04 1.119029e-02
1615 3.719922e-04 9.215049e-02
1616 9.468955e-07 2.552868e-03
1617 9.801020e-07 3.368422e-03
1618 6.072466e-06 1.685589e-03
1619 1.246946e-03 3.829857e-02
1620 1.207175e-04 4.961742e-02
1621 4.949273e-05 9.594662e-02
1622 6.866794e-05 1.279375e-02
1623 9.953752e-05 4.205628e-02
1624 1.882975e-03 7.788750e-02
1625 7.216524e-06 4.213654e-03
1626 1.575820e-04 3.691855e-02
1627 7.241494e-05 1.289996e-02
1628 2.221776e-04 2.936570e-02
1629 7.466264e-04 7.058385e-02
1630 6.048007e-04 7.813383e-02
1631 8.427186e-04 4.867214e-02
1632 2.377059e-04 3.750021e-02
1633 3.334215e-06 3.039783e-03
1634 4.906479e-06 6.240186e-03
1635 4.424119e-07 1.131256e-03
1636 4.687850e-06 2.857310e-03
1637 1.009879e-06 1.625765e-03
1638 6.465209e-06 2.978192e-03
1639 5.542606e-07 1.824358e-03
1640 1.422555e-04 2.918668e-02
1641 1.587121e-04 2.549102e-02
1642 1.292936e-03 1.022934e-01
1643 8.618950e-05 2.162670e-02
1644 5.123074e-06 7.699896e-03
1645 1.244110e-05 4.233583e-03
1646 5.762835e-03 3.608304e-01
1647 6.984095e-05 1.016398e-02
1648 5.824706e-06 3.107978e-03
1649 1.191899e-03 1.028207e-01
1650 3.090242e-04 2.813492e-02
1651 5.895005e-06 3.765204e-03
1652 2.159954e-04 4.129686e-02
1653 6.325498e-04 6.501873e-02
1654 1.005175e-04 1.899042e-02
1655 7.467675e-04 5.520579e-02
1656 2.185660e-05 1.473747e-02
1657 1.952557e-05 9.873925e-03
1658 5.678801e-06 4.345829e-03
1659 3.847994e-05 1.093639e-02
1660 4.920639e-05 7.652059e-03
1661 2.594889e-04 1.152061e-02
1662 6.605976e-05 5.239873e-03
1663 6.267606e-04 4.695010e-02
1664 3.309857e-05 6.914302e-03
1665 4.833964e-05 5.408228e-03
1666 3.129304e-04 2.865699e-02
1667 9.113855e-05 2.797198e-02
1668 4.404148e-08 8.847353e-04
1669 1.710338e-05 1.049842e-02
1670 1.821349e-05 2.562129e-03
1671 3.329088e-04 1.408815e-02
1672 4.433326e-04 7.488511e-02
1673 4.980874e-05 1.255850e-02
1674 6.624464e-06 8.859960e-03
1675 7.700435e-05 8.106732e-03
1676 8.997085e-07 2.615320e-03
1677 5.737562e-06 6.889789e-03
1678 1.995507e-06 3.464503e-03
1679 1.211281e-06 1.398125e-03
1680 1.883930e-04 1.255638e-02
1681 6.626385e-05 1.756471e-02
1682 4.041677e-05 1.229442e-02
1683 7.480168e-06 1.596192e-03
1684 1.556518e-05 2.674503e-03
1685 4.562221e-05 1.087613e-02
1686 2.307765e-04 1.681590e-02
1687 1.141267e-04 2.515888e-02
1688 8.431227e-05 1.169209e-02
1689 4.793680e-04 2.499234e-02
1690 3.519110e-06 1.479908e-03
1691 1.134828e-06 1.643356e-03
1692 8.251285e-06 4.996883e-03
1693 1.726680e-04 1.428490e-02
1694 4.701749e-04 3.157079e-02
1695 7.413904e-06 1.842324e-03
1696 4.035777e-04 1.142993e-01
1697 3.936784e-05 7.291026e-03
1698 2.320793e-04 5.562375e-02
1699 1.317899e-03 1.479798e-01
1700 5.979180e-06 3.958943e-03
1701 1.711451e-04 3.153982e-02
1702 9.346857e-04 6.493121e-02
1703 5.120659e-04 4.672974e-02
1704 1.933186e-06 1.438321e-03
1705 3.836699e-06 1.828794e-03
1706 8.379358e-06 1.974930e-03
1707 4.426134e-04 3.357978e-02
1708 5.141418e-06 7.905191e-03
1709 6.012584e-05 1.021739e-02
1710 6.610612e-06 1.088949e-02
1711 5.456271e-04 2.415425e-02
1712 2.533109e-04 2.780207e-02
1713 3.005239e-05 6.871888e-03
1714 8.666863e-05 1.801060e-02
1715 3.519820e-06 5.729203e-03
1716 1.180559e-05 4.265811e-03
1717 9.023810e-05 1.606405e-02
1718 1.859310e-05 1.073267e-02
1719 1.582333e-05 7.250514e-03
1720 1.931452e-05 8.496965e-03
1721 6.446982e-05 2.840192e-02
1722 2.079098e-05 7.800517e-03
1723 1.430843e-03 9.980370e-02
1724 5.282273e-06 2.501247e-03
1725 5.189941e-05 1.116342e-02
1726 7.374880e-04 4.183875e-02
1727 1.422341e-04 1.583342e-02
1728 1.760509e-04 1.630834e-02
1729 4.037810e-06 3.341013e-03
1730 3.107858e-04 3.719987e-02
1731 1.280290e-05 5.359514e-03
1732 1.238924e-06 1.841699e-03
1733 5.877898e-08 1.010778e-03
1734 8.963006e-05 1.927403e-02
1735 5.430229e-05 1.581778e-02
1736 4.289932e-07 1.141878e-03
1737 6.312414e-05 9.949051e-03
1738 2.413645e-05 2.259860e-03
1739 2.016879e-05 9.815477e-03
1740 1.173276e-04 4.775287e-02
1741 3.555686e-06 4.326218e-03
1742 5.820471e-04 5.195899e-02
1743 2.262223e-04 2.609333e-02
1744 1.684678e-04 1.855092e-02
1745 1.300827e-05 7.661838e-03
1746 5.077643e-06 2.358073e-03
1747 2.522612e-06 6.391807e-03
1748 2.620112e-03 1.956521e-01
1749 1.442214e-05 8.121198e-03
1750 1.083775e-05 7.483666e-03
1751 4.080609e-06 5.861338e-03
1752 1.329677e-06 1.974691e-03
1753 4.540337e-04 2.808378e-02
1754 2.135277e-06 4.972413e-03
1755 3.401458e-05 5.486374e-03
1756 1.711880e-05 1.696639e-02
1757 1.856084e-05 1.340426e-02
1758 1.802296e-04 1.131373e-02
1759 2.375401e-05 4.319752e-03
1760 1.253854e-03 1.134808e-01
1761 5.241456e-06 6.873237e-03
1762 1.985904e-05 3.338389e-03
1763 6.007168e-06 1.089751e-02
1764 8.262929e-06 6.333801e-03
1765 1.229986e-05 1.589885e-02
1766 1.244003e-05 3.506455e-03
1767 2.207083e-05 4.794783e-03
1768 8.856854e-05 2.060380e-02
1769 5.452562e-05 1.410561e-02
1770 1.275673e-05 7.732787e-03
1771 1.105638e-05 8.240727e-03
1772 1.311440e-03 1.324367e-01
1773 3.528007e-04 9.613045e-02
1774 9.211429e-06 2.787404e-03
1775 1.677809e-06 2.631226e-03
1776 2.524006e-05 1.867291e-02
1777 1.575442e-04 6.526363e-03
1778 3.454227e-05 6.137132e-03
1779 1.169946e-04 1.343039e-02
1780 9.446529e-07 2.741873e-03
1781 4.865217e-07 1.292267e-03
1782 2.006745e-06 3.092442e-03
1783 6.708669e-06 6.424834e-03
1784 8.468189e-05 1.816244e-02
1785 1.289542e-05 3.150265e-03
1786 1.335790e-04 2.726958e-02
1787 1.360157e-03 3.649486e-02
1788 2.696497e-06 4.323555e-03
1789 8.819770e-05 2.862740e-02
1790 7.287501e-06 1.844919e-03
1791 1.910466e-05 3.906992e-03
1792 2.754613e-05 3.426242e-03
1793 4.049810e-06 9.149446e-03
1794 3.287745e-05 1.540710e-02
1795 2.775237e-05 2.182474e-03
1796 8.952444e-04 9.882858e-02
1797 4.594791e-05 1.529610e-02
1798 1.390943e-05 6.037211e-03
1799 2.399184e-06 2.191311e-03
1800 1.404592e-04 3.701392e-02
1801 1.857089e-05 2.759301e-03
1802 6.309501e-05 1.359424e-02
1803 2.376482e-06 1.941811e-03
1804 2.574827e-06 1.956571e-03
1805 7.481518e-07 1.098595e-02
1806 1.029584e-05 4.717871e-03
1807 2.274480e-06 1.418486e-03
1808 3.431791e-03 2.501916e-01
1809 4.004577e-05 7.755559e-03
1810 2.859085e-04 2.531136e-02
1811 1.228598e-05 7.179063e-03
1812 1.008934e-05 5.619343e-03
1813 3.804647e-05 8.220400e-03
1814 1.950083e-05 2.568142e-03
1815 5.864036e-05 1.954499e-02
1816 5.634146e-05 1.759581e-02
1817 1.444113e-05 3.081517e-03
1818 2.488217e-06 4.452834e-03
1819 1.874119e-07 2.079543e-03
1820 1.511733e-06 1.554316e-03
1821 8.820048e-07 3.355986e-03
1822 3.377565e-04 2.507775e-02
1823 2.008748e-04 3.372521e-02
1824 2.349717e-04 3.762849e-02
1825 5.841490e-04 4.966730e-02
1826 1.480759e-03 4.969729e-02
1827 2.318337e-04 1.657242e-02
1828 4.776686e-05 1.071103e-02
1829 1.256214e-05 7.820093e-03
1830 1.299601e-06 2.823505e-03
1831 1.669419e-06 1.639221e-03
1832 2.571464e-05 1.338869e-02
1833 4.909525e-05 5.210250e-03
1834 2.086646e-06 3.327469e-03
1835 3.220935e-06 3.407428e-03
1836 3.854612e-04 3.703029e-02
1837 2.209910e-03 6.739581e-02
1838 1.761361e-05 3.635665e-03
1839 1.608995e-04 2.678485e-02
1840 2.382597e-04 2.141525e-02
1841 1.405367e-04 2.597778e-02
1842 4.719188e-06 6.500998e-03
1843 7.555188e-05 6.418888e-03
1844 1.409490e-06 2.637523e-03
1845 6.997382e-05 1.371380e-02
1846 1.178870e-06 3.458634e-03
1847 3.397490e-04 3.932432e-02
1848 1.571701e-06 2.165933e-03
1849 1.846347e-05 1.331395e-02
1850 1.886478e-05 1.422910e-02
1851 2.369361e-05 3.441998e-02
1852 2.040189e-05 1.346905e-02
1853 2.237923e-04 1.712457e-02
1854 4.998294e-04 6.721173e-02
1855 1.560026e-05 2.754993e-02
1856 7.754031e-07 2.234839e-03
1857 3.067774e-06 4.433714e-03
1858 7.749118e-06 3.002066e-03
1859 3.551675e-06 3.016776e-03
1860 1.102587e-04 1.379433e-02
1861 2.554983e-06 7.184575e-03
1862 1.894212e-03 8.998511e-02
1863 6.887289e-06 2.776886e-03
1864 9.150621e-06 1.994015e-03
1865 1.965260e-05 1.025343e-02
1866 1.159890e-04 2.077591e-02
1867 8.674348e-07 2.586354e-03
1868 1.394712e-05 3.291146e-03
1869 1.222415e-03 9.426355e-02
1870 9.882793e-06 4.315103e-03
1871 9.188097e-06 1.032582e-02
1872 3.840387e-06 7.105003e-03
1873 1.545453e-06 1.775714e-03
1874 1.070996e-06 1.936056e-03
1875 7.370781e-04 3.503110e-02
1876 3.298547e-06 2.283755e-03
1877 4.028008e-06 2.583896e-03
1878 5.497987e-06 6.336023e-03
1879 1.781933e-05 1.066965e-02
1880 7.935995e-05 8.684142e-03
1881 6.544742e-05 4.227866e-02
1882 4.621004e-05 3.084761e-03
1883 4.512391e-05 9.946880e-03
1884 2.373855e-04 6.475683e-03
1885 2.372073e-05 5.303355e-03
1886 2.274537e-05 4.984428e-03
1887 1.753598e-04 1.062926e-02
1888 2.132188e-06 2.694142e-03
1889 2.468651e-06 1.189814e-03
1890 6.319183e-05 8.480471e-03
1891 2.388676e-04 7.329388e-02
1892 6.476286e-05 9.310642e-03
1893 2.050723e-04 2.131479e-02
1894 2.447468e-03 1.799694e-01
1895 8.217100e-05 3.033892e-02
1896 3.635135e-04 2.441264e-02
1897 4.664009e-06 3.754386e-03
1898 1.656012e-04 3.690552e-02
1899 2.604409e-05 6.922768e-03
1900 1.782715e-04 1.267154e-02
1901 1.574820e-05 2.607440e-03
1902 8.816535e-06 1.695788e-03
1903 3.392447e-05 7.703161e-03
1904 7.122851e-05 5.502959e-03
1905 4.775427e-05 2.996923e-03
1906 1.633689e-05 4.401208e-03
1907 2.757267e-06 3.697664e-03
1908 3.546996e-06 1.521918e-03
1909 1.385859e-05 3.478793e-03
1910 1.316407e-04 2.622470e-02
1911 1.574641e-04 9.773927e-03
1912 1.981040e-04 1.681075e-02
1913 4.629778e-04 1.386762e-02
1914 1.274650e-05 3.521726e-03
1915 1.328698e-05 7.537231e-03
1916 2.533147e-03 1.349493e-01
1917 5.116094e-04 1.780256e-01
1918 1.302687e-04 2.389343e-02
1919 1.522544e-05 9.477385e-03
1920 5.194476e-05 3.616842e-03
1921 1.224079e-06 1.319902e-03
1922 2.365364e-05 2.651065e-03
1923 9.663716e-06 1.856732e-03
1924 2.709517e-06 2.136246e-03
1925 3.970903e-06 1.802748e-03
1926 7.487119e-04 3.135903e-02
1927 1.359395e-05 8.934011e-03
1928 3.062988e-06 1.640283e-03
1929 3.585662e-05 5.153231e-03
1930 4.644311e-05 1.431905e-02
1931 1.482712e-04 1.060717e-02
1932 1.852162e-04 2.380141e-02
1933 4.745282e-05 1.160272e-02
1934 8.153643e-05 4.058629e-02
1935 2.409612e-05 1.245140e-02
1936 5.346294e-05 9.956029e-03
1937 9.567750e-06 3.604492e-03
1938 9.855548e-06 1.840426e-03
1939 2.100339e-03 9.467812e-02
1940 2.812882e-05 2.001736e-02
1941 2.068752e-04 9.324567e-03
1942 1.597031e-04 4.812420e-02
1943 7.444160e-05 2.379155e-02
1944 3.786257e-04 2.288682e-02
1945 8.011064e-05 1.237001e-02
1946 4.111385e-06 4.154778e-03
1947 1.739179e-05 2.175133e-03
1948 1.652320e-06 1.650154e-03
1949 2.251068e-04 7.294771e-02
1950 6.740949e-05 1.211837e-02
1951 1.128193e-04 3.324041e-02
1952 5.997738e-06 6.141656e-03
1953 9.111915e-05 1.609700e-02
1954 6.408652e-04 2.841472e-02
1955 4.542338e-05 5.813845e-03
1956 5.947511e-05 1.740093e-02
1957 3.345298e-05 5.867390e-03
1958 9.129571e-05 1.199589e-02
1959 9.425998e-05 2.248750e-02
1960 1.017555e-04 1.379428e-02
1961 5.554421e-04 3.024094e-02
1962 7.983616e-05 1.943819e-02
1963 1.194099e-04 2.646700e-02
1964 1.363757e-05 3.389522e-03
1965 8.760851e-05 1.171872e-02
1966 6.115779e-06 6.222519e-03
1967 1.682869e-04 4.412139e-02
1968 4.030100e-06 1.882517e-03
1969 3.310337e-04 1.708666e-02
1970 3.242810e-04 2.097944e-02
1971 1.923173e-03 8.415107e-02
1972 5.920972e-06 3.965791e-03
1973 1.171915e-03 4.533938e-02
1974 5.813746e-06 4.009603e-03
1975 4.601713e-04 5.813904e-02
1976 1.349925e-04 3.373968e-02
1977 1.630033e-05 4.880740e-03
1978 1.917054e-06 3.899349e-03
1979 6.535573e-05 3.092830e-02
1980 5.587095e-05 2.129426e-03
1981 1.584135e-04 1.906787e-02
1982 6.811652e-06 2.404076e-03
1983 6.603062e-07 2.013052e-03
1984 5.259840e-05 2.172824e-02
1985 4.002817e-05 5.740691e-03
1986 9.252726e-06 3.801089e-03
1987 2.871432e-04 3.189286e-02
1988 1.969388e-04 2.817825e-02
1989 1.297557e-06 1.295234e-03
1990 2.971317e-06 3.025638e-03
1991 4.827314e-06 4.861519e-03
1992 9.346492e-04 6.610211e-02
1993 1.798308e-07 1.153871e-03
1994 7.534548e-07 1.224302e-03
1995 1.284566e-04 2.906488e-02
1996 1.698685e-05 3.487142e-03
1997 2.398062e-06 1.763123e-03
1998 2.590568e-05 4.148125e-03
1999 7.274988e-05 6.769888e-03
2000 1.798712e-06 2.395425e-03
2001 4.787422e-06 2.656760e-03
