1 6.806995e-05 1.294599e-03
2 1.606857e-03 7.001575e-03
3 3.296151e-05 1.153750e-03
4 1.661018e-05 9.992418e-04
5 3.267875e-05 1.217848e-03
6 6.715778e-04 3.144348e-03
7 9.040505e-05 2.927531e-03
8 1.115916e-03 1.101017e-02
9 4.735693e-05 2.034856e-03
10 6.940259e-04 3.535944e-03
11 1.832874e-04 2.722296e-03
12 1.617642e-05 9.471231e-04
13 3.947065e-04 4.300909e-03
14 9.146732e-05 2.136249e-03
15 6.121634e-05 9.599769e-04
16 1.260330e-04 1.352562e-03
17 1.588086e-05 8.565142e-04
18 8.417916e-05 2.245972e-03
19 3.393605e-04 2.878369e-03
20 1.588086e-05 8.565142e-04
21 8.656189e-04 6.545099e-03
22 3.267875e-05 1.217848e-03
23 2.732044e-04 2.007688e-03
24 2.935712e-04 2.529735e-03
25 7.558142e-04 5.112606e-03
26 3.367807e-05 1.057814e-03
27 4.595171e-05 2.322761e-03
28 3.208166e-05 1.034805e-03
29 3.393605e-04 2.878369e-03
30 1.031083e-03 7.916313e-03
31 6.067776e-04 1.199290e-02
32 1.260330e-04 1.352562e-03
33 1.588086e-05 8.565142e-04
34 8.222265e-06 8.389100e-04
35 6.803466e-05 1.441460e-03
36 1.975672e-04 3.045998e-03
37 7.065226e-04 3.793930e-03
38 1.888923e-04 2.446609e-03
39 3.777683e-05 1.481049e-03
40 8.588252e-05 2.065608e-03
41 3.396948e-05 1.027042e-03
42 8.643550e-05 2.274391e-03
43 2.074891e-04 3.521825e-03
44 6.235567e-05 1.086491e-03
45 3.369554e-05 9.851156e-04
46 3.611811e-05 1.156441e-03
47 4.023301e-04 4.417106e-03
48 4.092682e-04 4.477878e-03
49 7.432185e-05 1.978229e-03
50 2.614640e-03 8.920071e-03
51 1.556687e-04 2.447738e-03
52 2.956825e-04 2.726039e-03
53 3.267875e-05 1.217848e-03
54 1.303456e-04 1.501979e-03
55 7.277568e-05 1.666277e-03
56 1.314734e-04 1.440339e-03
57 2.175793e-04 4.370796e-03
58 5.519132e-04 3.173014e-03
59 1.832874e-04 2.722296e-03
60 3.208166e-05 1.034805e-03
61 1.887227e-03 1.156781e-02
62 7.718135e-04 4.919301e-03
63 3.267875e-05 1.217848e-03
64 9.118730e-05 2.750204e-03
65 3.421194e-04 2.999367e-03
66 3.777683e-05 1.481049e-03
67 1.832874e-04 2.722296e-03
68 1.832874e-04 2.722296e-03
69 3.208166e-05 1.034805e-03
70 1.661018e-05 9.992418e-04
71 7.155766e-04 5.328312e-03
72 3.777683e-05 1.481049e-03
73 3.124387e-05 9.817575e-04
74 5.270183e-03 3.327704e-02
75 3.267875e-05 1.217848e-03
76 3.767939e-05 1.585604e-03
77 9.040505e-05 2.927531e-03
78 8.100633e-04 6.838601e-03
79 1.350090e-04 1.965564e-03
80 3.306273e-05 9.318233e-04
81 1.661018e-05 9.992418e-04
82 1.661018e-05 9.992418e-04
83 7.087520e-05 1.545941e-03
84 3.458113e-05 1.112901e-03
85 8.718340e-05 2.187441e-03
86 9.146732e-05 2.136249e-03
87 3.777683e-05 1.481049e-03
88 2.995099e-05 9.608977e-04
89 7.167334e-05 1.369803e-03
90 1.750821e-03 9.835041e-03
91 2.434258e-04 1.552292e-03
92 3.815903e-04 3.468997e-03
93 8.508058e-05 2.361890e-03
94 3.893206e-05 1.244363e-03
95 5.521995e-04 2.840170e-03
96 1.661018e-05 9.992418e-04
97 2.175793e-04 4.370796e-03
98 3.430227e-05 1.070219e-03
99 1.661018e-05 9.992418e-04
100 7.973651e-04 6.696705e-03
101 8.193216e-05 1.942203e-03
102 4.497947e-04 6.270417e-03
103 9.456121e-04 9.029832e-03
104 9.966222e-05 3.049214e-03
105 8.718340e-05 2.187441e-03
106 1.173544e-04 4.680183e-03
107 4.393404e-05 1.927908e-03
108 2.423526e-04 5.181654e-03
109 9.966222e-05 3.049214e-03
110 9.966222e-05 3.049214e-03
111 3.393605e-04 2.878369e-03
112 4.168537e-04 4.564341e-03
113 1.204099e-03 1.557733e-02
114 4.809282e-04 6.766940e-03
115 4.084243e-04 4.309013e-03
116 4.157784e-04 4.851244e-03
117 7.698226e-04 5.205288e-03
118 4.282860e-04 5.514012e-03
119 1.026603e-04 3.128110e-03
120 5.173326e-05 2.646888e-03
121 1.173544e-04 4.680183e-03
122 1.870004e-05 1.116404e-03
123 5.173326e-05 2.646888e-03
124 5.173326e-05 2.646888e-03
125 5.173326e-05 2.646888e-03
126 1.026603e-04 3.128110e-03
127 2.120073e-04 3.566791e-03
128 1.077047e-04 3.000884e-03
129 5.173326e-05 2.646888e-03
130 5.173326e-05 2.646888e-03
131 1.026603e-04 3.128110e-03
132 5.173326e-05 2.646888e-03
133 1.026603e-04 3.128110e-03
134 2.120073e-04 3.566791e-03
135 4.513894e-05 2.090797e-03
136 4.513894e-05 2.090797e-03
137 1.023955e-04 3.418718e-03
138 2.120073e-04 3.566791e-03
139 1.208368e-04 4.388498e-03
140 1.026603e-04 3.128110e-03
141 4.513894e-05 2.090797e-03
142 4.513894e-05 2.090797e-03
143 1.068361e-04 2.867951e-03
144 2.120073e-04 3.566791e-03
145 1.026603e-04 3.128110e-03
146 1.026603e-04 3.128110e-03
147 9.321799e-05 2.283682e-03
148 2.120073e-04 3.566791e-03
149 5.173326e-05 2.646888e-03
150 5.173326e-05 2.646888e-03
151 1.068361e-04 2.867951e-03
152 4.513894e-05 2.090797e-03
153 4.513894e-05 2.090797e-03
154 4.513894e-05 2.090797e-03
155 4.513894e-05 2.090797e-03
156 4.513894e-05 2.090797e-03
157 4.513894e-05 2.090797e-03
158 4.513894e-05 2.090797e-03
159 4.513894e-05 2.090797e-03
160 7.148846e-05 1.474644e-03
161 7.477156e-05 1.936097e-03
162 7.477156e-05 1.936097e-03
163 7.477156e-05 1.936097e-03
164 3.296151e-05 1.153750e-03
165 3.296151e-05 1.153750e-03
166 3.296151e-05 1.153750e-03
167 7.477156e-05 1.936097e-03
168 7.477156e-05 1.936097e-03
169 1.452437e-04 1.910231e-03
170 3.296151e-05 1.153750e-03
171 3.701293e-05 1.395398e-03
172 7.477156e-05 1.936097e-03
173 3.296151e-05 1.153750e-03
174 7.477156e-05 1.936097e-03
175 7.477156e-05 1.936097e-03
176 7.477156e-05 1.936097e-03
177 3.296151e-05 1.153750e-03
178 3.701293e-05 1.395398e-03
179 3.296151e-05 1.153750e-03
180 7.477156e-05 1.936097e-03
181 3.767939e-05 1.585604e-03
182 7.477156e-05 1.936097e-03
183 1.631639e-05 9.153935e-04
184 3.296151e-05 1.153750e-03
185 1.631639e-05 9.153935e-04
186 3.701293e-05 1.395398e-03
187 3.602494e-05 1.261833e-03
188 3.296151e-05 1.153750e-03
189 1.631639e-05 9.153935e-04
190 1.631639e-05 9.153935e-04
191 3.006656e-04 2.781031e-03
192 7.500118e-05 1.432668e-03
193 3.006656e-04 2.781031e-03
194 3.006656e-04 2.781031e-03
195 1.556687e-04 2.447738e-03
196 3.006656e-04 2.781031e-03
197 3.006656e-04 2.781031e-03
198 1.556687e-04 2.447738e-03
199 1.977713e-04 3.637951e-03
200 9.966222e-05 3.049214e-03
201 1.488335e-04 1.813651e-03
202 4.117447e-04 4.575807e-03
203 7.500118e-05 1.432668e-03
204 7.148846e-05 1.474644e-03
205 1.488335e-04 1.813651e-03
206 7.500118e-05 1.432668e-03
207 1.488335e-04 1.813651e-03
208 7.500118e-05 1.432668e-03
209 1.488335e-04 1.813651e-03
210 7.148846e-05 1.474644e-03
211 3.602494e-05 1.261833e-03
212 1.488335e-04 1.813651e-03
213 3.602494e-05 1.261833e-03
214 7.844560e-05 1.843433e-03
215 7.148846e-05 1.474644e-03
216 7.500118e-05 1.432668e-03
217 3.296151e-05 1.153750e-03
218 3.540400e-04 4.639327e-03
219 1.444172e-04 2.096186e-03
220 7.148846e-05 1.474644e-03
221 7.148846e-05 1.474644e-03
222 7.148846e-05 1.474644e-03
223 1.913744e-04 3.243056e-03
224 2.274672e-05 1.879207e-03
225 4.735693e-05 2.034856e-03
226 2.274672e-05 1.879207e-03
227 2.274672e-05 1.879207e-03
228 4.735693e-05 2.034856e-03
229 9.566796e-05 2.637196e-03
230 9.566796e-05 2.637196e-03
231 9.566796e-05 2.637196e-03
232 9.566796e-05 2.637196e-03
233 4.595171e-05 2.322761e-03
234 4.595171e-05 2.322761e-03
235 9.566796e-05 2.637196e-03
236 4.595171e-05 2.322761e-03
237 4.595171e-05 2.322761e-03
238 9.566796e-05 2.637196e-03
239 4.735693e-05 2.034856e-03
240 2.274672e-05 1.879207e-03
241 4.595171e-05 2.322761e-03
242 4.595171e-05 2.322761e-03
243 4.595171e-05 2.322761e-03
244 4.735693e-05 2.034856e-03
245 4.595171e-05 2.322761e-03
246 4.595171e-05 2.322761e-03
247 4.595171e-05 2.322761e-03
248 2.274672e-05 1.879207e-03
249 9.566796e-05 2.637196e-03
250 4.735693e-05 2.034856e-03
251 2.274672e-05 1.879207e-03
252 9.566796e-05 2.637196e-03
253 4.595171e-05 2.322761e-03
254 9.566796e-05 2.637196e-03
255 9.566796e-05 2.637196e-03
256 2.274672e-05 1.879207e-03
257 4.595171e-05 2.322761e-03
258 3.602494e-05 1.261833e-03
259 3.602494e-05 1.261833e-03
260 7.439636e-05 1.384070e-03
261 3.602494e-05 1.261833e-03
262 3.602494e-05 1.261833e-03
263 3.602494e-05 1.261833e-03
264 1.625875e-04 2.426203e-03
265 8.193216e-05 1.942203e-03
266 1.476333e-04 1.717213e-03
267 3.445896e-04 3.646930e-03
268 1.705765e-04 2.330736e-03
269 1.705765e-04 2.330736e-03
270 7.148846e-05 1.474644e-03
271 3.602494e-05 1.261833e-03
272 6.670095e-05 1.292509e-03
273 7.148846e-05 1.474644e-03
274 7.148846e-05 1.474644e-03
275 8.193216e-05 1.942203e-03
276 1.705765e-04 2.330736e-03
277 3.602494e-05 1.261833e-03
278 3.602494e-05 1.261833e-03
279 8.193216e-05 1.942203e-03
280 7.148846e-05 1.474644e-03
281 8.193216e-05 1.942203e-03
282 1.705765e-04 2.330736e-03
283 3.602494e-05 1.261833e-03
284 3.602494e-05 1.261833e-03
285 7.844560e-05 1.843433e-03
286 6.670095e-05 1.292509e-03
287 3.602494e-05 1.261833e-03
288 1.476333e-04 1.717213e-03
289 1.323624e-04 1.535518e-03
290 1.323624e-04 1.535518e-03
291 7.148846e-05 1.474644e-03
292 7.148846e-05 1.474644e-03
293 2.733462e-04 1.842926e-03
294 1.323624e-04 1.535518e-03
295 3.952139e-04 3.892413e-03
296 4.084243e-04 4.309013e-03
297 2.068539e-04 4.914551e-03
298 7.477156e-05 1.936097e-03
299 3.701293e-05 1.395398e-03
300 7.477156e-05 1.936097e-03
301 1.625875e-04 2.426203e-03
302 7.477156e-05 1.936097e-03
303 7.477156e-05 1.936097e-03
304 3.701293e-05 1.395398e-03
305 7.477156e-05 1.936097e-03
306 7.477156e-05 1.936097e-03
307 7.477156e-05 1.936097e-03
308 7.477156e-05 1.936097e-03
309 3.701293e-05 1.395398e-03
310 7.477156e-05 1.936097e-03
311 7.477156e-05 1.936097e-03
312 3.701293e-05 1.395398e-03
313 7.477156e-05 1.936097e-03
314 7.477156e-05 1.936097e-03
315 7.477156e-05 1.936097e-03
316 7.477156e-05 1.936097e-03
317 3.767939e-05 1.585604e-03
318 3.767939e-05 1.585604e-03
319 3.701293e-05 1.395398e-03
320 7.477156e-05 1.936097e-03
321 3.296151e-05 1.153750e-03
322 6.234186e-04 1.424257e-02
323 4.352461e-04 5.790376e-03
324 2.193321e-04 4.494711e-03
325 1.982827e-04 3.347910e-03
326 4.393404e-05 1.927908e-03
327 1.614219e-04 2.261679e-03
328 1.614219e-04 2.261679e-03
329 7.397328e-04 5.697639e-03
330 7.065226e-04 3.793930e-03
331 4.005603e-04 5.071839e-03
332 7.860265e-04 8.095779e-03
333 8.718340e-05 2.187441e-03
334 1.715240e-04 2.784993e-03
335 4.393404e-05 1.927908e-03
336 1.761233e-04 2.945439e-03
337 3.486675e-04 3.300213e-03
338 4.282860e-04 5.514012e-03
339 1.502916e-04 1.913214e-03
340 3.767939e-05 1.585604e-03
341 3.767939e-05 1.585604e-03
342 7.477156e-05 1.936097e-03
343 1.042392e-04 3.944919e-03
344 3.767939e-05 1.585604e-03
345 8.569489e-05 2.678560e-03
346 3.767939e-05 1.585604e-03
347 3.767939e-05 1.585604e-03
348 7.477156e-05 1.936097e-03
349 7.477156e-05 1.936097e-03
350 3.767939e-05 1.585604e-03
351 3.767939e-05 1.585604e-03
352 3.767939e-05 1.585604e-03
353 3.767939e-05 1.585604e-03
354 3.767939e-05 1.585604e-03
355 3.767939e-05 1.585604e-03
356 3.767939e-05 1.585604e-03
357 7.477156e-05 1.936097e-03
358 7.477156e-05 1.936097e-03
359 7.477156e-05 1.936097e-03
360 7.477156e-05 1.936097e-03
361 3.511850e-04 4.202359e-03
362 3.767939e-05 1.585604e-03
363 3.767939e-05 1.585604e-03
364 3.767939e-05 1.585604e-03
365 1.700543e-04 3.475693e-03
366 7.477156e-05 1.936097e-03
367 8.569489e-05 2.678560e-03
368 7.477156e-05 1.936097e-03
369 3.511850e-04 4.202359e-03
370 4.157784e-04 4.851244e-03
371 4.157784e-04 4.851244e-03
372 8.250772e-04 6.713078e-03
373 8.250772e-04 6.713078e-03
374 1.574364e-03 6.696963e-03
375 2.058159e-04 3.387381e-03
376 7.698226e-04 5.205288e-03
377 2.982410e-04 2.586211e-03
378 2.982410e-04 2.586211e-03
379 1.700543e-04 3.475693e-03
380 8.417916e-05 2.245972e-03
381 1.631639e-05 9.153935e-04
382 8.417916e-05 2.245972e-03
383 1.631639e-05 9.153935e-04
384 3.701293e-05 1.395398e-03
385 9.566796e-05 2.637196e-03
386 9.566796e-05 2.637196e-03
387 2.137309e-04 3.830586e-03
388 6.976419e-05 1.617688e-03
389 1.586659e-04 2.751531e-03
390 7.167334e-05 1.369803e-03
391 1.982827e-04 3.347910e-03
392 7.725738e-05 1.544276e-03
393 1.815092e-04 2.600876e-03
394 6.366335e-05 1.224322e-03
395 9.118730e-05 2.750204e-03
396 4.271812e-04 5.798466e-03
397 1.977713e-04 3.637951e-03
398 1.023955e-04 3.418718e-03
399 1.023955e-04 3.418718e-03
400 2.068539e-04 4.914551e-03
401 1.023955e-04 3.418718e-03
402 1.023955e-04 3.418718e-03
403 1.023955e-04 3.418718e-03
404 1.023955e-04 3.418718e-03
405 1.023955e-04 3.418718e-03
406 1.023955e-04 3.418718e-03
407 5.159981e-05 2.938737e-03
408 1.023955e-04 3.418718e-03
409 4.306540e-04 6.329994e-03
410 2.114604e-04 3.856268e-03
411 2.152680e-04 4.390347e-03
412 1.977713e-04 3.637951e-03
413 1.023955e-04 3.418718e-03
414 1.023955e-04 3.418718e-03
415 5.159981e-05 2.938737e-03
416 1.023955e-04 3.418718e-03
417 1.023955e-04 3.418718e-03
418 4.157784e-04 4.851244e-03
419 8.250772e-04 6.713078e-03
420 4.157784e-04 4.851244e-03
421 1.023955e-04 3.418718e-03
422 2.114604e-04 3.856268e-03
423 4.271812e-04 5.798466e-03
424 8.250772e-04 6.713078e-03
425 4.271812e-04 5.798466e-03
426 2.114604e-04 3.856268e-03
427 4.271812e-04 5.798466e-03
428 2.114604e-04 3.856268e-03
429 2.114604e-04 3.856268e-03
430 2.114604e-04 3.856268e-03
431 4.084243e-04 4.309013e-03
432 2.114604e-04 3.856268e-03
433 2.114604e-04 3.856268e-03
434 2.114604e-04 3.856268e-03
435 4.084243e-04 4.309013e-03
436 4.084243e-04 4.309013e-03
437 2.114604e-04 3.856268e-03
438 2.114604e-04 3.856268e-03
439 4.084243e-04 4.309013e-03
440 2.114604e-04 3.856268e-03
441 2.114604e-04 3.856268e-03
442 1.028423e-03 8.692333e-03
443 4.939775e-04 7.181361e-03
444 1.028423e-03 8.692333e-03
445 3.384260e-04 2.245892e-03
446 8.222265e-06 8.389100e-04
447 3.151422e-05 9.503275e-04
448 8.222265e-06 8.389100e-04
449 8.222265e-06 8.389100e-04
450 1.588086e-05 8.565142e-04
451 3.296151e-05 1.153750e-03
452 3.151422e-05 9.503275e-04
453 1.631639e-05 9.153935e-04
454 3.151422e-05 9.503275e-04
455 3.151422e-05 9.503275e-04
456 1.588086e-05 8.565142e-04
457 8.222265e-06 8.389100e-04
458 3.151422e-05 9.503275e-04
459 4.352461e-04 5.790376e-03
460 8.436347e-05 1.839463e-03
461 1.631639e-05 9.153935e-04
462 8.436347e-05 1.839463e-03
463 1.631639e-05 9.153935e-04
464 3.151422e-05 9.503275e-04
465 1.631639e-05 9.153935e-04
466 3.151422e-05 9.503275e-04
467 1.631639e-05 9.153935e-04
468 1.631639e-05 9.153935e-04
469 3.151422e-05 9.503275e-04
470 2.201098e-05 1.541198e-03
471 3.151422e-05 9.503275e-04
472 1.631639e-05 9.153935e-04
473 3.151422e-05 9.503275e-04
474 1.631639e-05 9.153935e-04
475 3.151422e-05 9.503275e-04
476 1.865180e-05 1.221899e-03
477 7.148846e-05 1.474644e-03
478 3.767939e-05 1.585604e-03
479 1.865180e-05 1.221899e-03
480 3.701293e-05 1.395398e-03
481 3.296151e-05 1.153750e-03
482 3.767939e-05 1.585604e-03
483 3.767939e-05 1.585604e-03
484 3.602494e-05 1.261833e-03
485 3.602494e-05 1.261833e-03
486 3.995270e-04 5.357433e-03
487 1.865180e-05 1.221899e-03
488 1.977713e-04 3.637951e-03
489 3.260960e-04 3.095412e-03
490 9.966222e-05 3.049214e-03
491 9.966222e-05 3.049214e-03
492 9.966222e-05 3.049214e-03
493 9.966222e-05 3.049214e-03
494 1.845267e-04 3.134079e-03
495 9.553815e-05 2.982675e-03
496 2.013323e-04 4.168099e-03
497 2.172841e-04 4.780113e-03
498 9.966222e-05 3.049214e-03
499 1.845267e-04 3.134079e-03
500 9.966222e-05 3.049214e-03
501 1.977713e-04 3.637951e-03
502 9.086514e-04 1.018107e-02
503 9.966222e-05 3.049214e-03
504 9.966222e-05 3.049214e-03
505 9.966222e-05 3.049214e-03
506 1.930011e-04 4.033681e-03
507 1.930011e-04 4.033681e-03
508 1.845267e-04 3.134079e-03
509 1.845267e-04 3.134079e-03
510 2.013323e-04 4.168099e-03
511 9.553815e-05 2.982675e-03
512 1.845267e-04 3.134079e-03
513 9.553815e-05 2.982675e-03
514 1.544050e-03 7.681461e-03
515 1.771313e-04 2.718659e-03
516 1.771313e-04 2.718659e-03
517 3.421194e-04 2.999367e-03
518 1.771313e-04 2.718659e-03
519 3.421194e-04 2.999367e-03
520 3.421194e-04 2.999367e-03
521 3.421194e-04 2.999367e-03
522 3.421194e-04 2.999367e-03
523 3.421194e-04 2.999367e-03
524 1.771313e-04 2.718659e-03
525 1.771313e-04 2.718659e-03
526 3.421194e-04 2.999367e-03
527 1.771313e-04 2.718659e-03
528 9.566796e-05 2.637196e-03
529 3.421194e-04 2.999367e-03
530 1.771313e-04 2.718659e-03
531 1.771313e-04 2.718659e-03
532 2.175793e-04 4.370796e-03
533 4.028527e-04 4.556069e-03
534 2.175793e-04 4.370796e-03
535 2.175793e-04 4.370796e-03
536 4.028527e-04 4.556069e-03
537 4.028527e-04 4.556069e-03
538 4.028527e-04 4.556069e-03
539 4.202426e-04 4.836641e-03
540 4.028527e-04 4.556069e-03
541 4.028527e-04 4.556069e-03
542 7.780880e-04 5.194487e-03
543 4.028527e-04 4.556069e-03
544 1.771313e-04 2.718659e-03
545 3.701293e-05 1.395398e-03
546 1.865180e-05 1.221899e-03
547 3.701293e-05 1.395398e-03
548 3.701293e-05 1.395398e-03
549 1.865180e-05 1.221899e-03
550 3.701293e-05 1.395398e-03
551 1.865180e-05 1.221899e-03
552 1.476333e-04 1.717213e-03
553 1.023955e-04 3.418718e-03
554 3.701293e-05 1.395398e-03
555 3.701293e-05 1.395398e-03
556 1.865180e-05 1.221899e-03
557 3.701293e-05 1.395398e-03
558 3.701293e-05 1.395398e-03
559 3.701293e-05 1.395398e-03
560 3.701293e-05 1.395398e-03
561 3.701293e-05 1.395398e-03
562 3.701293e-05 1.395398e-03
563 3.701293e-05 1.395398e-03
564 3.701293e-05 1.395398e-03
565 1.444172e-04 2.096186e-03
566 3.701293e-05 1.395398e-03
567 3.701293e-05 1.395398e-03
568 3.701293e-05 1.395398e-03
569 3.701293e-05 1.395398e-03
570 3.701293e-05 1.395398e-03
571 3.701293e-05 1.395398e-03
572 3.701293e-05 1.395398e-03
573 3.701293e-05 1.395398e-03
574 3.701293e-05 1.395398e-03
575 3.701293e-05 1.395398e-03
576 3.701293e-05 1.395398e-03
577 3.701293e-05 1.395398e-03
578 1.444172e-04 2.096186e-03
579 2.982410e-04 2.586211e-03
580 3.701293e-05 1.395398e-03
581 3.701293e-05 1.395398e-03
582 3.701293e-05 1.395398e-03
583 7.477156e-05 1.936097e-03
584 3.701293e-05 1.395398e-03
585 3.701293e-05 1.395398e-03
586 1.023955e-04 3.418718e-03
587 2.068539e-04 4.914551e-03
588 1.444172e-04 2.096186e-03
589 1.865180e-05 1.221899e-03
590 8.250772e-04 6.713078e-03
591 3.701293e-05 1.395398e-03
592 3.701293e-05 1.395398e-03
593 1.023955e-04 3.418718e-03
594 3.701293e-05 1.395398e-03
595 1.023955e-04 3.418718e-03
596 4.497947e-04 6.270417e-03
597 3.701293e-05 1.395398e-03
598 3.701293e-05 1.395398e-03
599 3.701293e-05 1.395398e-03
600 3.701293e-05 1.395398e-03
601 7.148846e-05 1.474644e-03
602 7.148846e-05 1.474644e-03
603 7.477156e-05 1.936097e-03
604 3.701293e-05 1.395398e-03
605 3.701293e-05 1.395398e-03
606 3.701293e-05 1.395398e-03
607 3.701293e-05 1.395398e-03
608 3.701293e-05 1.395398e-03
609 9.566796e-05 2.637196e-03
610 8.768236e-05 2.075182e-03
611 7.973651e-04 6.696705e-03
612 3.947065e-04 4.300909e-03
613 4.018136e-04 4.842994e-03
614 4.018136e-04 4.842994e-03
615 1.989031e-04 3.383296e-03
616 8.768236e-05 2.075182e-03
617 1.989031e-04 3.383296e-03
618 8.768236e-05 2.075182e-03
619 8.768236e-05 2.075182e-03
620 8.768236e-05 2.075182e-03
621 8.768236e-05 2.075182e-03
622 8.768236e-05 2.075182e-03
623 1.771313e-04 2.718659e-03
624 8.768236e-05 2.075182e-03
625 8.768236e-05 2.075182e-03
626 7.973651e-04 6.696705e-03
627 8.768236e-05 2.075182e-03
628 9.966222e-05 3.049214e-03
629 1.042392e-04 3.944919e-03
630 5.159981e-05 2.938737e-03
631 8.569489e-05 2.678560e-03
632 3.445896e-04 3.646930e-03
633 8.569489e-05 2.678560e-03
634 8.417916e-05 2.245972e-03
635 8.193216e-05 1.942203e-03
636 8.569489e-05 2.678560e-03
637 1.655150e-04 2.862036e-03
638 1.655150e-04 2.862036e-03
639 1.173544e-04 4.680183e-03
640 4.242013e-05 1.851380e-03
641 8.569489e-05 2.678560e-03
642 8.417916e-05 2.245972e-03
643 1.173544e-04 4.680183e-03
644 8.417916e-05 2.245972e-03
645 9.966222e-05 3.049214e-03
646 1.173544e-04 4.680183e-03
647 1.023955e-04 3.418718e-03
648 1.761233e-04 2.945439e-03
649 5.159981e-05 2.938737e-03
650 5.159981e-05 2.938737e-03
651 5.159981e-05 2.938737e-03
652 5.159981e-05 2.938737e-03
653 4.946487e-04 6.399534e-03
654 5.324631e-04 7.848516e-03
655 4.075380e-05 1.559941e-03
656 3.687468e-04 3.170179e-03
657 2.123833e-03 1.108082e-02
658 1.042392e-04 3.944919e-03
659 2.266635e-04 4.931443e-03
660 2.266635e-04 4.931443e-03
661 2.266635e-04 4.931443e-03
662 4.497947e-04 6.270417e-03
663 9.966222e-05 3.049214e-03
664 4.084243e-04 4.309013e-03
665 2.266635e-04 4.931443e-03
666 2.266635e-04 4.931443e-03
667 9.966222e-05 3.049214e-03
668 9.966222e-05 3.049214e-03
669 4.497947e-04 6.270417e-03
670 4.084243e-04 4.309013e-03
671 2.266635e-04 4.931443e-03
672 1.692009e-04 2.220209e-03
673 4.497947e-04 6.270417e-03
674 9.966222e-05 3.049214e-03
675 2.982410e-04 2.586211e-03
676 9.966222e-05 3.049214e-03
677 2.058159e-04 3.387381e-03
678 6.853023e-05 1.426915e-03
679 2.152680e-04 4.390347e-03
680 7.439636e-05 1.384070e-03
681 1.502916e-04 1.913214e-03
682 1.887227e-03 1.156781e-02
683 6.853023e-05 1.426915e-03
684 1.895874e-04 3.505910e-03
685 6.670095e-05 1.292509e-03
686 2.058159e-04 3.387381e-03
687 3.701293e-05 1.395398e-03
688 6.853023e-05 1.426915e-03
689 6.670095e-05 1.292509e-03
690 3.701293e-05 1.395398e-03
691 1.323624e-04 1.535518e-03
692 3.453421e-05 1.237781e-03
693 3.701293e-05 1.395398e-03
694 7.148846e-05 1.474644e-03
695 9.966222e-05 3.049214e-03
696 4.157784e-04 4.851244e-03
697 8.250772e-04 6.713078e-03
698 4.157784e-04 4.851244e-03
699 2.058159e-04 3.387381e-03
700 1.023955e-04 3.418718e-03
701 5.159981e-05 2.938737e-03
702 1.977713e-04 3.637951e-03
703 5.159981e-05 2.938737e-03
704 4.157784e-04 4.851244e-03
705 5.159981e-05 2.938737e-03
706 9.966222e-05 3.049214e-03
707 5.159981e-05 2.938737e-03
708 3.198733e-04 3.540572e-03
709 4.191585e-04 5.122843e-03
710 2.443228e-04 5.483206e-03
711 4.848380e-04 7.365344e-03
712 1.625875e-04 2.426203e-03
713 4.191585e-04 5.122843e-03
714 2.131795e-04 4.119382e-03
715 1.074269e-04 3.291820e-03
716 2.443228e-04 5.483206e-03
717 2.443228e-04 5.483206e-03
718 1.074269e-04 3.291820e-03
719 2.074891e-04 3.521825e-03
720 2.443228e-04 5.483206e-03
721 1.074269e-04 3.291820e-03
722 2.074891e-04 3.521825e-03
723 4.191585e-04 5.122843e-03
724 1.074269e-04 3.291820e-03
725 1.074269e-04 3.291820e-03
726 2.074891e-04 3.521825e-03
727 4.848380e-04 7.365344e-03
728 2.328798e-04 5.771812e-03
729 2.443228e-04 5.483206e-03
730 2.170181e-04 4.658198e-03
731 1.074269e-04 3.291820e-03
732 1.074269e-04 3.291820e-03
733 1.074269e-04 3.291820e-03
734 2.443228e-04 5.483206e-03
735 1.074269e-04 3.291820e-03
736 4.680907e-04 5.700541e-03
737 1.001256e-03 9.437123e-03
738 4.191585e-04 5.122843e-03
739 1.074269e-04 3.291820e-03
740 1.074269e-04 3.291820e-03
741 1.074269e-04 3.291820e-03
742 4.191585e-04 5.122843e-03
743 1.074269e-04 3.291820e-03
744 1.074269e-04 3.291820e-03
745 4.191585e-04 5.122843e-03
746 1.074269e-04 3.291820e-03
747 1.074269e-04 3.291820e-03
748 1.026603e-04 3.128110e-03
749 2.328798e-04 5.771812e-03
750 1.544134e-04 2.255606e-03
751 1.444172e-04 2.096186e-03
752 1.444172e-04 2.096186e-03
753 2.068539e-04 4.914551e-03
754 3.701293e-05 1.395398e-03
755 7.643669e-05 1.553559e-03
756 1.444172e-04 2.096186e-03
757 1.023955e-04 3.418718e-03
758 1.444172e-04 2.096186e-03
759 3.701293e-05 1.395398e-03
760 1.415242e-04 1.618647e-03
761 2.858996e-04 2.387092e-03
762 1.042392e-04 3.944919e-03
763 1.042392e-04 3.944919e-03
764 1.042392e-04 3.944919e-03
765 9.284049e-04 8.833695e-03
766 9.008565e-04 1.108729e-02
767 3.345635e-04 5.374663e-03
768 9.284049e-04 8.833695e-03
769 8.417916e-05 2.245972e-03
770 3.701293e-05 1.395398e-03
771 3.701293e-05 1.395398e-03
772 8.569489e-05 2.678560e-03
773 1.738413e-04 2.605681e-03
774 8.569489e-05 2.678560e-03
775 1.700543e-04 3.475693e-03
776 8.569489e-05 2.678560e-03
777 8.417916e-05 2.245972e-03
778 3.284506e-04 3.839786e-03
779 1.625875e-04 2.426203e-03
780 8.569489e-05 2.678560e-03
781 8.569489e-05 2.678560e-03
782 3.767939e-05 1.585604e-03
783 4.242013e-05 1.851380e-03
784 8.417916e-05 2.245972e-03
785 7.477156e-05 1.936097e-03
786 7.281896e-05 1.808715e-03
787 7.477156e-05 1.936097e-03
788 7.477156e-05 1.936097e-03
789 7.477156e-05 1.936097e-03
790 7.477156e-05 1.936097e-03
791 1.865180e-05 1.221899e-03
792 7.477156e-05 1.936097e-03
793 7.477156e-05 1.936097e-03
794 6.637783e-04 4.416446e-03
795 3.701293e-05 1.395398e-03
796 7.477156e-05 1.936097e-03
797 7.477156e-05 1.936097e-03
798 3.767939e-05 1.585604e-03
799 1.406458e-04 1.964624e-03
800 7.477156e-05 1.936097e-03
801 1.406458e-04 1.964624e-03
802 7.477156e-05 1.936097e-03
803 1.444172e-04 2.096186e-03
804 7.477156e-05 1.936097e-03
805 1.444172e-04 2.096186e-03
806 4.459361e-04 6.719009e-03
807 7.281896e-05 1.808715e-03
808 3.767939e-05 1.585604e-03
809 7.477156e-05 1.936097e-03
810 3.767939e-05 1.585604e-03
811 1.700543e-04 3.475693e-03
812 7.413014e-05 2.081501e-03
813 3.820581e-04 3.272401e-03
814 3.401328e-04 3.144239e-03
815 3.401328e-04 3.144239e-03
816 3.925361e-04 3.747320e-03
817 1.900777e-04 3.215527e-03
818 3.401328e-04 3.144239e-03
819 3.401328e-04 3.144239e-03
820 7.715745e-04 6.202876e-03
821 7.024200e-04 4.095850e-03
822 1.356686e-03 5.209005e-03
823 3.753242e-03 1.396898e-02
824 3.180446e-03 1.153709e-02
825 4.214567e-03 1.671919e-02
826 1.593405e-03 8.361560e-03
827 3.180446e-03 1.153709e-02
828 8.514045e-03 2.967619e-02
829 4.128095e-04 4.288192e-03
830 9.566796e-05 2.637196e-03
831 4.735693e-05 2.034856e-03
832 1.693537e-04 2.214136e-03
833 3.331852e-04 2.837512e-03
834 4.735693e-05 2.034856e-03
835 1.693537e-04 2.214136e-03
836 8.768236e-05 2.075182e-03
837 4.735693e-05 2.034856e-03
838 4.735693e-05 2.034856e-03
839 4.735693e-05 2.034856e-03
840 3.331852e-04 2.837512e-03
841 4.735693e-05 2.034856e-03
842 9.316966e-05 2.484799e-03
843 4.735693e-05 2.034856e-03
844 9.146732e-05 2.136249e-03
845 9.146732e-05 2.136249e-03
846 9.566796e-05 2.637196e-03
847 4.735693e-05 2.034856e-03
848 9.146732e-05 2.136249e-03
849 9.566796e-05 2.637196e-03
850 4.735693e-05 2.034856e-03
851 9.146732e-05 2.136249e-03
852 4.735693e-05 2.034856e-03
853 4.735693e-05 2.034856e-03
854 4.735693e-05 2.034856e-03
855 4.735693e-05 2.034856e-03
856 3.458113e-05 1.112901e-03
857 1.711813e-05 8.951727e-04
858 6.862334e-05 1.379296e-03
859 3.458113e-05 1.112901e-03
860 6.715778e-04 3.144348e-03
861 1.350090e-04 1.965564e-03
862 3.458113e-05 1.112901e-03
863 3.458113e-05 1.112901e-03
864 3.458113e-05 1.112901e-03
865 3.458113e-05 1.112901e-03
866 6.402770e-05 1.142347e-03
867 3.458113e-05 1.112901e-03
868 3.458113e-05 1.112901e-03
869 6.402770e-05 1.142347e-03
870 3.458113e-05 1.112901e-03
871 3.458113e-05 1.112901e-03
872 6.679157e-05 1.186940e-03
873 3.458113e-05 1.112901e-03
874 3.306273e-05 9.318233e-04
875 1.147075e-03 1.010406e-02
876 3.458113e-05 1.112901e-03
877 3.458113e-05 1.112901e-03
878 6.402770e-05 1.142347e-03
879 3.458113e-05 1.112901e-03
880 3.458113e-05 1.112901e-03
881 3.458113e-05 1.112901e-03
882 3.306273e-05 9.318233e-04
883 3.169458e-05 9.097491e-04
884 3.458113e-05 1.112901e-03
885 3.458113e-05 1.112901e-03
886 6.504736e-05 1.129920e-03
887 3.367807e-05 1.057814e-03
888 1.543333e-04 2.588753e-03
889 1.475567e-04 1.882040e-03
890 1.388663e-04 1.496533e-03
891 3.331852e-04 2.837512e-03
892 1.725056e-04 2.564135e-03
893 6.504736e-05 1.129920e-03
894 3.367807e-05 1.057814e-03
895 6.235567e-05 1.086491e-03
896 1.259676e-04 1.499393e-03
897 3.605982e-04 3.713573e-03
898 1.799521e-04 2.684279e-03
899 1.960747e-04 3.835193e-03
900 3.367807e-05 1.057814e-03
901 3.210074e-05 1.097596e-03
902 5.784870e-05 1.008362e-03
903 7.087520e-05 1.545941e-03
904 3.630365e-04 4.002155e-03
905 7.639705e-05 1.718471e-03
906 1.475567e-04 1.882040e-03
907 4.058422e-04 5.471258e-03
908 3.679032e-05 1.362515e-03
909 3.679032e-05 1.362515e-03
910 1.870004e-05 1.116404e-03
911 3.679032e-05 1.362515e-03
912 1.617642e-05 9.471231e-04
913 1.617642e-05 9.471231e-04
914 3.367807e-05 1.057814e-03
915 3.679032e-05 1.362515e-03
916 8.643550e-05 2.274391e-03
917 3.679032e-05 1.362515e-03
918 1.617642e-05 9.471231e-04
919 1.870004e-05 1.116404e-03
920 3.611811e-05 1.156441e-03
921 8.222265e-06 8.389100e-04
922 1.661018e-05 9.992418e-04
923 2.018530e-04 3.879429e-03
924 8.134482e-05 1.965319e-03
925 8.222265e-06 8.389100e-04
926 4.393404e-05 1.927908e-03
927 1.588086e-05 8.565142e-04
928 3.124387e-05 9.817575e-04
929 7.105849e-05 1.441284e-03
930 3.124387e-05 9.817575e-04
931 3.679032e-05 1.362515e-03
932 1.870004e-05 1.116404e-03
933 1.522370e-05 8.459115e-04
934 1.588086e-05 8.565142e-04
935 2.940374e-05 8.700371e-04
936 1.588086e-05 8.565142e-04
937 1.588086e-05 8.565142e-04
938 1.870004e-05 1.116404e-03
939 3.611811e-05 1.156441e-03
940 1.588086e-05 8.565142e-04
941 3.208166e-05 1.034805e-03
942 1.870004e-05 1.116404e-03
943 1.588086e-05 8.565142e-04
944 8.222265e-06 8.389100e-04
945 2.940374e-05 8.700371e-04
946 1.711813e-05 8.951727e-04
947 2.561028e-04 5.851208e-03
948 1.176113e-04 3.952447e-03
949 2.448578e-04 4.510175e-03
950 2.448578e-04 4.510175e-03
951 4.858995e-04 5.753978e-03
952 4.117447e-04 4.575807e-03
953 1.847774e-04 2.842025e-03
954 9.146732e-05 2.136249e-03
955 4.117447e-04 4.575807e-03
956 9.146732e-05 2.136249e-03
957 2.448578e-04 4.510175e-03
958 1.267744e-04 4.238746e-03
959 1.102239e-03 1.104086e-02
960 5.554478e-04 8.219358e-03
961 2.448578e-04 4.510175e-03
962 2.448578e-04 4.510175e-03
963 9.146732e-05 2.136249e-03
964 5.554478e-04 8.219358e-03
965 2.074891e-04 3.521825e-03
966 1.102239e-03 1.104086e-02
967 5.554478e-04 8.219358e-03
968 9.146732e-05 2.136249e-03
969 9.146732e-05 2.136249e-03
970 2.448578e-04 4.510175e-03
971 9.146732e-05 2.136249e-03
972 2.448578e-04 4.510175e-03
973 2.448578e-04 4.510175e-03
974 9.146732e-05 2.136249e-03
975 1.267744e-04 4.238746e-03
976 3.455494e-04 3.204767e-03
977 3.367807e-05 1.057814e-03
978 6.504736e-05 1.129920e-03
979 6.862334e-05 1.379296e-03
980 1.711813e-05 8.951727e-04
981 9.257360e-05 2.274671e-03
982 6.862334e-05 1.379296e-03
983 6.862334e-05 1.379296e-03
984 6.862334e-05 1.379296e-03
985 6.862334e-05 1.379296e-03
986 6.862334e-05 1.379296e-03
987 1.711813e-05 8.951727e-04
988 3.458113e-05 1.112901e-03
989 9.093620e-05 2.044827e-03
990 6.862334e-05 1.379296e-03
991 9.257360e-05 2.274671e-03
992 6.862334e-05 1.379296e-03
993 6.862334e-05 1.379296e-03
994 6.862334e-05 1.379296e-03
995 6.862334e-05 1.379296e-03
996 6.862334e-05 1.379296e-03
997 1.556687e-04 2.447738e-03
998 6.862334e-05 1.379296e-03
999 3.396948e-05 1.027042e-03
1000 3.396948e-05 1.027042e-03
1001 3.396948e-05 1.027042e-03
1002 3.396948e-05 1.027042e-03
1003 3.396948e-05 1.027042e-03
1004 6.862334e-05 1.379296e-03
1005 6.862334e-05 1.379296e-03
1006 6.862334e-05 1.379296e-03
1007 6.862334e-05 1.379296e-03
1008 6.862334e-05 1.379296e-03
1009 6.862334e-05 1.379296e-03
1010 6.862334e-05 1.379296e-03
1011 6.862334e-05 1.379296e-03
1012 6.862334e-05 1.379296e-03
1013 6.862334e-05 1.379296e-03
1014 6.862334e-05 1.379296e-03
1015 6.862334e-05 1.379296e-03
1016 3.396948e-05 1.027042e-03
1017 3.458113e-05 1.112901e-03
1018 6.862334e-05 1.379296e-03
1019 6.862334e-05 1.379296e-03
1020 3.458113e-05 1.112901e-03
1021 3.396948e-05 1.027042e-03
1022 1.711813e-05 8.951727e-04
1023 3.396948e-05 1.027042e-03
1024 3.306273e-05 9.318233e-04
1025 6.402770e-05 1.142347e-03
1026 2.040819e-03 1.197945e-02
1027 7.397328e-04 5.697639e-03
1028 7.397328e-04 5.697639e-03
1029 7.562063e-04 4.656795e-03
1030 1.527648e-03 7.415648e-03
1031 1.527648e-03 7.415648e-03
1032 2.673915e-04 2.219160e-03
1033 3.661777e-04 3.806357e-03
1034 7.397328e-04 5.697639e-03
1035 1.323624e-04 1.535518e-03
1036 2.733462e-04 1.842926e-03
1037 3.661777e-04 3.806357e-03
1038 1.323624e-04 1.535518e-03
1039 2.733462e-04 1.842926e-03
1040 3.661777e-04 3.806357e-03
1041 7.397328e-04 5.697639e-03
1042 5.521995e-04 2.840170e-03
1043 5.521995e-04 2.840170e-03
1044 2.867776e-04 1.819046e-03
1045 1.377464e-04 1.447420e-03
1046 5.521995e-04 2.840170e-03
1047 7.397328e-04 5.697639e-03
1048 1.478236e-03 6.898565e-03
1049 3.661777e-04 3.806357e-03
1050 4.089509e-03 1.864311e-02
1051 1.056628e-03 1.030496e-02
1052 1.661018e-05 9.992418e-04
1053 3.611811e-05 1.156441e-03
1054 4.497034e-04 4.558337e-03
1055 3.611811e-05 1.156441e-03
1056 9.668807e-05 2.391229e-03
1057 3.611811e-05 1.156441e-03
1058 3.458113e-05 1.112901e-03
1059 1.588086e-05 8.565142e-04
1060 8.222265e-06 8.389100e-04
1061 3.075411e-05 1.013386e-03
1062 3.602494e-05 1.261833e-03
1063 4.393404e-05 1.927908e-03
1064 1.176113e-04 3.952447e-03
1065 1.176113e-04 3.952447e-03
1066 3.296151e-05 1.153750e-03
1067 3.296151e-05 1.153750e-03
1068 3.296151e-05 1.153750e-03
1069 3.296151e-05 1.153750e-03
1070 2.674855e-04 6.173664e-03
1071 9.991997e-05 2.757650e-03
1072 2.274672e-05 1.879207e-03
1073 1.176113e-04 3.952447e-03
1074 1.588086e-05 8.565142e-04
1075 2.266635e-04 4.931443e-03
1076 4.393404e-05 1.927908e-03
1077 1.176113e-04 3.952447e-03
1078 3.611811e-05 1.156441e-03
1079 9.668807e-05 2.391229e-03
1080 3.075411e-05 1.013386e-03
1081 3.075411e-05 1.013386e-03
1082 3.075411e-05 1.013386e-03
1083 3.075411e-05 1.013386e-03
1084 1.661018e-05 9.992418e-04
1085 8.193216e-05 1.942203e-03
1086 1.661018e-05 9.992418e-04
1087 1.661018e-05 9.992418e-04
1088 2.051500e-04 3.174198e-03
1089 1.661018e-05 9.992418e-04
1090 1.661018e-05 9.992418e-04
1091 1.661018e-05 9.992418e-04
1092 1.020130e-03 8.328611e-03
1093 1.725951e-04 2.363059e-03
1094 1.725951e-04 2.363059e-03
1095 3.021014e-05 9.292872e-04
1096 3.021014e-05 9.292872e-04
1097 6.853023e-05 1.426915e-03
1098 1.323624e-04 1.535518e-03
1099 6.102893e-05 1.181817e-03
1100 3.021014e-05 9.292872e-04
1101 3.021014e-05 9.292872e-04
1102 3.296151e-05 1.153750e-03
1103 3.021014e-05 9.292872e-04
1104 3.960997e-04 5.755892e-03
1105 3.021014e-05 9.292872e-04
1106 6.238802e-05 1.013808e-03
1107 6.238802e-05 1.013808e-03
1108 3.021014e-05 9.292872e-04
1109 3.021014e-05 9.292872e-04
1110 5.834925e-05 9.771625e-04
1111 6.853023e-05 1.426915e-03
1112 1.323624e-04 1.535518e-03
1113 1.323624e-04 1.535518e-03
1114 6.102893e-05 1.181817e-03
1115 1.323624e-04 1.535518e-03
1116 3.021014e-05 9.292872e-04
1117 3.021014e-05 9.292872e-04
1118 6.853023e-05 1.426915e-03
1119 1.323624e-04 1.535518e-03
1120 6.561019e-05 1.099772e-03
1121 3.151422e-05 9.503275e-04
1122 3.306273e-05 9.318233e-04
1123 3.306273e-05 9.318233e-04
1124 6.561019e-05 1.099772e-03
1125 6.561019e-05 1.099772e-03
1126 3.306273e-05 9.318233e-04
1127 3.306273e-05 9.318233e-04
1128 3.306273e-05 9.318233e-04
1129 3.458113e-05 1.112901e-03
1130 3.306273e-05 9.318233e-04
1131 9.146732e-05 2.136249e-03
1132 1.150041e-03 9.331691e-03
1133 2.012972e-04 2.849736e-03
1134 3.306273e-05 9.318233e-04
1135 3.306273e-05 9.318233e-04
1136 3.306273e-05 9.318233e-04
1137 7.519514e-05 1.327718e-03
1138 6.561019e-05 1.099772e-03
1139 7.519514e-05 1.327718e-03
1140 8.069624e-04 6.468634e-03
1141 1.492184e-04 1.709687e-03
1142 7.519514e-05 1.327718e-03
1143 7.519514e-05 1.327718e-03
1144 2.012972e-04 2.849736e-03
1145 7.519514e-05 1.327718e-03
1146 2.012972e-04 2.849736e-03
1147 2.012972e-04 2.849736e-03
1148 7.519514e-05 1.327718e-03
1149 7.519514e-05 1.327718e-03
1150 3.306273e-05 9.318233e-04
1151 3.306273e-05 9.318233e-04
1152 3.306273e-05 9.318233e-04
1153 3.306273e-05 9.318233e-04
1154 6.561019e-05 1.099772e-03
1155 3.306273e-05 9.318233e-04
1156 1.756383e-04 2.239525e-03
1157 3.310536e-04 2.625127e-03
1158 1.756383e-04 2.239525e-03
1159 6.569479e-04 3.683261e-03
1160 1.270576e-04 1.437730e-03
1161 6.561019e-05 1.099772e-03
1162 2.454048e-04 1.639084e-03
1163 1.756383e-04 2.239525e-03
1164 1.270576e-04 1.437730e-03
1165 1.325422e-04 1.526221e-03
1166 3.548152e-04 3.381129e-03
1167 1.837045e-04 2.987810e-03
1168 1.325422e-04 1.526221e-03
1169 2.454048e-04 1.639084e-03
1170 2.454048e-04 1.639084e-03
1171 1.270576e-04 1.437730e-03
1172 1.756383e-04 2.239525e-03
1173 3.627167e-04 2.835487e-03
1174 2.377334e-04 5.737864e-03
1175 1.752546e-04 2.821986e-03
1176 9.550964e-03 5.876013e-02
1177 3.367807e-05 1.057814e-03
1178 1.799521e-04 2.684279e-03
1179 4.269597e-04 6.720110e-03
1180 4.082125e-04 4.765005e-03
1181 2.113508e-04 4.312494e-03
1182 4.082125e-04 4.765005e-03
1183 1.492184e-04 1.709687e-03
1184 3.384946e-04 3.197213e-03
1185 5.581284e-04 2.936253e-03
1186 3.014431e-04 2.679568e-03
1187 1.492184e-04 1.709687e-03
1188 1.492184e-04 1.709687e-03
1189 3.384946e-04 3.197213e-03
1190 6.838090e-04 5.397341e-03
1191 3.384946e-04 3.197213e-03
1192 5.581284e-04 2.936253e-03
1193 5.581284e-04 2.936253e-03
1194 5.581284e-04 2.936253e-03
1195 3.014431e-04 2.679568e-03
1196 3.014431e-04 2.679568e-03
1197 1.492184e-04 1.709687e-03
1198 3.014431e-04 2.679568e-03
1199 3.014431e-04 2.679568e-03
1200 5.581284e-04 2.936253e-03
1201 2.812558e-04 2.037286e-03
1202 3.014431e-04 2.679568e-03
1203 3.303303e-04 3.416867e-03
1204 3.014431e-04 2.679568e-03
1205 8.643550e-05 2.274391e-03
1206 1.960747e-04 3.835193e-03
1207 8.643550e-05 2.274391e-03
1208 3.570998e-04 3.598382e-03
1209 9.040505e-05 2.927531e-03
1210 8.643550e-05 2.274391e-03
1211 1.661018e-05 9.992418e-04
1212 6.504736e-05 1.129920e-03
1213 9.316966e-05 2.484799e-03
1214 1.799521e-04 2.684279e-03
1215 4.082125e-04 4.765005e-03
1216 1.475567e-04 1.882040e-03
1217 4.082125e-04 4.765005e-03
1218 7.500118e-05 1.432668e-03
1219 8.222265e-06 8.389100e-04
1220 3.767939e-05 1.585604e-03
1221 1.661018e-05 9.992418e-04
1222 3.384946e-04 3.197213e-03
1223 3.458113e-05 1.112901e-03
1224 1.661018e-05 9.992418e-04
1225 3.458113e-05 1.112901e-03
1226 3.611811e-05 1.156441e-03
1227 2.323252e-03 1.555634e-02
1228 6.402770e-05 1.142347e-03
1229 1.711813e-05 8.951727e-04
1230 6.803466e-05 1.441460e-03
1231 3.458113e-05 1.112901e-03
1232 6.803466e-05 1.441460e-03
1233 6.803466e-05 1.441460e-03
1234 6.803466e-05 1.441460e-03
1235 6.803466e-05 1.441460e-03
1236 6.803466e-05 1.441460e-03
1237 6.803466e-05 1.441460e-03
1238 6.803466e-05 1.441460e-03
1239 6.803466e-05 1.441460e-03
1240 5.930569e-04 4.336186e-03
1241 3.306273e-05 9.318233e-04
1242 6.803466e-05 1.441460e-03
1243 3.458113e-05 1.112901e-03
1244 6.803466e-05 1.441460e-03
1245 6.803466e-05 1.441460e-03
1246 6.803466e-05 1.441460e-03
1247 1.834552e-04 3.115286e-03
1248 8.058675e-04 6.160997e-03
1249 3.543338e-04 3.406016e-03
1250 3.543338e-04 3.406016e-03
1251 1.834552e-04 3.115286e-03
1252 3.543338e-04 3.406016e-03
1253 6.504736e-05 1.129920e-03
1254 7.105849e-05 1.441284e-03
1255 3.006656e-04 2.781031e-03
1256 6.870746e-05 1.321950e-03
1257 3.223082e-04 3.012327e-03
1258 1.547324e-04 2.486793e-03
1259 1.519052e-04 1.907935e-03
1260 1.900777e-04 3.215527e-03
1261 3.296151e-05 1.153750e-03
1262 2.988572e-04 2.818081e-03
1263 7.208353e-05 1.277514e-03
1264 2.623910e-04 1.793208e-03
1265 1.260330e-04 1.352562e-03
1266 1.270576e-04 1.437730e-03
1267 6.862334e-05 1.379296e-03
1268 1.298871e-04 1.231934e-03
1269 3.657999e-04 3.214231e-03
1270 3.007235e-04 2.213925e-03
1271 2.889693e-04 2.478311e-03
1272 6.862334e-05 1.379296e-03
1273 3.611811e-05 1.156441e-03
1274 2.935712e-04 2.529735e-03
1275 1.790200e-04 2.473561e-03
1276 3.552501e-04 3.125777e-03
1277 1.585458e-03 9.502697e-03
1278 8.069624e-04 6.468634e-03
1279 6.102893e-05 1.181817e-03
1280 1.839297e-04 2.834296e-03
1281 3.618618e-04 4.025439e-03
1282 2.935712e-04 2.529735e-03
1283 2.673915e-04 2.219160e-03
1284 3.073082e-04 2.559020e-03
1285 1.435486e-04 2.137355e-03
1286 3.876042e-04 4.630565e-03
1287 6.311722e-05 1.287815e-03
1288 2.657833e-04 2.259590e-03
1289 1.490254e-03 7.425623e-03
1290 3.124387e-05 9.817575e-04
1291 1.327047e-04 1.430834e-03
1292 6.452281e-05 1.087772e-03
1293 8.058675e-04 6.160997e-03
1294 6.994461e-05 1.513217e-03
1295 1.327047e-04 1.430834e-03
1296 8.436347e-05 1.839463e-03
1297 1.677755e-03 8.625974e-03
1298 1.830555e-03 1.374410e-02
1299 3.251980e-04 2.389085e-03
1300 1.490254e-03 7.425623e-03
1301 7.208353e-05 1.277514e-03
1302 7.208353e-05 1.277514e-03
1303 7.643256e-04 4.639708e-03
1304 3.957272e-04 4.012582e-03
1305 3.957272e-04 4.012582e-03
1306 3.671247e-04 3.516752e-03
1307 1.739982e-04 2.479692e-03
1308 4.028527e-04 4.556069e-03
1309 4.202426e-04 4.836641e-03
1310 1.059361e-03 9.533112e-03
1311 7.643256e-04 4.639708e-03
1312 5.554478e-04 8.219358e-03
1313 8.875323e-05 2.421146e-03
1314 1.178741e-04 1.278532e-03
1315 6.102893e-05 1.181817e-03
1316 3.260960e-04 3.095412e-03
1317 8.134482e-05 1.965319e-03
1318 3.777683e-05 1.481049e-03
1319 6.102893e-05 1.181817e-03
1320 1.688352e-04 2.827852e-03
1321 1.688352e-04 2.827852e-03
1322 5.939988e-05 1.062123e-03
1323 2.680830e-04 2.116244e-03
1324 1.631639e-05 9.153935e-04
1325 1.387992e-04 1.896283e-03
1326 7.167334e-05 1.369803e-03
1327 1.837045e-04 2.987810e-03
1328 6.102893e-05 1.181817e-03
1329 7.496494e-05 1.832449e-03
1330 6.862334e-05 1.379296e-03
1331 1.327047e-04 1.430834e-03
1332 7.176575e-04 4.960619e-03
1333 1.872415e-04 3.346317e-03
1334 7.625696e-04 7.287193e-03
1335 1.135586e-04 4.251578e-03
1336 9.933976e-05 2.749706e-03
1337 3.462352e-05 1.132327e-03
1338 1.558595e-04 2.317652e-03
1339 8.686523e-04 7.249384e-03
1340 2.102561e-04 4.348275e-03
1341 6.870746e-05 1.321950e-03
1342 3.462352e-05 1.132327e-03
1343 8.923985e-04 5.849552e-03
1344 1.447907e-04 1.992952e-03
1345 3.715650e-04 4.371784e-03
1346 2.006809e-04 4.200900e-03
1347 2.006809e-04 4.200900e-03
1348 3.829275e-04 3.605570e-03
1349 2.495443e-04 4.904850e-03
1350 1.096178e-03 9.554863e-03
1351 2.029597e-03 1.048828e-02
1352 3.798396e-04 3.348888e-03
1353 1.327047e-04 1.430834e-03
1354 1.178741e-04 1.278532e-03
1355 3.876042e-04 4.630565e-03
1356 1.327047e-04 1.430834e-03
1357 1.688352e-04 2.827852e-03
1358 3.737352e-04 4.051311e-03
1359 3.715650e-04 4.371784e-03
1360 3.296151e-05 1.153750e-03
1361 1.252508e-04 1.660668e-03
1362 1.178741e-04 1.278532e-03
1363 2.940374e-05 8.700371e-04
1364 1.631639e-05 9.153935e-04
1365 6.289521e-05 1.055968e-03
1366 3.244876e-04 2.971219e-03
1367 9.268707e-05 2.326676e-03
1368 6.870746e-05 1.321950e-03
1369 6.121634e-05 9.599769e-04
1370 1.631639e-05 9.153935e-04
1371 1.870004e-05 1.116404e-03
1372 1.711813e-05 8.951727e-04
1373 3.710865e-05 1.290351e-03
1374 1.178741e-04 1.278532e-03
1375 4.172354e-04 5.499787e-03
1376 3.208166e-05 1.034805e-03
1377 1.515134e-04 2.011388e-03
1378 1.178741e-04 1.278532e-03
1379 2.012972e-04 2.849736e-03
1380 7.396036e-04 4.212412e-03
1381 6.569479e-04 3.683261e-03
1382 1.588086e-05 8.565142e-04
1383 2.940374e-05 8.700371e-04
1384 6.989164e-04 4.598897e-03
1385 8.850883e-05 1.789927e-03
1386 1.638760e-04 1.865294e-03
1387 3.552501e-04 3.125777e-03
1388 3.552501e-04 3.125777e-03
1389 3.767939e-05 1.585604e-03
1390 3.798396e-04 3.348888e-03
1391 9.933976e-05 2.749706e-03
1392 4.430832e-04 6.957102e-03
1393 3.710865e-05 1.290351e-03
1394 3.260960e-04 3.095412e-03
1395 8.729581e-04 7.077851e-03
1396 7.300728e-05 1.704738e-03
1397 3.210074e-05 1.097596e-03
1398 4.321260e-04 4.845951e-03
1399 1.410096e-04 1.861049e-03
1400 6.102893e-05 1.181817e-03
1401 3.839849e-04 4.804407e-03
1402 6.102893e-05 1.181817e-03
1403 3.021014e-05 9.292872e-04
1404 1.200679e-04 1.577045e-03
1405 6.200083e-05 1.166325e-03
1406 1.376085e-04 2.041516e-03
1407 6.366335e-05 1.224322e-03
1408 6.484822e-05 1.521826e-03
1409 2.454048e-04 1.639084e-03
1410 2.995099e-05 9.608977e-04
1411 9.396337e-04 1.257345e-02
1412 3.806909e-04 5.206191e-03
1413 1.631639e-05 9.153935e-04
1414 8.494566e-04 9.735625e-03
1415 6.102893e-05 1.181817e-03
1416 6.870746e-05 1.321950e-03
1417 6.870746e-05 1.321950e-03
1418 3.151422e-05 9.503275e-04
1419 3.957272e-04 4.012582e-03
1420 7.925694e-04 6.802545e-03
1421 8.172301e-04 5.119734e-03
1422 1.898450e-04 3.374173e-03
1423 2.499721e-04 2.080527e-03
1424 2.610822e-04 1.981122e-03
1425 2.730724e-04 2.795158e-03
1426 3.552501e-04 3.125777e-03
1427 1.700543e-04 3.475693e-03
1428 2.940374e-05 8.700371e-04
1429 1.823518e-04 3.026751e-03
1430 1.474854e-04 2.669571e-03
1431 2.610822e-04 1.981122e-03
1432 1.410096e-04 1.861049e-03
1433 1.351745e-04 1.766905e-03
1434 8.208658e-04 8.201836e-03
1435 3.066368e-04 3.327010e-03
1436 3.066368e-04 3.327010e-03
1437 3.458113e-05 1.112901e-03
1438 3.296151e-05 1.153750e-03
1439 1.658270e-03 1.444604e-02
1440 2.875192e-04 1.715096e-03
1441 1.578435e-03 6.414833e-03
1442 6.102893e-05 1.181817e-03
1443 5.777622e-04 9.773157e-03
1444 9.715457e-04 1.118411e-02
1445 5.777622e-04 9.773157e-03
1446 9.118730e-05 2.750204e-03
1447 6.050540e-05 1.245675e-03
1448 1.474854e-04 2.669571e-03
1449 9.040505e-05 2.927531e-03
1450 2.586598e-04 2.085660e-03
1451 1.588086e-05 8.565142e-04
1452 1.314734e-04 1.440339e-03
1453 3.602494e-05 1.261833e-03
1454 7.529209e-04 4.749247e-03
1455 1.929674e-04 2.715341e-03
1456 1.790200e-04 2.473561e-03
1457 1.625875e-04 2.426203e-03
1458 8.417916e-05 2.245972e-03
1459 1.516991e-04 2.011970e-03
1460 1.929674e-04 2.715341e-03
1461 3.994573e-04 3.872265e-03
1462 2.193321e-04 4.494711e-03
1463 3.148591e-04 3.620498e-03
1464 4.247482e-04 6.661280e-03
1465 4.247482e-04 6.661280e-03
1466 1.627971e-03 1.032325e-02
1467 4.321260e-04 4.845951e-03
1468 8.428769e-04 8.987502e-03
1469 6.346439e-04 1.744625e-02
1470 5.939988e-05 1.062123e-03
1471 2.680830e-04 2.116244e-03
1472 1.558595e-04 2.317652e-03
1473 1.327047e-04 1.430834e-03
1474 7.176575e-04 4.960619e-03
1475 9.933976e-05 2.749706e-03
1476 5.173326e-05 2.646888e-03
1477 5.324631e-04 7.848516e-03
1478 5.088375e-04 7.399399e-03
1479 1.056628e-03 1.030496e-02
1480 4.311819e-04 5.970115e-03
1481 2.748213e-04 7.165383e-03
1482 9.224653e-04 9.058259e-03
1483 3.260960e-04 3.095412e-03
1484 1.325422e-04 1.526221e-03
1485 2.812558e-04 2.037286e-03
1486 5.581284e-04 2.936253e-03
1487 3.296151e-05 1.153750e-03
1488 2.454048e-04 1.639084e-03
1489 1.270576e-04 1.437730e-03
1490 1.178741e-04 1.278532e-03
1491 7.994272e-04 6.414575e-03
1492 7.519514e-05 1.327718e-03
1493 5.943521e-05 1.124931e-03
1494 9.933976e-05 2.749706e-03
1495 9.933976e-05 2.749706e-03
1496 1.617642e-05 9.471231e-04
1497 5.075249e-04 8.176753e-03
1498 4.519714e-04 6.361592e-03
1499 1.631639e-05 9.153935e-04
1500 1.348259e-04 1.870722e-03
1501 3.706065e-04 4.648808e-03
1502 7.854176e-05 1.887502e-03
1503 1.178741e-04 1.278532e-03
1504 3.829275e-04 3.605570e-03
1505 1.677755e-03 8.625974e-03
1506 1.588086e-05 8.565142e-04
1507 8.484629e-05 1.730835e-03
1508 1.490254e-03 7.425623e-03
1509 5.834925e-05 9.771625e-04
1510 1.327047e-04 1.430834e-03
1511 8.484629e-05 1.730835e-03
1512 8.222265e-06 8.389100e-04
1513 2.782681e-04 2.041190e-03
1514 1.625545e-04 1.807336e-03
1515 1.705765e-04 2.330736e-03
1516 3.132791e-04 2.364287e-03
1517 1.377464e-04 1.447420e-03
1518 6.328699e-04 3.714708e-03
1519 3.296151e-05 1.153750e-03
1520 1.586659e-04 2.751531e-03
1521 5.939988e-05 1.062123e-03
1522 1.350942e-04 1.624061e-03
1523 1.200679e-04 1.577045e-03
1524 1.877955e-04 2.433410e-03
1525 1.447907e-04 1.992952e-03
1526 1.953241e-04 3.476723e-03
1527 8.193216e-05 1.942203e-03
1528 1.323624e-04 1.535518e-03
1529 3.214213e-04 3.517184e-03
1530 6.994461e-05 1.513217e-03
1531 2.499721e-04 2.080527e-03
1532 9.093620e-05 2.044827e-03
1533 4.657928e-04 5.429570e-03
1534 9.158525e-04 6.820738e-03
1535 5.721569e-04 9.045908e-03
1536 2.140064e-03 1.596324e-02
1537 1.847774e-04 2.842025e-03
1538 1.072299e-03 1.236874e-02
1539 3.715650e-04 4.371784e-03
1540 1.817432e-03 9.748043e-03
1541 9.409699e-04 8.256848e-03
1542 4.714815e-04 6.676374e-03
1543 1.918693e-04 2.962396e-03
1544 3.543338e-04 3.406016e-03
1545 1.562008e-04 1.911300e-03
1546 1.704266e-04 2.572944e-03
1547 8.686523e-04 7.249384e-03
1548 2.040819e-03 1.197945e-02
1549 1.214787e-04 1.155640e-03
1550 1.739982e-04 2.479692e-03
1551 5.566887e-04 3.037054e-03
1552 3.169458e-05 9.097491e-04
1553 7.854176e-05 1.887502e-03
1554 6.555126e-04 4.940800e-03
1555 1.830555e-03 1.374410e-02
1556 3.303303e-04 3.416867e-03
1557 6.821766e-04 4.341053e-03
1558 1.353722e-03 6.774770e-03
1559 1.200679e-04 1.577045e-03
1560 8.823786e-05 2.384023e-03
1561 1.545225e-04 2.480736e-03
1562 7.310141e-04 6.778068e-03
1563 3.296151e-05 1.153750e-03
1564 2.680830e-04 2.116244e-03
1565 3.971241e-04 5.471328e-03
1566 1.376085e-04 2.041516e-03
1567 1.327047e-04 1.430834e-03
1568 3.296151e-05 1.153750e-03
1569 1.178741e-04 1.278532e-03
1570 1.590133e-04 2.138739e-03
1571 1.387992e-04 1.896283e-03
1572 6.102893e-05 1.181817e-03
1573 8.477999e-04 7.866048e-03
1574 8.718340e-05 2.187441e-03
1575 3.661777e-04 3.806357e-03
1576 2.074891e-04 3.521825e-03
1577 4.497947e-04 6.270417e-03
1578 1.230126e-04 5.009467e-03
1579 3.737352e-04 4.051311e-03
1580 4.393404e-05 1.927908e-03
1581 8.718340e-05 2.187441e-03
1582 1.643285e-04 2.496721e-03
1583 4.895878e-04 7.981605e-03
1584 1.700543e-04 3.475693e-03
1585 9.715457e-04 1.118411e-02
1586 9.715457e-04 1.118411e-02
1587 6.502265e-04 4.501400e-03
1588 5.624767e-04 3.658344e-03
1589 1.769715e-04 3.044746e-03
1590 1.255877e-03 5.531842e-03
1591 3.511850e-04 4.202359e-03
1592 3.148591e-04 3.620498e-03
1593 4.172354e-04 5.499787e-03
1594 2.864904e-04 2.618551e-03
1595 2.294050e-04 6.465937e-03
1596 1.388663e-04 1.496533e-03
1597 2.253474e-04 5.307898e-03
1598 7.396036e-04 4.212412e-03
1599 3.210074e-05 1.097596e-03
1600 7.858892e-04 6.067532e-03
1601 1.631639e-05 9.153935e-04
1602 3.898225e-04 4.131478e-03
1603 6.311722e-05 1.287815e-03
1604 5.784870e-05 1.008362e-03
1605 3.148591e-04 3.620498e-03
1606 1.387992e-04 1.896283e-03
1607 3.767939e-05 1.585604e-03
1608 6.050540e-05 1.245675e-03
1609 1.387992e-04 1.896283e-03
1610 3.148591e-04 3.620498e-03
1611 6.102893e-05 1.181817e-03
1612 6.102893e-05 1.181817e-03
1613 1.870004e-05 1.116404e-03
1614 7.871373e-05 1.624526e-03
1615 3.994573e-04 3.872265e-03
1616 1.789072e-04 2.821720e-03
1617 1.785582e-04 2.755482e-03
1618 3.994573e-04 3.872265e-03
1619 3.994573e-04 3.872265e-03
1620 1.410096e-04 1.861049e-03
1621 8.069624e-04 6.468634e-03
1622 6.366335e-05 1.224322e-03
1623 3.552501e-04 3.125777e-03
1624 1.614219e-04 2.261679e-03
1625 5.834925e-05 9.771625e-04
1626 3.543338e-04 3.406016e-03
1627 7.296389e-05 1.561931e-03
1628 5.834925e-05 9.771625e-04
1629 5.088375e-04 7.399399e-03
1630 5.834925e-05 9.771625e-04
1631 1.704266e-04 2.572944e-03
1632 3.552501e-04 3.125777e-03
1633 8.004550e-04 5.945754e-03
1634 1.817432e-03 9.748043e-03
1635 8.628181e-04 7.359430e-03
1636 4.419521e-03 2.195064e-02
1637 9.084670e-04 6.496828e-03
1638 1.643285e-04 2.496721e-03
1639 1.263265e-03 1.487032e-02
1640 1.176113e-04 3.952447e-03
1641 8.996534e-04 6.167732e-03
1642 8.729581e-04 7.077851e-03
1643 4.352461e-04 5.790376e-03
1644 2.084178e-03 1.489252e-02
1645 3.306273e-05 9.318233e-04
1646 3.611811e-05 1.156441e-03
1647 2.046097e-03 1.121193e-02
1648 1.790200e-04 2.473561e-03
1649 8.357571e-05 2.129233e-03
1650 3.401328e-04 3.144239e-03
1651 8.222265e-06 8.389100e-04
1652 7.024200e-04 4.095850e-03
1653 5.816689e-04 1.158779e-02
1654 4.211603e-05 1.898576e-03
1655 8.643550e-05 2.274391e-03
1656 8.017871e-05 1.867759e-03
1657 8.222265e-06 8.389100e-04
1658 3.124387e-05 9.817575e-04
1659 8.748092e-05 2.555615e-03
1660 6.050540e-05 1.245675e-03
1661 1.741316e-04 2.320231e-03
1662 1.127445e-04 3.873924e-03
1663 4.399069e-04 5.475156e-03
1664 2.177598e-04 4.052595e-03
1665 1.548608e-04 1.994822e-03
1666 1.548608e-04 1.994822e-03
1667 3.522026e-04 3.315732e-03
1668 2.995099e-05 9.608977e-04
1669 1.600372e-04 2.347993e-03
1670 1.600372e-04 2.347993e-03
1671 8.017871e-05 1.867759e-03
1672 3.765811e-04 3.536929e-03
1673 2.033901e-04 3.363738e-03
1674 3.124387e-05 9.817575e-04
1675 2.201098e-05 1.541198e-03
1676 1.588086e-05 8.565142e-04
1677 2.177598e-04 4.052595e-03
1678 4.497034e-04 4.558337e-03
1679 1.872415e-04 3.346317e-03
1680 1.989594e-04 4.591153e-03
1681 3.596052e-04 2.911081e-03
1682 9.015610e-05 2.127203e-03
1683 8.017871e-05 1.867759e-03
1684 8.017871e-05 1.867759e-03
1685 3.267875e-05 1.217848e-03
1686 4.284191e-04 5.077011e-03
1687 1.548608e-04 1.994822e-03
1688 2.940374e-05 8.700371e-04
1689 1.590133e-04 2.138739e-03
1690 1.548608e-04 1.994822e-03
1691 1.590133e-04 2.138739e-03
1692 8.919357e-04 6.387454e-03
1693 1.384898e-04 5.877152e-03
1694 3.522026e-04 3.315732e-03
1695 8.508058e-05 2.361890e-03
1696 4.211603e-05 1.898576e-03
1697 1.127445e-04 3.873924e-03
1698 2.564168e-04 5.995079e-03
1699 1.548608e-04 1.994822e-03
1700 1.548608e-04 1.994822e-03
1701 1.619728e-04 2.630107e-03
1702 1.727274e-04 2.207401e-03
1703 3.960305e-04 4.055816e-03
1704 7.871373e-05 1.624526e-03
1705 1.855267e-03 1.131905e-02
1706 1.017796e-04 3.327748e-03
1707 3.679032e-05 1.362515e-03
1708 7.105849e-05 1.441284e-03
1709 1.017796e-04 3.327748e-03
1710 1.617642e-05 9.471231e-04
1711 3.522026e-04 3.315732e-03
1712 4.075380e-05 1.559941e-03
1713 1.548608e-04 1.994822e-03
1714 1.548608e-04 1.994822e-03
1715 9.268707e-05 2.326676e-03
1716 1.127445e-04 3.873924e-03
1717 1.226688e-04 1.200078e-03
1718 9.084670e-04 6.496828e-03
1719 3.777683e-05 1.481049e-03
1720 5.005996e-05 2.284049e-03
1721 1.870004e-05 1.116404e-03
1722 2.177598e-04 4.052595e-03
1723 3.210074e-05 1.097596e-03
1724 3.210074e-05 1.097596e-03
1725 3.210074e-05 1.097596e-03
1726 1.092256e-03 1.737968e-02
1727 1.611927e-04 2.588355e-03
1728 3.602494e-05 1.261833e-03
1729 1.548608e-04 1.994822e-03
1730 8.017871e-05 1.867759e-03
1731 1.548608e-04 1.994822e-03
1732 2.234142e-04 5.746120e-03
1733 5.288869e-04 6.945570e-03
1734 2.050436e-04 3.616810e-03
1735 3.198084e-04 2.354482e-03
1736 8.017871e-05 1.867759e-03
1737 1.548608e-04 1.994822e-03
1738 1.193770e-03 1.677821e-02
1739 2.313876e-04 4.879980e-03
1740 2.313876e-04 4.879980e-03
1741 2.995099e-05 9.608977e-04
1742 2.995099e-05 9.608977e-04
1743 8.017871e-05 1.867759e-03
1744 6.803466e-05 1.441460e-03
1745 7.105849e-05 1.441284e-03
1746 1.547324e-04 2.486793e-03
1747 2.797697e-04 8.577663e-03
1748 8.017871e-05 1.867759e-03
1749 5.005996e-05 2.284049e-03
1750 8.345703e-05 2.409670e-03
1751 6.670095e-05 1.292509e-03
1752 7.871373e-05 1.624526e-03
1753 8.017871e-05 1.867759e-03
1754 4.703560e-04 5.751435e-03
1755 8.554164e-04 7.722588e-03
1756 4.005603e-04 5.071839e-03
1757 4.005603e-04 5.071839e-03
1758 7.880593e-04 7.817267e-03
1759 7.880593e-04 7.817267e-03
1760 7.880593e-04 7.817267e-03
1761 8.849226e-04 9.353296e-03
1762 7.880593e-04 7.817267e-03
1763 8.250772e-04 6.713078e-03
1764 4.157784e-04 4.851244e-03
1765 4.157784e-04 4.851244e-03
1766 1.527648e-03 7.415648e-03
1767 6.415588e-04 4.447638e-03
1768 6.415588e-04 4.447638e-03
1769 8.250772e-04 6.713078e-03
1770 8.250772e-04 6.713078e-03
1771 3.465036e-04 4.152583e-03
1772 1.746124e-04 3.121092e-03
1773 2.040819e-03 1.197945e-02
1774 3.727711e-04 4.339538e-03
1775 2.060813e-03 1.272598e-02
1776 6.415588e-04 4.447638e-03
1777 6.415588e-04 4.447638e-03
1778 6.415588e-04 4.447638e-03
1779 6.415588e-04 4.447638e-03
1780 3.260960e-04 3.095412e-03
1781 3.260960e-04 3.095412e-03
1782 8.250772e-04 6.713078e-03
1783 1.527648e-03 7.415648e-03
1784 3.666752e-04 3.780639e-03
1785 3.666752e-04 3.780639e-03
1786 8.718340e-05 2.187441e-03
1787 1.614219e-04 2.261679e-03
1788 2.027113e-03 1.224285e-02
1789 2.027113e-03 1.224285e-02
1790 3.815903e-04 3.468997e-03
1791 2.317259e-03 1.631265e-02
1792 9.815885e-04 8.912200e-03
1793 1.614219e-04 2.261679e-03
1794 1.600372e-04 2.347993e-03
1795 1.688352e-04 2.827852e-03
1796 3.465036e-04 4.152583e-03
1797 3.465036e-04 4.152583e-03
1798 3.465036e-04 4.152583e-03
1799 3.465036e-04 4.152583e-03
1800 3.542201e-04 3.366995e-03
1801 1.833964e-04 2.974336e-03
1802 1.715240e-04 2.784993e-03
1803 1.715240e-04 2.784993e-03
1804 3.321651e-04 3.921242e-03
1805 6.415588e-04 4.447638e-03
1806 6.730830e-04 4.258679e-03
1807 3.484867e-04 3.706418e-03
1808 6.558460e-04 3.668621e-03
1809 3.465036e-04 4.152583e-03
1810 3.465036e-04 4.152583e-03
1811 3.465036e-04 4.152583e-03
1812 1.794012e-04 3.768478e-03
1813 8.880601e-05 2.594856e-03
1814 3.465036e-04 4.152583e-03
1815 7.860265e-04 8.095779e-03
1816 9.118730e-05 2.750204e-03
1817 1.715240e-04 2.784993e-03
1818 3.465036e-04 4.152583e-03
1819 7.860265e-04 8.095779e-03
1820 3.960997e-04 5.755892e-03
1821 3.465036e-04 4.152583e-03
1822 1.746124e-04 3.121092e-03
1823 3.465036e-04 4.152583e-03
1824 2.050794e-04 5.316809e-03
1825 3.960997e-04 5.755892e-03
1826 3.465036e-04 4.152583e-03
1827 1.252508e-04 1.660668e-03
1828 1.847774e-04 2.842025e-03
1829 3.666752e-04 3.780639e-03
1830 7.880593e-04 7.817267e-03
1831 1.761233e-04 2.945439e-03
1832 7.880593e-04 7.817267e-03
1833 3.465036e-04 4.152583e-03
1834 3.465036e-04 4.152583e-03
1835 3.465036e-04 4.152583e-03
1836 3.232986e-04 3.269778e-03
1837 6.415588e-04 4.447638e-03
1838 3.260960e-04 3.095412e-03
1839 6.415588e-04 4.447638e-03
1840 6.415588e-04 4.447638e-03
1841 3.465036e-04 4.152583e-03
1842 3.260960e-04 3.095412e-03
1843 1.715240e-04 2.784993e-03
1844 3.465036e-04 4.152583e-03
1845 3.465036e-04 4.152583e-03
1846 1.746124e-04 3.121092e-03
1847 1.746124e-04 3.121092e-03
1848 3.465036e-04 4.152583e-03
1849 3.465036e-04 4.152583e-03
1850 8.880601e-05 2.594856e-03
1851 1.200679e-04 1.577045e-03
1852 9.040505e-05 2.927531e-03
1853 7.105849e-05 1.441284e-03
1854 3.900999e-04 4.706933e-03
1855 1.410096e-04 1.861049e-03
1856 8.849226e-04 9.353296e-03
1857 3.960997e-04 5.755892e-03
1858 2.848601e-04 2.985343e-03
1859 6.484822e-05 1.521826e-03
1860 3.321651e-04 3.921242e-03
1861 1.794012e-04 3.768478e-03
1862 1.474854e-04 2.669571e-03
1863 3.734996e-04 4.996070e-03
1864 4.080153e-04 6.943690e-03
1865 3.465036e-04 4.152583e-03
1866 6.415588e-04 4.447638e-03
1867 3.734996e-04 4.996070e-03
1868 3.465036e-04 4.152583e-03
1869 8.880601e-05 2.594856e-03
1870 3.465036e-04 4.152583e-03
1871 6.415588e-04 4.447638e-03
1872 1.717451e-03 1.069776e-02
1873 1.015171e-04 3.617841e-03
1874 1.960747e-04 3.835193e-03
1875 1.015171e-04 3.617841e-03
1876 8.643550e-05 2.274391e-03
1877 1.960747e-04 3.835193e-03
1878 1.015171e-04 3.617841e-03
1879 1.960747e-04 3.835193e-03
1880 1.960747e-04 3.835193e-03
1881 4.194078e-04 5.940633e-03
1882 8.246493e-04 7.634247e-03
1883 3.465036e-04 4.152583e-03
1884 3.734996e-04 4.996070e-03
1885 1.543333e-04 2.588753e-03
1886 1.794012e-04 3.768478e-03
1887 3.175803e-04 2.931050e-03
1888 3.465036e-04 4.152583e-03
1889 1.715240e-04 2.784993e-03
1890 1.746124e-04 3.121092e-03
1891 8.285876e-05 2.216683e-03
1892 1.799521e-04 2.684279e-03
1893 7.880593e-04 7.817267e-03
1894 7.880593e-04 7.817267e-03
1895 2.848601e-04 2.985343e-03
1896 9.040505e-05 2.927531e-03
1897 1.350090e-04 1.965564e-03
1898 6.311722e-05 1.287815e-03
1899 1.882164e-04 3.546147e-03
1900 1.794012e-04 3.768478e-03
1901 6.683129e-05 1.317252e-03
1902 3.637183e-04 3.543047e-03
1903 7.155766e-04 5.328312e-03
1904 1.761233e-04 2.945439e-03
1905 1.761233e-04 2.945439e-03
1906 9.736729e-04 8.276169e-03
1907 8.880601e-05 2.594856e-03
1908 8.880601e-05 2.594856e-03
1909 8.880601e-05 2.594856e-03
1910 1.794012e-04 3.768478e-03
1911 1.644262e-04 2.670476e-03
1912 3.175803e-04 2.931050e-03
1913 1.794012e-04 3.768478e-03
1914 1.794012e-04 3.768478e-03
1915 1.794012e-04 3.768478e-03
1916 3.321651e-04 3.921242e-03
1917 1.794012e-04 3.768478e-03
1918 3.321651e-04 3.921242e-03
1919 7.880593e-04 7.817267e-03
1920 4.280639e-04 6.438040e-03
1921 3.321651e-04 3.921242e-03
1922 6.915424e-04 5.314113e-03
1923 3.734996e-04 4.996070e-03
1924 6.415588e-04 4.447638e-03
1925 3.321651e-04 3.921242e-03
1926 3.321651e-04 3.921242e-03
1927 6.415588e-04 4.447638e-03
1928 7.535003e-04 7.570994e-03
1929 3.729928e-04 4.733693e-03
1930 6.484822e-05 1.521826e-03
1931 7.880593e-04 7.817267e-03
1932 7.880593e-04 7.817267e-03
1933 1.474854e-04 2.669571e-03
1934 2.848601e-04 2.985343e-03
1935 3.465036e-04 4.152583e-03
1936 3.465036e-04 4.152583e-03
1937 1.715240e-04 2.784993e-03
1938 3.175803e-04 2.931050e-03
1939 3.175803e-04 2.931050e-03
1940 6.415588e-04 4.447638e-03
1941 1.688352e-04 2.827852e-03
1942 3.890937e-04 4.993469e-03
1943 3.890937e-04 4.993469e-03
1944 3.465036e-04 4.152583e-03
1945 3.465036e-04 4.152583e-03
1946 1.787674e-03 1.640893e-02
1947 4.080153e-04 6.943690e-03
1948 2.848601e-04 2.985343e-03
1949 7.860265e-04 8.095779e-03
1950 1.252508e-04 1.660668e-03
1951 3.734996e-04 4.996070e-03
1952 1.794012e-04 3.768478e-03
1953 3.734996e-04 4.996070e-03
1954 1.794012e-04 3.768478e-03
1955 8.404330e-04 8.963464e-03
1956 1.623251e-03 1.076286e-02
1957 1.527648e-03 7.415648e-03
1958 7.698226e-04 5.205288e-03
1959 1.794012e-04 3.768478e-03
1960 1.794012e-04 3.768478e-03
1961 6.484822e-05 1.521826e-03
1962 1.794012e-04 3.768478e-03
1963 3.267875e-05 1.217848e-03
1964 6.484822e-05 1.521826e-03
1965 1.794012e-04 3.768478e-03
1966 1.794012e-04 3.768478e-03
1967 1.794012e-04 3.768478e-03
1968 1.794012e-04 3.768478e-03
1969 3.465036e-04 4.152583e-03
1970 4.080153e-04 6.943690e-03
1971 6.415588e-04 4.447638e-03
1972 3.321651e-04 3.921242e-03
1973 6.415588e-04 4.447638e-03
1974 6.415588e-04 4.447638e-03
1975 6.415588e-04 4.447638e-03
1976 3.175803e-04 2.931050e-03
1977 3.175803e-04 2.931050e-03
1978 3.175803e-04 2.931050e-03
1979 3.630365e-04 4.002155e-03
1980 1.960747e-04 3.835193e-03
1981 3.175803e-04 2.931050e-03
1982 5.389661e-04 9.949430e-03
1983 5.389661e-04 9.949430e-03
1984 1.069533e-03 1.313327e-02
1985 8.250772e-04 6.713078e-03
1986 3.995270e-04 5.357433e-03
1987 8.250772e-04 6.713078e-03
1988 3.995270e-04 5.357433e-03
1989 1.794012e-04 3.768478e-03
1990 7.155766e-04 5.328312e-03
1991 1.794012e-04 3.768478e-03
1992 3.465036e-04 4.152583e-03
1993 1.761233e-04 2.945439e-03
1994 1.761233e-04 2.945439e-03
1995 1.761233e-04 2.945439e-03
1996 3.465036e-04 4.152583e-03
1997 1.015171e-04 3.617841e-03
1998 2.113508e-04 4.312494e-03
1999 1.848873e-04 3.202531e-03
2000 1.516035e-04 2.306995e-03
