1 6.885557e-04 2.128519e-02
2 4.918414e-06 1.755133e-02
3 5.775051e-06 1.906972e-03
4 3.963622e-06 1.693860e-03
5 4.840564e-06 2.236660e-03
6 1.799974e-03 6.254831e-02
7 1.607258e-04 7.874412e-03
8 1.173057e-04 3.554332e-02
9 2.215539e-07 2.377083e-03
10 3.460262e-04 4.729426e-02
11 2.638061e-05 4.455060e-03
12 4.707922e-07 1.203845e-03
13 6.169081e-04 6.408248e-02
14 8.259404e-06 7.351459e-03
15 4.703894e-06 2.826513e-03
16 2.376967e-04 1.041095e-02
17 1.292456e-06 1.514932e-03
18 4.029901e-04 3.440516e-02
19 2.013752e-05 6.471953e-03
20 3.657126e-07 1.018176e-03
21 9.662969e-04 7.258661e-02
22 1.173150e-05 2.333553e-03
23 1.478808e-04 1.820819e-02
24 7.848413e-04 6.275214e-02
25 6.806077e-04 5.975128e-02
26 8.359376e-06 2.702690e-03
27 3.236394e-05 4.847018e-03
28 1.716153e-05 2.604166e-03
29 1.191798e-03 9.482734e-02
30 2.283930e-03 2.206597e-01
31 1.445024e-03 1.181155e-01
32 3.632949e-05 3.766343e-03
33 8.410780e-07 1.183126e-03
34 3.668889e-06 1.070704e-03
35 3.428858e-06 2.788840e-03
36 2.156839e-03 6.458353e-02
37 4.219651e-04 2.793243e-02
38 3.769811e-05 6.780720e-03
39 1.180114e-06 1.839902e-03
40 1.428188e-05 3.200102e-03
41 1.858826e-04 8.889660e-03
42 4.038579e-06 4.800424e-03
43 1.483131e-03 7.671652e-02
44 1.359794e-04 7.689570e-03
45 1.455171e-04 1.351382e-02
46 4.029501e-05 6.139421e-03
47 1.358785e-03 1.037005e-01
48 3.430620e-04 3.251130e-02
49 2.078489e-05 5.206531e-03
50 1.033298e-03 1.100277e-01
51 8.355833e-05 8.775144e-03
52 9.570386e-05 1.371998e-02
53 1.055535e-05 2.612344e-03
54 3.745715e-05 6.663040e-03
55 1.204450e-05 4.057952e-03
56 1.660119e-05 4.853440e-03
57 4.283806e-05 1.093366e-02
58 3.165542e-04 1.716051e-02
59 1.543007e-04 1.450579e-02
60 1.848945e-06 1.351613e-03
61 1.511486e-03 2.054047e-01
62 1.302581e-04 2.751504e-02
63 3.443993e-06 1.606232e-03
64 6.113817e-06 4.004588e-03
65 4.507822e-04 1.402822e-02
66 7.447875e-06 2.661187e-03
67 2.693699e-05 6.151721e-03
68 2.575095e-05 6.225260e-03
69 1.812860e-06 1.379095e-03
70 2.482850e-06 1.247128e-03
71 2.478436e-03 6.508582e-02
72 1.326498e-04 7.505596e-03
73 4.718996e-06 3.752732e-03
74 1.223025e-03 9.660344e-02
75 2.539373e-05 2.429404e-03
76 2.704846e-06 2.388509e-03
77 3.748017e-04 2.008274e-02
78 1.434088e-03 1.380086e-01
79 5.198181e-04 1.676792e-02
80 1.627971e-06 1.497908e-03
81 1.458871e-06 1.274959e-03
82 3.187146e-05 2.160482e-03
83 3.775070e-05 6.132815e-03
84 2.279693e-06 1.720314e-03
85 2.372986e-04 1.239444e-02
86 1.462085e-05 4.513719e-03
87 1.040103e-05 2.265633e-03
88 2.008532e-06 1.632046e-03
89 7.886018e-05 1.395020e-02
90 1.203715e-03 5.543712e-02
91 8.911919e-04 3.591883e-02
92 1.701829e-03 1.046116e-01
93 1.061792e-04 7.159353e-03
94 1.237126e-05 3.231109e-03
95 2.368002e-03 1.681350e-01
96 6.420413e-05 2.782191e-03
97 4.643125e-04 2.142323e-02
98 1.420078e-05 2.396906e-03
99 3.370567e-05 2.037352e-03
100 1.840148e-03 7.523894e-02
101 8.454788e-06 3.655624e-03
102 2.792277e-05 1.303195e-02
103 4.775379e-04 3.242533e-02
104 2.553635e-04 1.518946e-02
105 5.731012e-04 1.710225e-02
106 2.027635e-05 8.086654e-03
107 2.979954e-06 2.726682e-03
108 5.236834e-05 1.480871e-02
109 1.116646e-05 4.671644e-03
110 6.357060e-05 8.129246e-03
111 2.615201e-03 1.258846e-01
112 2.589141e-04 2.755177e-02
113 1.381777e-03 9.212120e-02
114 1.818769e-03 8.065795e-02
115 5.458206e-04 2.717839e-02
116 9.151128e-04 3.024498e-02
117 3.439367e-04 2.453823e-02
118 5.986672e-04 2.312083e-02
119 1.098606e-06 4.511408e-03
120 1.467750e-06 3.597226e-03
121 3.687948e-05 1.028872e-02
122 3.236348e-06 1.585413e-03
123 1.526252e-05 4.681798e-03
124 4.755979e-05 7.017484e-03
125 3.786404e-06 3.902974e-03
126 1.262509e-05 5.427842e-03
127 1.573969e-05 9.103554e-03
128 2.068818e-05 6.931731e-03
129 6.592431e-06 4.119136e-03
130 5.892564e-06 3.634609e-03
131 8.906310e-06 5.648911e-03
132 6.137483e-06 4.090080e-03
133 3.741558e-05 6.912420e-03
134 5.513207e-05 1.632534e-02
135 2.502934e-05 3.996021e-03
136 1.329679e-05 3.389023e-03
137 5.733453e-05 9.454053e-03
138 1.591523e-05 8.828222e-03
139 2.410756e-05 7.485144e-03
140 4.148881e-06 4.975346e-03
141 2.976225e-06 2.948848e-03
142 3.230427e-06 2.940511e-03
143 2.025462e-05 6.170016e-03
144 1.650420e-05 8.021907e-03
145 2.854966e-06 4.621013e-03
146 1.837494e-05 5.494750e-03
147 4.757866e-05 5.222530e-03
148 9.199459e-06 7.668275e-03
149 6.217851e-06 3.770206e-03
150 3.767389e-06 3.883656e-03
151 5.852934e-05 7.834855e-03
152 9.168440e-05 4.391695e-03
153 2.010742e-06 2.867613e-03
154 6.056800e-06 3.540394e-03
155 1.811588e-06 2.935397e-03
156 1.324915e-05 3.258454e-03
157 1.016558e-05 3.666708e-03
158 1.505544e-05 3.391335e-03
159 2.327856e-05 4.779912e-03
160 3.561166e-06 4.596602e-03
161 1.133784e-06 3.063507e-03
162 7.321761e-07 2.984727e-03
163 1.160762e-06 3.031155e-03
164 5.017058e-07 1.626373e-03
165 8.456914e-07 1.660014e-03
166 8.532087e-07 1.643376e-03
167 6.995268e-07 2.920381e-03
168 3.262477e-06 3.149547e-03
169 3.906313e-05 5.088898e-03
170 5.488989e-07 1.626955e-03
171 9.087298e-06 3.203072e-03
172 2.074071e-06 3.185985e-03
173 5.198017e-07 1.610148e-03
174 1.849448e-06 3.047759e-03
175 1.203029e-06 3.058384e-03
176 1.179145e-06 2.971415e-03
177 1.326233e-06 1.638443e-03
178 1.651988e-06 2.168778e-03
179 3.241520e-07 1.608260e-03
180 1.203029e-06 3.058384e-03
181 5.942025e-07 2.107328e-03
182 2.109261e-06 3.358147e-03
183 1.118265e-07 1.193845e-03
184 3.241520e-07 1.608260e-03
185 4.602755e-07 1.225708e-03
186 6.700803e-07 2.146182e-03
187 2.462767e-07 1.892945e-03
188 3.083720e-07 1.587651e-03
189 1.044624e-07 1.131555e-03
190 1.717713e-07 1.203632e-03
191 5.237900e-05 1.076244e-02
192 4.713636e-06 3.086347e-03
193 7.377589e-05 8.626837e-03
194 8.020278e-05 1.100598e-02
195 1.312246e-05 4.535580e-03
196 2.706839e-05 6.614415e-03
197 4.207512e-05 7.112581e-03
198 1.404763e-05 4.623824e-03
199 5.097651e-05 9.678467e-03
200 2.797657e-05 6.849588e-03
201 3.836256e-05 6.359464e-03
202 4.098891e-05 1.409242e-02
203 4.509700e-06 3.097508e-03
204 1.203338e-05 3.643772e-03
205 2.497479e-05 5.747906e-03
206 7.466318e-06 3.166163e-03
207 4.081735e-05 6.727335e-03
208 3.215367e-06 3.270881e-03
209 2.497479e-05 5.747906e-03
210 1.203338e-05 3.643772e-03
211 3.772145e-06 2.155755e-03
212 7.399620e-05 7.686666e-03
213 5.700937e-06 2.114176e-03
214 7.550099e-06 3.612187e-03
215 2.003360e-05 3.301370e-03
216 1.243952e-05 3.426723e-03
217 5.339756e-06 1.748768e-03
218 8.849778e-05 1.525920e-02
219 6.392622e-05 7.009348e-03
220 4.772306e-06 3.106596e-03
221 7.901092e-06 3.201594e-03
222 2.059545e-05 5.195070e-03
223 2.076813e-05 8.407921e-03
224 3.218117e-06 2.957104e-03
225 7.591719e-06 4.917544e-03
226 9.193901e-06 3.317054e-03
227 1.056461e-05 3.689589e-03
228 1.065053e-05 4.339705e-03
229 6.249323e-05 8.824031e-03
230 3.356197e-05 6.151089e-03
231 1.868020e-05 5.483287e-03
232 7.227394e-06 4.664530e-03
233 1.166842e-05 5.506674e-03
234 1.036072e-05 4.475738e-03
235 2.639750e-06 4.409131e-03
236 1.004797e-05 4.156148e-03
237 2.141057e-06 3.318068e-03
238 1.139938e-05 5.012918e-03
239 1.474720e-06 3.478942e-03
240 3.317319e-06 2.847368e-03
241 5.824384e-06 3.678011e-03
242 1.004797e-05 4.156148e-03
243 2.016565e-06 3.100817e-03
244 4.472796e-06 4.328830e-03
245 9.590691e-06 4.032645e-03
246 5.645833e-06 3.642467e-03
247 1.036072e-05 4.475738e-03
248 1.165988e-06 2.578597e-03
249 1.936435e-05 5.702204e-03
250 6.313373e-06 3.700649e-03
251 3.032471e-06 2.679329e-03
252 1.895417e-05 5.511921e-03
253 2.152806e-06 3.265911e-03
254 4.457517e-06 4.709347e-03
255 1.278631e-05 5.899317e-03
256 1.158892e-06 2.652609e-03
257 2.141057e-06 3.318068e-03
258 1.718272e-05 3.207354e-03
259 2.826091e-05 3.726163e-03
260 5.947329e-05 6.423179e-03
261 1.872925e-05 3.524689e-03
262 1.818123e-05 3.391734e-03
263 1.859657e-05 3.785512e-03
264 7.402782e-05 8.884559e-03
265 3.468018e-05 4.726434e-03
266 6.001019e-05 7.970468e-03
267 2.690063e-04 2.420556e-02
268 1.344125e-04 1.190756e-02
269 1.533130e-04 1.570611e-02
270 1.198633e-05 3.513050e-03
271 2.826091e-05 3.726163e-03
272 2.231742e-05 5.342013e-03
273 1.198633e-05 3.513050e-03
274 1.905719e-05 4.299057e-03
275 4.061349e-05 6.278874e-03
276 2.244617e-04 1.570867e-02
277 7.073635e-06 2.937933e-03
278 6.040233e-06 2.289040e-03
279 7.302618e-05 8.306712e-03
280 1.403703e-05 4.800722e-03
281 4.061349e-05 6.278874e-03
282 4.561038e-05 9.198358e-03
283 9.907234e-06 2.510263e-03
284 2.826091e-05 3.726163e-03
285 5.935215e-05 5.995837e-03
286 5.232567e-05 5.855269e-03
287 1.192355e-05 3.289562e-03
288 2.898836e-05 8.586013e-03
289 6.809727e-05 1.000641e-02
290 6.809727e-05 1.000641e-02
291 1.198633e-05 3.513050e-03
292 1.957359e-05 3.917842e-03
293 4.442600e-05 1.044600e-02
294 5.633290e-05 6.903462e-03
295 7.040734e-05 1.436429e-02
296 5.629328e-04 3.995269e-02
297 1.228200e-03 3.891271e-02
298 2.703112e-04 1.193170e-02
299 1.056613e-05 3.074273e-03
300 4.843814e-06 4.295286e-03
301 4.832660e-05 1.310392e-02
302 7.909911e-06 4.784873e-03
303 2.497568e-06 2.968269e-03
304 1.465174e-06 2.234213e-03
305 3.523704e-07 2.642845e-03
306 8.510744e-07 2.668051e-03
307 3.523704e-07 2.642845e-03
308 5.507049e-07 2.570104e-03
309 2.435764e-05 3.464630e-03
310 2.472165e-06 3.189527e-03
311 5.395786e-07 2.643265e-03
312 1.387135e-06 2.123705e-03
313 2.149119e-07 2.537957e-03
314 3.465553e-07 2.541619e-03
315 3.543378e-07 2.670306e-03
316 1.519018e-06 2.790725e-03
317 2.873876e-07 1.925661e-03
318 7.193790e-07 1.934092e-03
319 2.109232e-06 2.031886e-03
320 2.188106e-07 2.504048e-03
321 1.541592e-07 1.423055e-03
322 1.769141e-04 3.489478e-02
323 5.708849e-04 2.594621e-02
324 9.647230e-06 8.843613e-03
325 5.368129e-05 8.158958e-03
326 8.535185e-06 2.952706e-03
327 2.457654e-04 1.265926e-02
328 3.077605e-05 7.910449e-03
329 1.094296e-03 4.249319e-02
330 1.431702e-03 3.404070e-02
331 1.848146e-04 1.829564e-02
332 1.046405e-03 6.240926e-02
333 1.545686e-05 4.098285e-03
334 1.375531e-04 8.836515e-03
335 6.539651e-05 6.013331e-03
336 1.454469e-04 9.316024e-03
337 5.002668e-04 2.336924e-02
338 1.356986e-04 1.247366e-02
339 1.009342e-03 2.960928e-02
340 7.298471e-06 3.183321e-03
341 4.030267e-06 2.628273e-03
342 2.576349e-05 7.061680e-03
343 5.876666e-05 1.403834e-02
344 6.971924e-06 3.093018e-03
345 1.623174e-05 5.211546e-03
346 2.327267e-06 2.265139e-03
347 2.586175e-06 2.724233e-03
348 2.486363e-05 6.203736e-03
349 2.519340e-05 5.401183e-03
350 4.509092e-06 3.095327e-03
351 4.254293e-06 2.655698e-03
352 3.615449e-06 2.149800e-03
353 1.269563e-05 3.331753e-03
354 7.668233e-06 3.205630e-03
355 7.966156e-06 3.396769e-03
356 9.512153e-07 2.264519e-03
357 1.521696e-05 5.150903e-03
358 6.947803e-05 7.653225e-03
359 1.463577e-05 4.353628e-03
360 8.947913e-06 4.932016e-03
361 1.078928e-04 1.943600e-02
362 1.424453e-06 2.342102e-03
363 4.601090e-06 3.151001e-03
364 3.615449e-06 2.149800e-03
365 5.160896e-05 1.091094e-02
366 2.035646e-05 3.740772e-03
367 1.630516e-05 6.362353e-03
368 2.519340e-05 5.401183e-03
369 2.744236e-04 2.636258e-02
370 6.035691e-05 1.131391e-02
371 7.055778e-05 1.560843e-02
372 6.350603e-03 2.225419e-01
373 1.172245e-03 9.679991e-02
374 9.371424e-04 1.388618e-01
375 1.754641e-04 1.708582e-02
376 7.901680e-04 4.247405e-02
377 2.497993e-05 7.824164e-03
378 4.581289e-05 1.010015e-02
379 1.868925e-05 6.633214e-03
380 4.176537e-05 5.528512e-03
381 5.315334e-06 1.593618e-03
382 4.125957e-05 7.394191e-03
383 3.343690e-06 1.570340e-03
384 1.243639e-05 3.446267e-03
385 5.905891e-06 4.397893e-03
386 1.583326e-05 4.959156e-03
387 1.466623e-05 1.046997e-02
388 4.175765e-06 2.611866e-03
389 2.165819e-05 4.778203e-03
390 9.641278e-06 4.255616e-03
391 9.121127e-05 1.835335e-02
392 1.837445e-05 6.632180e-03
393 3.794362e-05 8.738933e-03
394 7.115819e-06 2.634551e-03
395 2.833215e-05 6.199102e-03
396 7.750004e-05 2.086082e-02
397 8.822256e-05 8.909563e-03
398 8.286113e-05 9.351528e-03
399 2.477149e-05 5.615433e-03
400 8.861661e-05 9.998927e-03
401 2.579390e-05 5.814747e-03
402 2.579390e-05 5.814747e-03
403 2.759483e-05 5.783952e-03
404 7.699455e-05 7.157334e-03
405 7.699455e-05 7.157334e-03
406 2.759483e-05 5.783952e-03
407 1.299824e-05 4.146160e-03
408 2.624887e-05 5.258737e-03
409 2.899728e-04 2.371754e-02
410 8.994889e-05 1.115846e-02
411 9.156851e-05 1.182403e-02
412 1.639506e-04 1.489322e-02
413 2.517815e-05 5.277731e-03
414 4.706110e-05 6.090624e-03
415 2.191025e-05 4.539582e-03
416 2.657553e-05 5.747191e-03
417 7.699455e-05 7.157334e-03
418 2.025642e-04 2.939832e-02
419 3.736923e-04 4.659624e-02
420 1.303166e-04 2.523944e-02
421 1.306733e-04 8.188595e-03
422 1.807762e-04 1.304599e-02
423 3.482366e-04 2.984140e-02
424 1.147339e-03 8.194439e-02
425 2.001609e-04 2.229753e-02
426 2.957598e-04 1.694048e-02
427 5.697343e-04 4.037939e-02
428 1.673118e-04 1.616923e-02
429 1.723818e-04 1.575785e-02
430 1.723818e-04 1.575785e-02
431 2.032846e-04 2.697403e-02
432 1.020848e-04 1.177990e-02
433 6.421797e-05 1.142710e-02
434 1.723818e-04 1.575785e-02
435 2.029257e-04 2.446485e-02
436 7.575439e-05 1.841747e-02
437 1.092625e-04 1.603902e-02
438 1.084393e-04 1.516210e-02
439 5.845240e-04 5.552496e-02
440 6.234905e-05 1.137636e-02
441 3.922161e-05 1.116088e-02
442 1.970805e-04 3.861995e-02
443 5.884978e-05 2.065730e-02
444 1.054040e-03 8.488753e-02
445 3.971289e-04 4.918734e-02
446 7.894681e-08 9.109425e-04
447 1.150434e-07 1.216242e-03
448 1.775008e-08 9.077686e-04
449 4.813221e-08 9.084638e-04
450 9.296474e-08 9.908536e-04
451 1.302791e-06 1.685450e-03
452 1.844807e-07 1.216913e-03
453 6.645366e-07 1.093444e-03
454 1.939209e-07 1.229256e-03
455 2.915196e-07 1.219688e-03
456 5.751960e-08 1.028491e-03
457 5.414370e-08 9.230093e-04
458 1.844807e-07 1.216913e-03
459 1.049686e-05 1.314522e-02
460 5.051362e-07 2.575599e-03
461 3.522354e-08 1.052038e-03
462 1.396673e-06 2.825532e-03
463 2.628453e-07 1.102654e-03
464 3.095166e-07 1.296072e-03
465 1.636798e-07 1.143922e-03
466 1.927431e-07 1.369636e-03
467 9.119277e-08 1.079299e-03
468 5.321269e-08 1.089606e-03
469 3.095166e-07 1.296072e-03
470 2.082621e-07 1.735996e-03
471 1.084788e-07 1.212912e-03
472 2.628453e-07 1.102654e-03
473 3.095166e-07 1.296072e-03
474 3.296783e-08 1.045886e-03
475 3.095166e-07 1.296072e-03
476 3.863522e-07 1.401715e-03
477 6.117866e-06 2.635717e-03
478 1.144031e-05 3.482337e-03
479 1.021250e-06 1.506996e-03
480 1.518876e-06 2.019098e-03
481 3.526787e-06 1.785684e-03
482 1.286888e-06 2.087696e-03
483 5.032141e-07 2.052158e-03
484 5.139309e-06 1.892244e-03
485 4.946416e-07 1.736666e-03
486 3.461748e-05 1.022084e-02
487 3.930614e-07 1.472876e-03
488 3.134663e-05 7.889745e-03
489 1.125669e-03 4.599799e-02
490 1.579640e-05 5.191807e-03
491 4.690982e-05 6.611274e-03
492 1.561512e-05 5.144566e-03
493 1.599429e-05 5.630882e-03
494 7.459037e-06 6.282897e-03
495 6.300663e-06 4.778136e-03
496 9.404100e-05 1.103982e-02
497 4.329520e-04 1.894693e-02
498 4.096837e-05 5.639159e-03
499 1.922160e-05 7.282930e-03
500 6.289327e-06 4.862568e-03
501 3.293125e-05 7.464720e-03
502 6.943828e-04 5.300431e-02
503 1.579640e-05 5.191807e-03
504 4.576530e-05 6.274535e-03
505 1.489704e-05 4.869850e-03
506 1.652910e-04 1.330590e-02
507 1.400932e-04 1.304495e-02
508 4.649342e-05 7.261814e-03
509 4.276523e-05 7.105573e-03
510 5.072777e-05 8.671764e-03
511 9.909993e-06 5.427294e-03
512 2.771731e-05 6.891328e-03
513 3.732254e-05 5.604769e-03
514 2.088512e-03 8.566614e-02
515 1.964042e-05 6.230675e-03
516 1.964042e-05 6.230675e-03
517 5.808828e-05 9.827839e-03
518 2.006340e-05 5.927606e-03
519 1.858172e-04 1.361713e-02
520 6.747973e-05 1.387364e-02
521 1.858172e-04 1.361713e-02
522 1.858172e-04 1.361713e-02
523 1.858172e-04 1.361713e-02
524 6.311144e-05 9.988400e-03
525 3.302738e-05 6.405997e-03
526 1.858172e-04 1.361713e-02
527 5.966111e-05 7.469108e-03
528 1.336958e-05 5.324073e-03
529 1.152322e-04 1.217460e-02
530 6.794587e-06 4.763412e-03
531 1.964042e-05 6.230675e-03
532 7.752299e-05 1.330059e-02
533 2.730260e-05 1.115486e-02
534 4.358031e-05 9.816988e-03
535 4.358031e-05 9.816988e-03
536 1.592835e-04 2.446159e-02
537 9.735828e-05 2.011156e-02
538 2.730260e-05 1.115486e-02
539 1.415455e-04 1.610704e-02
540 8.338611e-05 1.774656e-02
541 1.276877e-04 1.784593e-02
542 7.517563e-04 4.543918e-02
543 8.068988e-05 1.463981e-02
544 3.007503e-05 6.254080e-03
545 1.866696e-05 3.549509e-03
546 1.539001e-05 2.678472e-03
547 3.753672e-06 2.367387e-03
548 3.952356e-06 2.664639e-03
549 1.628317e-06 1.531649e-03
550 1.054128e-05 3.363637e-03
551 9.172885e-06 2.151406e-03
552 2.990330e-05 1.064630e-02
553 5.331272e-05 9.670471e-03
554 4.486015e-05 3.779070e-03
555 5.023177e-05 4.798015e-03
556 8.646134e-06 1.950190e-03
557 1.715752e-05 2.840631e-03
558 2.974734e-05 3.650653e-03
559 6.147988e-06 2.372094e-03
560 1.715752e-05 2.840631e-03
561 1.017869e-05 2.473212e-03
562 1.017869e-05 2.473212e-03
563 8.380295e-06 4.085625e-03
564 1.017869e-05 2.473212e-03
565 3.936887e-05 7.921301e-03
566 1.103076e-05 2.699374e-03
567 5.522344e-05 5.779118e-03
568 5.207225e-05 5.178367e-03
569 1.315601e-04 6.239388e-03
570 8.664772e-05 6.322369e-03
571 2.878642e-05 3.674516e-03
572 4.888998e-05 5.290015e-03
573 1.721216e-05 3.388425e-03
574 5.207225e-05 5.178367e-03
575 4.354228e-05 4.137499e-03
576 5.207225e-05 5.178367e-03
577 7.245393e-05 5.094102e-03
578 1.641961e-05 6.919275e-03
579 4.814191e-04 4.414624e-02
580 8.664772e-05 6.322369e-03
581 6.748176e-06 2.656030e-03
582 5.450704e-05 5.968971e-03
583 5.376268e-05 5.420244e-03
584 4.389402e-05 3.891304e-03
585 5.450704e-05 5.968971e-03
586 4.749619e-05 8.138734e-03
587 3.511548e-05 1.012935e-02
588 2.548828e-05 5.603739e-03
589 8.299820e-06 1.993380e-03
590 9.704107e-04 6.573863e-02
591 8.675679e-05 6.741568e-03
592 2.988670e-05 3.374398e-03
593 5.201696e-05 1.328006e-02
594 3.186130e-05 4.147109e-03
595 1.700827e-05 6.120726e-03
596 2.081917e-03 1.411664e-01
597 8.395245e-07 1.897208e-03
598 2.211247e-06 1.856904e-03
599 8.395245e-07 1.897208e-03
600 2.188954e-06 1.978378e-03
601 4.368717e-06 2.570866e-03
602 2.482968e-06 2.445795e-03
603 4.422009e-06 3.113803e-03
604 8.395245e-07 1.897208e-03
605 2.188954e-06 1.978378e-03
606 8.395245e-07 1.897208e-03
607 4.989521e-07 1.764320e-03
608 2.188954e-06 1.978378e-03
609 2.351577e-05 8.046971e-03
610 5.030681e-06 3.742356e-03
611 3.441246e-04 4.516105e-02
612 1.044713e-04 1.599124e-02
613 3.732194e-05 1.208014e-02
614 6.862971e-05 1.848928e-02
615 1.941462e-05 8.524942e-03
616 8.389958e-07 3.219764e-03
617 2.077563e-05 9.773694e-03
618 2.152455e-06 4.046065e-03
619 6.041001e-06 4.567629e-03
620 4.178991e-06 5.110144e-03
621 2.256497e-04 1.918825e-02
622 6.478756e-06 5.308618e-03
623 1.140690e-05 6.748737e-03
624 1.122656e-05 5.433321e-03
625 6.249535e-06 4.014667e-03
626 7.857859e-04 4.220787e-02
627 9.902422e-06 4.200748e-03
628 9.266778e-05 1.081183e-02
629 1.709970e-04 1.273399e-02
630 2.421664e-04 1.179273e-02
631 1.142921e-04 7.464817e-03
632 1.819076e-04 1.763665e-02
633 2.267651e-05 5.284906e-03
634 9.844598e-06 4.338300e-03
635 1.053463e-05 4.425303e-03
636 2.640591e-05 5.107645e-03
637 7.999424e-05 8.313004e-03
638 2.670300e-05 7.400946e-03
639 1.441859e-04 1.114960e-02
640 3.357679e-05 3.922287e-03
641 1.445777e-05 4.985221e-03
642 3.918011e-05 5.961404e-03
643 4.725335e-04 1.951924e-02
644 3.887665e-05 4.806788e-03
645 9.103731e-05 9.609493e-03
646 1.751987e-04 1.482978e-02
647 3.113860e-05 6.698306e-03
648 1.573484e-04 1.543633e-02
649 1.220843e-04 7.219769e-03
650 2.689439e-05 5.041107e-03
651 7.211684e-05 5.677598e-03
652 4.713429e-05 6.335301e-03
653 2.233445e-03 1.262616e-01
654 2.084707e-04 5.125312e-02
655 1.316756e-06 2.759662e-03
656 4.628326e-05 1.320694e-02
657 1.362491e-03 1.449826e-01
658 1.892100e-04 1.251309e-02
659 3.833922e-05 1.090751e-02
660 3.614234e-05 1.023184e-02
661 1.914434e-04 1.567217e-02
662 3.881512e-04 3.707068e-02
663 8.271890e-05 8.536686e-03
664 3.895306e-05 1.082757e-02
665 6.848014e-05 1.114601e-02
666 1.196176e-04 1.773853e-02
667 5.259493e-05 8.680393e-03
668 1.808530e-05 5.859345e-03
669 6.941800e-05 1.580905e-02
670 6.083690e-05 1.256121e-02
671 1.823949e-04 1.853328e-02
672 1.221381e-05 6.374413e-03
673 1.068296e-03 6.857756e-02
674 1.662066e-05 5.575376e-03
675 6.545657e-04 3.576297e-02
676 8.718556e-05 1.114223e-02
677 1.692252e-04 2.226822e-02
678 4.290892e-05 6.743099e-03
679 4.775203e-04 3.574080e-02
680 4.891765e-06 3.219879e-03
681 3.806034e-05 6.718572e-03
682 2.300884e-03 1.294976e-01
683 6.761196e-05 9.778655e-03
684 2.696025e-04 2.842462e-02
685 3.391567e-05 5.732049e-03
686 1.449634e-03 5.323217e-02
687 3.228478e-05 3.671997e-03
688 4.003992e-05 6.932924e-03
689 6.059157e-05 7.053509e-03
690 9.501296e-05 5.143038e-03
691 8.190455e-05 1.190149e-02
692 9.384816e-05 7.608509e-03
693 6.008747e-05 5.698869e-03
694 6.640847e-06 3.068583e-03
695 4.568119e-05 6.337547e-03
696 5.115683e-04 2.687765e-02
697 2.528709e-04 4.810532e-02
698 3.739915e-04 4.972279e-02
699 6.427616e-05 1.371108e-02
700 9.155426e-05 1.128423e-02
701 7.334161e-05 7.155842e-03
702 5.546604e-05 8.672403e-03
703 6.151166e-05 5.460745e-03
704 1.158278e-04 1.699274e-02
705 3.869483e-05 5.248163e-03
706 7.520355e-05 7.450024e-03
707 3.759755e-05 4.771197e-03
708 3.610512e-03 1.686620e-01
709 7.265901e-05 1.756961e-02
710 1.340678e-04 1.931228e-02
711 1.602145e-04 3.209439e-02
712 2.025726e-04 1.418152e-02
713 1.221829e-04 1.916435e-02
714 2.358093e-05 1.067622e-02
715 4.573821e-06 5.944778e-03
716 2.702585e-05 1.299793e-02
717 8.116376e-05 2.012354e-02
718 1.985866e-05 7.702657e-03
719 1.399304e-05 9.019462e-03
720 2.933095e-05 1.494779e-02
721 8.240467e-05 8.451414e-03
722 6.257751e-05 1.368157e-02
723 2.780832e-04 1.954516e-02
724 7.502015e-06 6.278726e-03
725 7.177439e-06 6.328126e-03
726 1.448973e-05 9.290871e-03
727 4.688410e-04 5.120244e-02
728 2.158794e-05 1.068852e-02
729 2.047720e-05 8.966784e-03
730 3.972561e-05 1.139938e-02
731 5.879821e-06 4.816516e-03
732 1.580168e-05 4.814488e-03
733 1.265100e-05 6.269569e-03
734 3.626191e-05 9.314784e-03
735 1.771419e-05 5.807596e-03
736 3.076602e-05 1.501406e-02
737 2.569254e-04 3.422591e-02
738 1.121300e-04 1.843946e-02
739 1.160689e-05 6.301602e-03
740 1.898952e-05 7.045185e-03
741 9.619712e-06 5.193201e-03
742 5.939802e-05 1.067135e-02
743 3.184219e-05 7.541862e-03
744 3.239931e-05 8.551995e-03
745 9.902056e-05 1.519228e-02
746 1.188306e-05 6.595986e-03
747 1.188306e-05 6.595986e-03
748 6.503989e-06 5.637919e-03
749 7.243068e-05 1.923843e-02
750 3.176215e-04 1.735664e-02
751 1.728046e-05 7.154400e-03
752 4.430412e-05 8.022686e-03
753 1.388162e-03 7.030420e-02
754 1.401502e-04 6.436571e-03
755 1.710578e-04 1.051647e-02
756 2.986004e-05 9.404568e-03
757 3.821764e-04 1.683183e-02
758 7.849013e-06 4.531760e-03
759 8.283132e-05 5.735507e-03
760 5.373207e-04 2.864189e-02
761 2.900057e-04 4.167974e-02
762 4.076494e-05 6.677459e-03
763 4.076494e-05 6.677459e-03
764 4.373374e-05 6.850088e-03
765 2.762921e-03 1.311797e-01
766 1.757125e-03 1.544326e-01
767 2.492303e-04 3.868974e-02
768 1.308824e-03 6.153389e-02
769 2.611182e-05 7.870963e-03
770 1.150270e-05 4.167637e-03
771 7.261887e-06 3.931398e-03
772 4.660482e-06 4.206805e-03
773 4.234637e-04 1.745622e-02
774 7.624805e-06 4.611419e-03
775 4.133378e-05 8.579103e-03
776 8.646229e-06 4.973668e-03
777 1.651584e-05 8.013641e-03
778 4.877465e-05 1.146404e-02
779 1.167652e-05 7.121703e-03
780 7.624805e-06 4.611419e-03
781 1.493685e-05 4.988971e-03
782 1.318308e-06 2.205480e-03
783 6.965223e-06 3.241947e-03
784 4.290914e-05 1.002010e-02
785 8.752145e-05 5.647696e-03
786 3.313684e-05 4.220045e-03
787 5.579327e-05 5.502594e-03
788 9.056766e-05 7.241950e-03
789 5.535734e-05 5.696943e-03
790 6.836435e-04 2.353838e-02
791 3.649444e-05 2.599462e-03
792 9.051385e-05 6.574862e-03
793 6.046045e-05 5.892543e-03
794 1.866099e-03 9.786038e-02
795 2.758235e-05 3.650629e-03
796 1.593446e-05 3.120363e-03
797 4.221201e-04 1.792039e-02
798 4.732651e-05 4.517769e-03
799 1.004040e-04 1.064052e-02
800 8.029648e-05 6.433965e-03
801 3.442001e-05 5.637788e-03
802 6.953863e-05 5.079787e-03
803 7.065763e-04 2.747877e-02
804 5.066005e-05 5.514258e-03
805 9.929726e-05 7.857330e-03
806 7.985571e-04 7.358208e-02
807 1.533470e-04 8.623184e-03
808 5.040552e-05 3.980873e-03
809 9.876280e-05 1.140431e-02
810 3.041913e-06 2.182963e-03
811 3.786925e-05 8.618347e-03
812 1.635978e-05 3.385077e-03
813 7.629003e-05 1.829379e-02
814 4.694799e-05 9.519272e-03
815 4.874321e-05 1.017242e-02
816 1.044863e-04 1.206586e-02
817 1.830909e-04 1.563377e-02
818 1.184516e-05 8.829082e-03
819 2.025697e-05 8.903812e-03
820 1.746175e-04 2.087493e-02
821 1.774903e-04 2.242676e-02
822 7.390494e-05 2.695567e-02
823 3.261130e-04 7.519585e-02
824 1.400509e-03 1.795047e-01
825 9.575591e-04 1.283806e-01
826 1.083890e-03 9.609559e-02
827 2.591848e-04 5.944754e-02
828 2.578469e-03 2.303227e-01
829 8.589586e-04 9.472568e-02
830 3.114412e-05 5.423705e-03
831 2.724100e-05 3.895239e-03
832 1.237536e-05 4.564130e-03
833 6.130760e-05 8.594955e-03
834 4.119907e-05 3.778891e-03
835 3.133814e-05 5.751804e-03
836 1.634935e-05 3.653010e-03
837 8.384753e-05 6.323686e-03
838 2.515300e-05 4.093349e-03
839 1.636304e-05 4.128949e-03
840 6.793199e-05 1.245473e-02
841 4.286836e-05 4.434624e-03
842 3.569648e-05 7.105148e-03
843 8.229296e-05 7.251717e-03
844 2.340735e-04 1.095048e-02
845 2.256911e-04 9.902790e-03
846 3.974582e-04 1.459027e-02
847 4.286836e-05 4.434624e-03
848 1.354619e-04 8.014704e-03
849 3.873038e-04 1.241669e-02
850 4.331573e-05 4.547921e-03
851 1.125943e-03 3.395428e-02
852 4.614188e-05 5.251005e-03
853 1.150725e-04 5.671100e-03
854 4.370496e-05 4.250287e-03
855 1.147221e-04 5.444698e-03
856 3.292381e-07 1.455983e-03
857 1.360402e-06 1.220964e-03
858 1.031818e-06 1.951015e-03
859 8.403967e-07 1.475280e-03
860 4.382405e-04 2.198327e-02
861 1.128834e-05 4.945801e-03
862 8.771628e-07 1.485012e-03
863 5.199607e-07 1.401005e-03
864 1.901784e-07 1.378918e-03
865 3.271731e-07 1.416620e-03
866 9.722334e-07 1.870520e-03
867 5.199607e-07 1.401005e-03
868 1.839236e-07 1.340496e-03
869 3.405385e-07 1.563744e-03
870 5.376433e-07 1.473659e-03
871 1.951643e-07 1.383797e-03
872 6.612532e-07 1.842870e-03
873 3.283594e-07 1.389571e-03
874 9.936497e-07 1.326648e-03
875 1.032869e-04 2.899423e-02
876 5.114082e-07 1.417607e-03
877 4.849950e-07 1.383869e-03
878 9.910699e-07 1.745851e-03
879 1.127331e-07 1.338115e-03
880 1.127331e-07 1.338115e-03
881 1.951643e-07 1.383797e-03
882 2.618400e-06 1.604990e-03
883 3.302989e-06 1.353478e-03
884 3.178137e-07 1.379411e-03
885 5.185238e-07 1.419415e-03
886 1.276183e-05 2.611280e-03
887 3.536554e-05 2.684350e-03
888 5.463503e-05 7.432810e-03
889 2.677486e-04 1.291713e-02
890 2.205707e-04 7.425311e-03
891 3.356644e-04 2.113243e-02
892 8.341387e-04 2.120449e-02
893 2.695606e-05 4.029467e-03
894 3.240705e-05 2.589327e-03
895 3.505738e-05 4.086215e-03
896 1.123084e-04 7.466029e-03
897 7.505856e-04 2.157900e-02
898 6.803536e-05 9.250882e-03
899 6.849185e-04 3.021734e-02
900 5.437165e-05 3.413171e-03
901 3.193455e-05 2.876245e-03
902 6.599110e-05 4.992652e-03
903 1.763189e-05 5.288376e-03
904 4.370497e-04 5.707961e-02
905 1.295055e-04 9.497363e-03
906 2.646523e-04 2.518547e-02
907 1.928602e-03 1.190511e-01
908 7.031885e-06 2.228919e-03
909 1.166687e-05 2.467401e-03
910 1.436643e-06 1.492884e-03
911 3.087956e-05 2.401207e-03
912 1.765910e-05 2.350881e-03
913 1.194299e-05 1.307863e-03
914 5.202636e-05 3.291389e-03
915 1.091152e-05 2.215991e-03
916 3.945621e-04 1.798225e-02
917 2.681632e-06 1.968203e-03
918 5.677653e-06 1.606419e-03
919 4.523134e-07 1.357225e-03
920 6.179914e-06 1.812995e-03
921 5.523043e-07 1.041827e-03
922 1.115289e-06 1.347860e-03
923 1.127599e-04 1.583556e-02
924 5.131075e-05 7.200307e-03
925 5.922769e-07 1.009553e-03
926 4.215657e-05 5.057381e-03
927 1.859199e-06 1.219050e-03
928 2.529411e-05 1.991302e-03
929 3.390851e-05 2.951708e-03
930 1.510447e-05 1.701973e-03
931 1.234461e-05 2.750309e-03
932 1.436546e-06 1.437350e-03
933 3.224881e-06 1.314352e-03
934 1.737263e-05 2.927691e-03
935 3.661131e-06 1.482367e-03
936 7.618456e-07 1.129075e-03
937 9.263425e-06 1.787090e-03
938 2.244573e-06 1.609061e-03
939 7.210621e-06 1.879058e-03
940 8.231066e-06 1.570315e-03
941 2.707991e-05 2.908852e-03
942 2.374275e-06 1.480198e-03
943 3.271068e-06 1.272250e-03
944 1.466402e-05 1.885803e-03
945 1.076760e-05 1.918524e-03
946 1.595547e-05 2.789125e-03
947 1.166699e-04 2.624027e-02
948 1.104416e-05 6.423081e-03
949 2.813972e-05 9.149748e-03
950 1.010651e-05 7.228871e-03
951 2.898022e-05 1.431592e-02
952 5.485557e-05 9.301703e-03
953 2.210892e-05 7.770134e-03
954 1.991178e-06 2.915657e-03
955 1.825006e-04 1.962845e-02
956 3.067445e-06 2.919128e-03
957 9.341856e-06 7.716962e-03
958 9.134629e-06 6.176841e-03
959 1.090264e-04 3.383743e-02
960 4.789589e-05 1.686344e-02
961 1.348728e-05 7.471449e-03
962 2.840872e-05 1.087259e-02
963 3.995346e-06 3.536025e-03
964 1.217995e-04 2.484037e-02
965 2.550700e-06 5.227559e-03
966 8.746857e-04 6.247984e-02
967 1.816197e-04 2.905660e-02
968 8.394091e-06 3.469170e-03
969 2.256966e-05 5.782907e-03
970 7.251644e-05 1.437506e-02
971 1.949585e-06 2.806167e-03
972 4.895587e-06 6.644084e-03
973 1.548519e-05 8.193776e-03
974 2.470678e-06 3.113528e-03
975 8.485809e-06 5.943706e-03
976 4.863607e-04 2.419634e-02
977 3.394842e-05 3.638637e-03
978 2.252404e-05 3.164080e-03
979 4.812472e-06 2.566788e-03
980 1.202121e-06 1.192681e-03
981 5.896160e-06 3.450007e-03
982 3.439523e-05 3.936980e-03
983 1.047456e-05 2.245136e-03
984 2.128409e-05 3.452928e-03
985 1.944062e-05 2.779810e-03
986 1.944062e-05 2.779810e-03
987 2.894739e-06 1.147317e-03
988 1.005361e-05 1.886305e-03
989 4.854582e-05 4.847432e-03
990 2.047110e-05 2.782951e-03
991 4.339922e-05 4.493638e-03
992 3.781562e-06 1.991231e-03
993 6.453554e-06 2.106185e-03
994 3.828566e-06 2.025098e-03
995 9.875644e-06 2.089524e-03
996 7.557670e-06 2.654123e-03
997 9.130113e-05 5.617860e-03
998 2.077135e-05 2.799844e-03
999 3.088861e-05 2.403792e-03
1000 3.393212e-06 1.427069e-03
1001 3.393212e-06 1.427069e-03
1002 5.210168e-05 3.213874e-03
1003 5.670645e-06 1.523312e-03
1004 2.096442e-05 3.010956e-03
1005 7.068975e-06 2.493177e-03
1006 2.674263e-05 2.769817e-03
1007 1.181348e-05 2.673730e-03
1008 1.027889e-05 2.116194e-03
1009 1.921322e-05 2.887241e-03
1010 6.940526e-06 2.419790e-03
1011 1.921322e-05 2.887241e-03
1012 1.147082e-05 2.738983e-03
1013 1.468373e-06 1.991657e-03
1014 1.212969e-05 2.705526e-03
1015 2.587187e-06 2.057185e-03
1016 2.023172e-06 1.425749e-03
1017 2.056978e-06 1.472835e-03
1018 2.713064e-06 2.379663e-03
1019 3.355887e-05 3.486627e-03
1020 1.334048e-06 1.585303e-03
1021 1.155167e-05 2.105698e-03
1022 6.725940e-07 1.094787e-03
1023 3.496685e-06 1.570468e-03
1024 1.255908e-06 1.348730e-03
1025 3.833152e-06 2.037548e-03
1026 1.378541e-03 2.193408e-01
1027 8.846553e-04 2.662742e-02
1028 8.739629e-04 2.790461e-02
1029 1.348316e-04 2.281636e-02
1030 4.862636e-04 5.883075e-02
1031 2.924438e-03 9.358827e-02
1032 2.830579e-05 5.592948e-03
1033 4.328649e-05 1.268591e-02
1034 4.061587e-04 4.588061e-02
1035 7.191655e-06 3.237215e-03
1036 2.954847e-05 7.714127e-03
1037 1.070489e-04 1.561783e-02
1038 2.945342e-06 2.686476e-03
1039 4.723902e-05 8.900129e-03
1040 3.136347e-05 7.331469e-03
1041 8.385863e-05 2.262407e-02
1042 1.884329e-05 9.333903e-03
1043 5.149353e-05 1.104641e-02
1044 1.324300e-04 1.361164e-02
1045 4.047517e-05 6.288297e-03
1046 1.418439e-04 1.506633e-02
1047 5.074979e-04 2.245599e-02
1048 1.416657e-04 2.969916e-02
1049 2.020411e-05 7.309123e-03
1050 6.372383e-04 7.380681e-02
1051 2.192411e-04 5.307640e-02
1052 6.717521e-07 1.201284e-03
1053 5.457071e-07 1.767279e-03
1054 8.351388e-05 1.731378e-02
1055 4.704467e-07 1.527994e-03
1056 4.212638e-06 4.399928e-03
1057 1.460360e-06 1.991191e-03
1058 2.523455e-06 1.938400e-03
1059 5.173446e-07 1.019155e-03
1060 3.374309e-07 9.457857e-04
1061 1.011498e-05 2.287089e-03
1062 3.427997e-06 1.674891e-03
1063 3.450398e-06 3.197499e-03
1064 1.616338e-04 1.140858e-02
1065 5.608216e-05 8.776364e-03
1066 7.732542e-07 1.553126e-03
1067 4.384018e-07 1.433640e-03
1068 2.700943e-07 1.458636e-03
1069 8.385368e-07 1.595841e-03
1070 1.292126e-05 1.255555e-02
1071 7.028328e-06 4.606040e-03
1072 2.956414e-06 2.489050e-03
1073 6.574444e-05 9.025709e-03
1074 5.082687e-07 1.021629e-03
1075 4.197255e-05 1.206367e-02
1076 8.092822e-06 3.008212e-03
1077 3.394020e-05 7.521547e-03
1078 3.514506e-06 1.555423e-03
1079 4.454193e-06 4.997410e-03
1080 3.009537e-06 1.516407e-03
1081 1.989148e-06 1.441152e-03
1082 2.006145e-06 1.444217e-03
1083 6.120066e-06 1.674211e-03
1084 6.970608e-07 1.215176e-03
1085 2.150417e-06 3.831435e-03
1086 1.117789e-06 1.218288e-03
1087 1.795274e-06 1.325616e-03
1088 1.680135e-06 4.622730e-03
1089 6.621873e-07 1.221171e-03
1090 3.962409e-07 1.188713e-03
1091 6.970608e-07 1.215176e-03
1092 3.472920e-03 1.558755e-01
1093 9.403860e-05 1.678170e-02
1094 5.760195e-05 1.186030e-02
1095 3.571414e-06 1.451515e-03
1096 8.285148e-07 1.427040e-03
1097 2.260664e-05 3.584378e-03
1098 2.380661e-05 4.701514e-03
1099 7.875879e-06 2.930147e-03
1100 1.092109e-05 2.016001e-03
1101 1.784360e-05 2.241800e-03
1102 1.768403e-05 2.223375e-03
1103 1.564383e-05 1.908278e-03
1104 1.110123e-04 1.997465e-02
1105 1.358936e-06 1.460933e-03
1106 2.806386e-06 2.111729e-03
1107 7.589612e-06 2.844491e-03
1108 4.056411e-06 1.561892e-03
1109 6.294713e-06 1.845552e-03
1110 1.941874e-05 4.115734e-03
1111 8.112161e-06 3.387716e-03
1112 1.164122e-04 1.042972e-02
1113 2.514040e-05 7.511113e-03
1114 1.765705e-06 1.912990e-03
1115 7.105130e-05 1.009644e-02
1116 9.523876e-07 1.437927e-03
1117 1.342511e-06 1.547232e-03
1118 2.166559e-05 4.010783e-03
1119 6.573827e-05 9.434356e-03
1120 8.080473e-06 3.083952e-03
1121 1.958449e-05 3.624063e-03
1122 6.944706e-06 2.693093e-03
1123 4.107622e-06 1.883433e-03
1124 4.994497e-06 2.670036e-03
1125 7.695610e-06 2.343703e-03
1126 1.193579e-05 3.006225e-03
1127 7.114070e-06 2.259297e-03
1128 1.142345e-05 2.325858e-03
1129 6.769583e-06 2.060754e-03
1130 1.205003e-05 2.987586e-03
1131 2.254243e-04 1.032339e-02
1132 9.747588e-04 7.327878e-02
1133 3.233118e-04 2.106894e-02
1134 5.314585e-05 4.331275e-03
1135 9.319792e-06 1.536013e-03
1136 1.723018e-05 1.941077e-03
1137 2.291180e-05 3.280628e-03
1138 3.079295e-05 3.312387e-03
1139 3.918691e-05 3.623081e-03
1140 1.309311e-03 7.941897e-02
1141 1.335049e-04 8.373126e-03
1142 5.863296e-05 3.648713e-03
1143 3.760657e-05 3.845416e-03
1144 3.028252e-04 1.903575e-02
1145 6.896763e-05 5.860510e-03
1146 5.232306e-04 2.728467e-02
1147 3.308509e-04 2.280840e-02
1148 6.896763e-05 5.860510e-03
1149 6.468411e-05 4.329692e-03
1150 7.776185e-05 4.157578e-03
1151 5.072033e-05 3.624190e-03
1152 4.951629e-05 3.469199e-03
1153 3.072738e-05 2.851464e-03
1154 5.168086e-05 3.895166e-03
1155 2.756896e-05 2.467477e-03
1156 1.459581e-04 1.158631e-02
1157 3.131511e-04 1.938182e-02
1158 1.078193e-04 9.660851e-03
1159 9.602725e-04 4.240042e-02
1160 6.088417e-05 4.695638e-03
1161 3.904113e-05 4.218226e-03
1162 2.321339e-04 1.406055e-02
1163 4.115229e-04 2.339769e-02
1164 9.747394e-05 5.516762e-03
1165 3.812071e-05 4.181824e-03
1166 2.111316e-04 2.024550e-02
1167 1.440196e-04 9.464368e-03
1168 6.351234e-05 4.924762e-03
1169 2.321339e-04 1.406055e-02
1170 1.460273e-04 1.330318e-02
1171 6.088417e-05 4.695638e-03
1172 1.068134e-04 1.042689e-02
1173 8.767354e-04 3.899393e-02
1174 8.013555e-04 3.419922e-02
1175 1.178986e-04 1.953034e-02
1176 4.379509e-03 4.125160e-01
1177 9.942385e-06 2.922470e-03
1178 1.769541e-04 1.295337e-02
1179 1.500265e-04 1.737585e-02
1180 7.728482e-05 1.506931e-02
1181 1.128817e-04 1.064163e-02
1182 2.858669e-04 1.336419e-02
1183 4.701203e-05 1.206353e-02
1184 1.214349e-04 3.015482e-02
1185 4.118570e-04 3.758900e-02
1186 5.006383e-05 1.098747e-02
1187 1.562674e-05 5.836057e-03
1188 2.833428e-05 8.110193e-03
1189 5.787647e-05 1.409900e-02
1190 1.981773e-04 3.678892e-02
1191 2.230918e-05 1.019381e-02
1192 2.328048e-04 2.173882e-02
1193 6.286100e-05 2.030838e-02
1194 4.510074e-04 3.585352e-02
1195 1.432349e-04 1.705314e-02
1196 1.445081e-04 1.617351e-02
1197 7.368297e-05 1.006153e-02
1198 8.977370e-05 1.808852e-02
1199 1.305615e-04 1.552073e-02
1200 1.570494e-04 2.274987e-02
1201 5.643640e-05 1.786664e-02
1202 2.088467e-05 1.121254e-02
1203 1.577069e-04 2.332369e-02
1204 2.310118e-04 2.654452e-02
1205 9.072761e-06 4.258769e-03
1206 1.033920e-04 1.171871e-02
1207 6.072646e-06 3.437043e-03
1208 2.103395e-04 2.165166e-02
1209 5.638773e-05 7.151769e-03
1210 5.228126e-05 6.359005e-03
1211 2.784758e-05 2.821126e-03
1212 8.029529e-06 2.736632e-03
1213 4.850397e-05 6.003823e-03
1214 2.109913e-05 6.909748e-03
1215 1.868702e-04 2.373535e-02
1216 2.172104e-06 4.112565e-03
1217 7.187594e-04 5.318124e-02
1218 2.747472e-05 5.124397e-03
1219 1.154889e-06 1.109784e-03
1220 8.136573e-06 3.087053e-03
1221 2.122836e-05 2.178378e-03
1222 4.663532e-04 4.360140e-02
1223 4.108301e-06 1.913950e-03
1224 5.392138e-06 1.728077e-03
1225 4.014861e-04 1.314832e-02
1226 1.514784e-06 2.217633e-03
1227 9.142062e-04 9.559281e-02
1228 3.337733e-05 3.427030e-03
1229 1.990046e-06 1.154637e-03
1230 6.964706e-06 2.182156e-03
1231 2.226585e-06 1.437260e-03
1232 2.428011e-06 1.945970e-03
1233 2.528299e-06 2.128425e-03
1234 1.239022e-05 2.771593e-03
1235 7.185486e-06 2.340166e-03
1236 1.152246e-05 2.379046e-03
1237 6.754833e-06 2.231907e-03
1238 1.919740e-05 2.598101e-03
1239 4.054315e-06 2.142105e-03
1240 4.524223e-03 1.565863e-01
1241 4.448235e-05 3.535021e-03
1242 6.470402e-06 2.308908e-03
1243 1.128143e-05 2.427807e-03
1244 4.054315e-06 2.142105e-03
1245 7.185486e-06 2.340166e-03
1246 6.823621e-06 2.176945e-03
1247 2.621657e-05 9.160555e-03
1248 4.587357e-05 2.305494e-02
1249 7.700074e-06 9.216451e-03
1250 1.958270e-05 1.119770e-02
1251 3.117682e-05 1.244841e-02
1252 3.285418e-05 1.370829e-02
1253 7.557599e-05 1.119861e-02
1254 4.002730e-05 6.015739e-03
1255 1.851069e-03 5.578923e-02
1256 3.224584e-05 4.316254e-03
1257 3.789120e-03 1.081008e-01
1258 5.002781e-04 1.749933e-02
1259 9.053090e-04 4.197340e-02
1260 1.521304e-04 1.033631e-02
1261 2.484732e-06 1.725226e-03
1262 3.857266e-04 1.646175e-02
1263 2.036249e-05 3.195272e-03
1264 4.716674e-04 2.107368e-02
1265 6.983197e-06 2.747158e-03
1266 5.681516e-05 5.376798e-03
1267 3.203248e-07 1.915815e-03
1268 4.913241e-05 4.174822e-03
1269 4.425234e-04 2.472826e-02
1270 1.989167e-04 1.192385e-02
1271 4.395904e-05 6.909451e-03
1272 4.038357e-06 2.825565e-03
1273 1.848210e-05 2.576354e-03
1274 8.830269e-05 1.362477e-02
1275 1.638746e-04 2.002239e-02
1276 2.103959e-04 2.960594e-02
1277 4.313071e-04 4.633239e-02
1278 2.338524e-04 3.348528e-02
1279 4.163709e-05 3.227561e-03
1280 1.153887e-05 6.819747e-03
1281 8.959582e-06 8.001464e-03
1282 6.487490e-05 1.086857e-02
1283 4.206675e-05 8.564965e-03
1284 4.360146e-04 2.837163e-02
1285 1.084789e-04 7.525366e-03
1286 1.528687e-04 1.911764e-02
1287 7.772630e-05 3.164398e-03
1288 1.036616e-03 4.301703e-02
1289 8.240609e-04 9.378882e-02
1290 5.641583e-06 1.577600e-03
1291 9.382068e-05 9.750574e-03
1292 4.450525e-05 3.761649e-03
1293 5.231160e-04 4.056003e-02
1294 4.293367e-06 2.223285e-03
1295 3.860598e-05 5.502747e-03
1296 9.370672e-05 6.276993e-03
1297 6.749179e-04 5.727452e-02
1298 2.736151e-04 4.341458e-02
1299 4.384127e-05 6.362718e-03
1300 6.469822e-04 6.824443e-02
1301 6.294899e-06 2.391247e-03
1302 1.830667e-05 2.638602e-03
1303 2.855009e-05 1.186326e-02
1304 2.005033e-04 1.647481e-02
1305 4.024018e-05 9.361990e-03
1306 5.566221e-05 8.720771e-03
1307 8.111869e-05 7.376033e-03
1308 2.119803e-05 9.008490e-03
1309 1.881347e-04 1.525017e-02
1310 1.205823e-03 4.268006e-02
1311 2.194297e-04 2.005957e-02
1312 2.859355e-03 7.394088e-02
1313 5.292427e-06 3.329671e-03
1314 1.036294e-04 7.490861e-03
1315 5.111688e-05 4.353907e-03
1316 1.534841e-05 4.831287e-03
1317 4.838984e-06 3.268137e-03
1318 3.166610e-06 1.847464e-03
1319 9.356132e-06 2.321057e-03
1320 7.446520e-06 4.202083e-03
1321 4.976951e-06 3.874568e-03
1322 1.938796e-06 1.484634e-03
1323 7.078102e-05 9.623114e-03
1324 1.559231e-05 1.840778e-03
1325 4.109258e-05 5.277536e-03
1326 9.645581e-05 4.065550e-03
1327 2.966049e-05 6.054980e-03
1328 2.683923e-05 2.951899e-03
1329 1.903704e-06 2.738527e-03
1330 8.331012e-05 4.672057e-03
1331 7.800970e-04 1.695913e-02
1332 1.007679e-03 4.245666e-02
1333 5.646770e-05 1.306063e-02
1334 5.069009e-05 1.798528e-02
1335 7.386386e-06 7.159014e-03
1336 1.047211e-05 6.182473e-03
1337 2.515579e-05 2.699084e-03
1338 2.469851e-05 5.526919e-03
1339 6.834874e-05 2.051577e-02
1340 1.878762e-05 8.493243e-03
1341 4.932788e-05 3.887685e-03
1342 1.142239e-06 1.567827e-03
1343 4.051976e-04 4.390188e-02
1344 1.198713e-05 4.650362e-03
1345 1.233356e-03 5.419037e-02
1346 6.451261e-05 1.810251e-02
1347 1.017309e-04 2.350284e-02
1348 1.425812e-04 1.333567e-02
1349 6.852263e-05 1.012097e-02
1350 3.651037e-04 5.909440e-02
1351 1.564911e-03 1.015243e-01
1352 7.253622e-04 2.360936e-02
1353 4.731596e-07 3.211071e-03
1354 7.018587e-06 2.750128e-03
1355 1.393413e-04 2.359387e-02
1356 1.625445e-06 4.287046e-03
1357 1.858651e-05 4.698061e-03
1358 4.938965e-04 2.147897e-02
1359 6.844692e-05 1.881202e-02
1360 5.051241e-06 1.622789e-03
1361 5.989828e-05 5.980870e-03
1362 6.890876e-06 2.454125e-03
1363 1.309227e-06 1.325257e-03
1364 1.747895e-06 1.177915e-03
1365 9.730125e-06 1.756104e-03
1366 1.846795e-05 6.410753e-03
1367 4.506787e-04 1.074307e-02
1368 1.070797e-05 2.653950e-03
1369 7.674500e-06 1.961305e-03
1370 3.923088e-07 1.084770e-03
1371 2.219821e-06 1.502040e-03
1372 9.609033e-07 1.052186e-03
1373 3.774215e-06 1.911560e-03
1374 4.530252e-06 2.986658e-03
1375 1.956836e-04 3.603565e-02
1376 2.112415e-05 1.955312e-03
1377 6.110341e-05 5.661600e-03
1378 6.092660e-05 7.486903e-03
1379 1.071185e-04 1.316798e-02
1380 1.955543e-04 2.352934e-02
1381 2.444958e-04 1.847854e-02
1382 5.558752e-06 1.847741e-03
1383 9.000773e-06 2.147218e-03
1384 3.743845e-04 4.499235e-02
1385 7.458774e-05 9.699397e-03
1386 4.009870e-04 2.266435e-02
1387 5.315172e-04 4.100221e-02
1388 8.460064e-04 5.046091e-02
1389 1.584063e-05 4.605754e-03
1390 1.925061e-04 2.706930e-02
1391 4.069410e-05 5.752036e-03
1392 4.417553e-05 1.410418e-02
1393 6.424973e-06 2.579124e-03
1394 4.949097e-05 7.212758e-03
1395 2.072012e-04 1.783243e-02
1396 4.482981e-05 3.354860e-03
1397 1.454875e-05 1.892388e-03
1398 1.325679e-03 2.392830e-02
1399 2.448116e-05 5.489662e-03
1400 4.294539e-05 2.575493e-03
1401 2.540200e-04 1.526820e-02
1402 1.575635e-05 2.489312e-03
1403 4.130161e-06 1.948058e-03
1404 3.159992e-04 2.051816e-02
1405 2.747324e-06 1.846641e-03
1406 1.668870e-05 4.980842e-03
1407 1.228207e-05 2.189980e-03
1408 4.558849e-06 2.187639e-03
1409 1.059781e-05 6.663374e-03
1410 7.020755e-05 7.587529e-03
1411 1.054787e-03 9.789098e-02
1412 3.835108e-04 3.350036e-02
1413 9.696288e-06 1.911526e-03
1414 2.254122e-03 4.953545e-02
1415 6.730553e-06 2.859084e-03
1416 4.363022e-05 2.958448e-03
1417 1.481177e-05 2.156114e-03
1418 1.811528e-05 2.737177e-03
1419 4.490713e-04 1.774362e-02
1420 7.786515e-04 3.075806e-02
1421 1.364745e-03 4.663212e-02
1422 7.431057e-05 7.837250e-03
1423 1.316425e-03 5.908505e-02
1424 4.383109e-05 8.139744e-03
1425 2.841609e-03 7.852578e-02
1426 1.875418e-03 4.295578e-02
1427 1.576348e-04 2.058395e-02
1428 1.382666e-05 1.569489e-03
1429 4.808550e-05 6.851863e-03
1430 4.822656e-04 1.633304e-02
1431 3.402723e-04 2.287942e-02
1432 7.417384e-05 8.665669e-03
1433 1.668753e-05 6.846992e-03
1434 6.323392e-05 2.756275e-02
1435 1.547626e-04 2.135196e-02
1436 1.991056e-03 6.690007e-02
1437 3.042191e-05 2.737405e-03
1438 3.154547e-05 2.616702e-03
1439 2.822634e-03 2.082097e-01
1440 1.716664e-04 1.754000e-02
1441 7.644608e-04 1.006330e-01
1442 4.556227e-06 2.064443e-03
1443 1.292861e-04 2.160277e-02
1444 9.484428e-05 2.638075e-02
1445 1.327642e-04 2.077933e-02
1446 1.699718e-05 5.218742e-03
1447 4.211172e-05 3.100247e-03
1448 3.979501e-05 7.261459e-03
1449 2.679044e-04 1.144904e-02
1450 4.977237e-04 1.234595e-02
1451 7.424193e-06 1.542919e-03
1452 6.461937e-05 9.833119e-03
1453 1.615867e-06 1.629369e-03
1454 2.475131e-05 1.105826e-02
1455 3.552779e-06 4.258182e-03
1456 1.571326e-05 5.160068e-03
1457 1.424763e-05 4.365441e-03
1458 6.614994e-07 2.825072e-03
1459 1.913388e-05 3.866918e-03
1460 3.786130e-06 4.273436e-03
1461 5.361958e-06 7.130604e-03
1462 4.799575e-06 7.244915e-03
1463 1.242109e-04 1.314036e-02
1464 2.719705e-03 1.286360e-01
1465 8.377526e-04 4.534578e-02
1466 1.017654e-03 8.586004e-02
1467 8.392538e-05 1.806886e-02
1468 1.675063e-03 6.495998e-02
1469 1.411219e-03 8.925721e-02
1470 8.132082e-05 5.668934e-03
1471 6.763429e-05 9.877801e-03
1472 5.354078e-04 2.181412e-02
1473 1.100907e-05 2.680488e-03
1474 1.465538e-05 1.186336e-02
1475 8.509380e-06 4.067847e-03
1476 8.748686e-06 3.576785e-03
1477 4.033143e-04 2.710249e-02
1478 3.374067e-05 1.800776e-02
1479 1.601059e-04 2.965788e-02
1480 3.117296e-04 2.866417e-02
1481 1.807543e-04 1.541605e-02
1482 1.609868e-04 3.128832e-02
1483 7.087505e-06 5.942341e-03
1484 8.488167e-06 4.671693e-03
1485 5.711658e-06 4.511466e-03
1486 7.279312e-04 2.596783e-02
1487 5.389881e-05 2.849914e-03
1488 7.312784e-05 6.331673e-03
1489 7.517734e-06 2.750431e-03
1490 1.357987e-05 3.445193e-03
1491 1.115325e-03 4.786475e-02
1492 7.274675e-05 5.305400e-03
1493 4.479088e-06 2.283789e-03
1494 3.682742e-05 9.261169e-03
1495 3.932791e-04 2.588060e-02
1496 1.323292e-05 1.580760e-03
1497 2.232696e-04 2.340355e-02
1498 8.891731e-04 7.180630e-02
1499 3.310754e-05 2.194660e-03
1500 9.119735e-05 5.807534e-03
1501 2.035502e-04 2.434621e-02
1502 6.550725e-04 1.930563e-02
1503 1.566817e-04 8.545238e-03
1504 1.887746e-03 8.208601e-02
1505 2.877684e-04 5.173983e-02
1506 4.789606e-06 1.407996e-03
1507 5.017344e-04 2.023012e-02
1508 5.019986e-03 2.229554e-01
1509 9.966056e-06 2.611566e-03
1510 3.255990e-06 3.084381e-03
1511 1.213754e-04 1.271152e-02
1512 9.065010e-07 1.007340e-03
1513 7.339045e-05 9.817673e-03
1514 1.469365e-05 4.283450e-03
1515 3.587172e-05 6.355956e-03
1516 5.026520e-04 2.388644e-02
1517 8.695986e-05 5.410450e-03
1518 2.981596e-04 4.863652e-02
1519 2.935126e-06 1.724641e-03
1520 2.409852e-04 1.132598e-02
1521 2.620798e-06 2.080461e-03
1522 5.419189e-06 3.865160e-03
1523 2.235371e-05 3.885348e-03
1524 2.693746e-04 2.278401e-02
1525 1.364400e-04 8.965302e-03
1526 1.681291e-04 1.200919e-02
1527 1.127274e-04 8.717089e-03
1528 1.174121e-05 5.457815e-03
1529 9.258390e-05 9.797452e-03
1530 6.773409e-05 4.798115e-03
1531 5.514148e-04 3.583208e-02
1532 2.061532e-05 6.607554e-03
1533 8.131340e-04 3.383379e-02
1534 4.810345e-04 6.877124e-02
1535 1.935457e-03 1.505788e-01
1536 1.096873e-03 1.187682e-01
1537 4.917015e-05 6.198028e-03
1538 4.069798e-04 1.529040e-01
1539 6.239274e-05 1.319833e-02
1540 1.181566e-04 4.342768e-02
1541 1.329667e-03 8.655225e-02
1542 3.115337e-03 9.713650e-02
1543 4.969818e-06 5.053023e-03
1544 3.556059e-05 1.276576e-02
1545 2.014840e-06 3.558568e-03
1546 1.057646e-04 7.451404e-03
1547 1.828509e-04 1.612555e-02
1548 1.046836e-04 3.719165e-02
1549 4.427397e-06 2.494634e-03
1550 1.481087e-04 8.703672e-03
1551 8.362367e-05 1.102678e-02
1552 2.912302e-06 1.214716e-03
1553 6.612928e-06 2.842067e-03
1554 5.846261e-04 5.046027e-02
1555 2.235505e-04 8.208632e-02
1556 2.071178e-04 1.659151e-02
1557 6.184631e-04 3.294928e-02
1558 2.889295e-03 1.118486e-01
1559 2.131441e-04 7.098878e-03
1560 1.187954e-05 3.573551e-03
1561 1.616401e-04 7.462351e-03
1562 1.403473e-05 1.171950e-02
1563 2.045802e-05 2.113509e-03
1564 9.468291e-06 6.590844e-03
1565 1.367622e-04 2.381825e-02
1566 6.724173e-05 8.623675e-03
1567 2.042537e-05 3.439598e-03
1568 1.677436e-05 2.131241e-03
1569 1.114668e-04 6.827793e-03
1570 2.399618e-04 1.724429e-02
1571 5.079680e-04 1.531247e-02
1572 8.375353e-07 1.866174e-03
1573 5.926746e-04 3.594079e-02
1574 6.666166e-06 3.828836e-03
1575 6.938637e-05 1.200856e-02
1576 2.978452e-05 1.180699e-02
1577 6.641911e-04 5.183745e-02
1578 7.460619e-06 6.208156e-03
1579 1.065415e-04 1.226765e-02
1580 7.419041e-07 2.476200e-03
1581 3.571595e-06 3.357297e-03
1582 1.477369e-05 4.848033e-03
1583 2.024504e-04 2.353968e-02
1584 1.564131e-05 5.542881e-03
1585 2.115571e-03 8.961148e-02
1586 1.649846e-03 1.123112e-01
1587 1.230270e-03 5.191862e-02
1588 1.319972e-04 1.952632e-02
1589 9.645618e-04 2.815976e-02
1590 1.438472e-03 8.863245e-02
1591 4.109810e-04 2.363062e-02
1592 1.532519e-04 1.477385e-02
1593 3.844918e-04 2.368175e-02
1594 3.691442e-04 1.364751e-02
1595 5.123050e-05 9.755609e-03
1596 2.682772e-04 1.078866e-02
1597 1.462429e-04 9.805147e-03
1598 9.292075e-04 2.595548e-02
1599 2.420201e-05 1.928545e-03
1600 9.843187e-04 3.650129e-02
1601 2.726816e-06 1.200547e-03
1602 6.811310e-04 3.525266e-02
1603 5.735545e-06 1.972777e-03
1604 7.118167e-06 2.338442e-03
1605 1.054380e-04 1.138414e-02
1606 1.482678e-06 2.927367e-03
1607 2.200742e-06 1.918538e-03
1608 3.138416e-06 1.806759e-03
1609 5.164140e-05 4.714203e-03
1610 3.143575e-04 1.542851e-02
1611 7.695879e-07 1.873356e-03
1612 1.558478e-05 2.027152e-03
1613 3.983545e-06 2.121702e-03
1614 5.761413e-06 4.669076e-03
1615 6.740612e-04 5.391852e-02
1616 2.516831e-04 2.381406e-02
1617 2.214056e-04 1.518950e-02
1618 2.101238e-04 2.361579e-02
1619 4.012802e-03 1.267655e-01
1620 4.100844e-05 8.094093e-03
1621 3.916956e-04 4.766023e-02
1622 6.763274e-06 3.052938e-03
1623 1.216257e-04 3.506847e-02
1624 2.099714e-05 4.744681e-03
1625 2.097192e-06 1.615751e-03
1626 2.982072e-05 7.612038e-03
1627 2.094250e-05 3.864051e-03
1628 2.213784e-06 1.925123e-03
1629 3.318384e-04 1.949918e-02
1630 1.946820e-06 1.625004e-03
1631 2.874925e-05 5.821309e-03
1632 3.008682e-05 8.914328e-03
1633 8.994534e-05 1.821784e-02
1634 3.761403e-03 1.301034e-01
1635 1.287918e-04 2.630136e-02
1636 3.474335e-03 3.228180e-01
1637 4.074929e-04 4.740803e-02
1638 7.913928e-05 1.027289e-02
1639 1.838454e-03 1.375961e-01
1640 7.243155e-04 2.756517e-02
1641 9.428224e-04 1.188190e-01
1642 2.536018e-04 2.988408e-02
1643 1.070221e-04 1.560023e-02
1644 4.876946e-04 4.778068e-02
1645 2.550719e-06 1.515766e-03
1646 2.467868e-05 2.847069e-03
1647 1.224428e-03 8.468968e-02
1648 2.722335e-05 4.624360e-03
1649 9.314761e-05 6.544401e-03
1650 1.801818e-03 3.995743e-02
1651 5.000716e-06 1.107950e-03
1652 2.721766e-03 8.753405e-02
1653 1.211657e-03 6.359940e-02
1654 4.344153e-06 2.564835e-03
1655 2.775610e-05 4.266204e-03
1656 1.552072e-06 3.573873e-03
1657 1.102778e-06 1.214466e-03
1658 7.434713e-06 2.548766e-03
1659 1.336273e-05 4.449616e-03
1660 8.217461e-07 1.992479e-03
1661 2.456939e-04 2.265153e-02
1662 1.351285e-05 7.806992e-03
1663 1.263267e-05 1.380407e-02
1664 1.356660e-06 6.739096e-03
1665 7.162367e-05 5.771760e-03
1666 9.858051e-05 1.503304e-02
1667 2.219861e-04 2.727043e-02
1668 1.412474e-05 1.688559e-03
1669 2.644640e-06 4.326685e-03
1670 3.227980e-05 7.488414e-03
1671 1.694233e-05 3.931388e-03
1672 1.346360e-04 2.714902e-02
1673 1.068421e-04 1.121621e-02
1674 2.705092e-06 2.368983e-03
1675 3.661880e-05 3.334354e-03
1676 1.214907e-06 1.311088e-03
1677 3.912441e-05 8.811102e-03
1678 1.159163e-03 7.508862e-02
1679 5.245739e-05 9.250958e-03
1680 3.628021e-05 8.735113e-03
1681 1.167720e-04 1.160194e-02
1682 2.825213e-05 5.035129e-03
1683 8.517830e-05 1.063799e-02
1684 2.657113e-05 4.679790e-03
1685 1.626132e-06 2.155598e-03
1686 2.608585e-05 1.117243e-02
1687 9.706963e-06 4.474796e-03
1688 1.810960e-06 1.129674e-03
1689 1.913643e-04 2.700147e-02
1690 3.593088e-05 8.666257e-03
1691 4.155995e-04 2.697304e-02
1692 2.425704e-03 1.229542e-01
1693 7.200761e-04 4.023818e-02
1694 2.173970e-04 4.178533e-02
1695 2.816006e-05 6.026796e-03
1696 7.505888e-06 2.588257e-03
1697 1.312330e-05 5.843511e-03
1698 6.652555e-04 2.241541e-02
1699 1.011767e-04 1.125595e-02
1700 2.935278e-05 5.321010e-03
1701 4.174697e-05 6.596551e-03
1702 7.548324e-06 5.703957e-03
1703 4.542563e-05 1.066385e-02
1704 1.699698e-05 5.799039e-03
1705 8.514863e-04 6.227603e-02
1706 2.389775e-04 1.280581e-02
1707 1.328200e-05 2.520652e-03
1708 1.106514e-06 2.047973e-03
1709 4.597059e-06 5.321160e-03
1710 8.214717e-07 1.376520e-03
1711 7.151866e-06 1.030760e-02
1712 1.564143e-05 3.909350e-03
1713 4.018335e-06 4.237259e-03
1714 6.673131e-06 5.596748e-03
1715 6.813710e-06 4.060072e-03
1716 5.707183e-06 5.953070e-03
1717 2.961628e-07 2.182026e-03
1718 2.771260e-05 1.626190e-02
1719 5.694056e-07 1.971565e-03
1720 1.070258e-05 3.962385e-03
1721 8.673562e-07 1.499251e-03
1722 6.223022e-05 9.068687e-03
1723 6.530392e-08 1.298067e-03
1724 1.817050e-07 1.404914e-03
1725 1.470282e-06 1.812226e-03
1726 8.179416e-05 3.310533e-02
1727 1.298468e-05 9.846150e-03
1728 2.923520e-06 2.459254e-03
1729 8.051633e-06 6.754440e-03
1730 5.816998e-06 4.153979e-03
1731 1.712786e-06 3.075859e-03
1732 8.624157e-05 1.600045e-02
1733 2.648072e-03 1.050677e-01
1734 6.520083e-04 8.405082e-02
1735 4.711092e-04 3.773295e-02
1736 1.819329e-05 7.105087e-03
1737 1.297022e-05 6.395745e-03
1738 1.149357e-03 7.680758e-02
1739 1.153484e-04 1.212612e-02
1740 4.226336e-05 1.013413e-02
1741 5.831555e-07 1.319780e-03
1742 3.792622e-06 1.482271e-03
1743 6.660841e-06 3.768706e-03
1744 2.416478e-06 2.022786e-03
1745 6.952918e-07 2.169415e-03
1746 5.008006e-05 5.953547e-03
1747 3.400446e-05 1.919251e-02
1748 4.470270e-05 5.293575e-03
1749 2.741623e-05 4.968868e-03
1750 2.639522e-05 6.289737e-03
1751 9.535517e-06 3.492953e-03
1752 3.174624e-05 5.911470e-03
1753 6.560550e-04 3.772017e-02
1754 1.295402e-03 6.148746e-02
1755 4.236765e-04 5.531859e-02
1756 1.303889e-04 1.553199e-02
1757 4.608955e-04 3.935864e-02
1758 3.672865e-03 1.321373e-01
1759 1.295031e-03 7.805004e-02
1760 1.147945e-03 5.443215e-02
1761 3.637980e-03 1.345140e-01
1762 2.883225e-03 1.055205e-01
1763 8.265782e-04 8.485971e-02
1764 5.242670e-05 1.822740e-02
1765 1.377123e-04 2.445428e-02
1766 8.369773e-04 9.963304e-02
1767 1.120875e-04 1.683034e-02
1768 4.710939e-04 2.211129e-02
1769 5.069758e-04 6.520018e-02
1770 1.844195e-04 4.450823e-02
1771 9.358124e-04 3.862574e-02
1772 2.575281e-06 4.302530e-03
1773 4.987018e-03 2.192088e-01
1774 2.571536e-03 6.822552e-02
1775 5.224945e-03 3.250233e-01
1776 2.640604e-04 2.218411e-02
1777 2.972148e-04 2.502307e-02
1778 2.331362e-03 7.423022e-02
1779 4.716118e-04 3.169678e-02
1780 2.760311e-04 1.931091e-02
1781 1.555878e-04 1.468090e-02
1782 8.024272e-05 1.916741e-02
1783 1.742051e-03 7.810531e-02
1784 3.865614e-04 3.402898e-02
1785 1.137761e-03 4.698138e-02
1786 1.609025e-05 4.670732e-03
1787 4.549875e-05 7.078623e-03
1788 1.200895e-03 9.338766e-02
1789 3.078238e-04 7.325209e-02
1790 3.330692e-05 1.166301e-02
1791 9.427633e-04 1.048100e-01
1792 2.247900e-04 3.592897e-02
1793 3.819585e-04 2.897045e-02
1794 1.854987e-04 1.027704e-02
1795 1.465242e-04 1.748541e-02
1796 6.713465e-04 6.184212e-02
1797 6.460744e-04 6.428486e-02
1798 2.188582e-04 3.703504e-02
1799 4.017988e-05 1.355617e-02
1800 6.436870e-04 6.792930e-02
1801 1.010227e-04 1.471164e-02
1802 3.268737e-04 3.980545e-02
1803 3.210545e-04 3.546637e-02
1804 4.844666e-04 4.468364e-02
1805 2.991215e-04 2.768382e-02
1806 3.639167e-04 4.170065e-02
1807 1.628154e-04 1.599017e-02
1808 1.410948e-03 8.079757e-02
1809 1.146869e-04 1.825865e-02
1810 1.422850e-05 8.786855e-03
1811 2.528729e-05 9.720495e-03
1812 1.621684e-04 1.148495e-02
1813 6.250296e-05 5.470903e-03
1814 1.051868e-04 1.797602e-02
1815 8.402681e-04 3.533247e-02
1816 2.116745e-04 1.168902e-02
1817 9.484329e-04 3.320180e-02
1818 3.421505e-04 3.670599e-02
1819 1.208687e-03 6.940509e-02
1820 3.797893e-04 2.764946e-02
1821 5.491708e-05 1.220683e-02
1822 9.935107e-05 1.452845e-02
1823 2.088609e-04 3.419140e-02
1824 1.845930e-04 1.709555e-02
1825 2.663147e-03 7.997383e-02
1826 2.181628e-04 2.416791e-02
1827 6.888124e-05 8.452590e-03
1828 1.509450e-04 1.121894e-02
1829 1.054052e-04 1.172941e-02
1830 3.156027e-03 1.434567e-01
1831 4.726939e-05 6.705909e-03
1832 2.159784e-04 2.422273e-02
1833 1.572035e-05 1.036701e-02
1834 6.140391e-05 9.708966e-03
1835 2.212612e-05 8.190880e-03
1836 3.953445e-06 5.064868e-03
1837 2.571071e-04 1.918744e-02
1838 2.556427e-04 1.742257e-02
1839 4.871798e-04 3.309601e-02
1840 3.524863e-04 3.458947e-02
1841 3.387690e-04 2.412703e-02
1842 1.555880e-04 1.593987e-02
1843 3.712149e-05 1.088359e-02
1844 1.182508e-04 1.546765e-02
1845 1.676513e-05 1.132978e-02
1846 1.355237e-05 6.596731e-03
1847 1.550638e-05 8.140631e-03
1848 1.690007e-05 1.105630e-02
1849 5.151777e-05 1.146206e-02
1850 3.312922e-05 7.361814e-03
1851 1.751685e-05 4.226041e-03
1852 7.614734e-06 4.054667e-03
1853 1.879794e-05 3.213152e-03
1854 1.614114e-04 1.450993e-02
1855 1.391281e-04 1.262608e-02
1856 5.251768e-04 2.657944e-02
1857 4.129953e-04 1.862579e-02
1858 1.594032e-04 1.888702e-02
1859 7.914844e-06 4.055203e-03
1860 1.091121e-04 2.089798e-02
1861 1.287075e-05 7.191492e-03
1862 1.578673e-05 6.887967e-03
1863 1.325722e-04 1.987214e-02
1864 7.863310e-04 3.443356e-02
1865 4.959817e-04 3.345688e-02
1866 2.991295e-04 2.490500e-02
1867 2.277443e-05 8.346837e-03
1868 1.427765e-05 9.372049e-03
1869 2.090027e-05 5.926599e-03
1870 4.315139e-05 1.210401e-02
1871 6.158975e-04 4.305427e-02
1872 8.941089e-04 5.851209e-02
1873 1.044714e-04 1.090749e-02
1874 9.523939e-04 3.992201e-02
1875 3.153712e-04 2.408514e-02
1876 1.869566e-05 5.284543e-03
1877 1.128016e-04 1.156897e-02
1878 1.231366e-05 6.188220e-03
1879 1.360653e-04 1.853835e-02
1880 6.425648e-05 1.041254e-02
1881 1.262328e-03 8.260672e-02
1882 3.551651e-04 3.884598e-02
1883 3.151569e-04 3.161283e-02
1884 2.728969e-04 2.120582e-02
1885 1.170196e-04 1.098411e-02
1886 1.923504e-04 2.333399e-02
1887 2.217075e-05 7.440938e-03
1888 7.420290e-05 1.453283e-02
1889 2.301876e-05 7.582035e-03
1890 6.640737e-06 5.382969e-03
1891 1.068563e-05 4.853809e-03
1892 1.216923e-05 5.470982e-03
1893 4.008404e-05 2.137882e-02
1894 2.189666e-04 2.741234e-02
1895 1.022640e-04 1.330440e-02
1896 6.818454e-06 4.712700e-03
1897 5.105930e-06 3.527641e-03
1898 1.127518e-05 3.050313e-03
1899 1.635441e-04 1.100370e-02
1900 1.532049e-04 1.389917e-02
1901 1.314833e-06 1.716650e-03
1902 3.404947e-04 2.730209e-02
1903 1.383914e-03 1.020014e-01
1904 9.681668e-05 1.174862e-02
1905 1.006046e-04 1.296534e-02
1906 1.774681e-03 1.514486e-01
1907 2.065950e-05 6.646369e-03
1908 2.065950e-05 6.646369e-03
1909 4.070673e-06 5.163307e-03
1910 1.080902e-04 1.385933e-02
1911 4.054338e-05 1.078396e-02
1912 1.482663e-04 2.526859e-02
1913 6.222485e-04 4.912828e-02
1914 3.433045e-04 2.530895e-02
1915 3.447510e-03 9.528348e-02
1916 1.252908e-03 3.758058e-02
1917 1.291428e-03 3.739647e-02
1918 5.386471e-04 2.548673e-02
1919 8.228347e-04 8.601918e-02
1920 6.974482e-04 3.592119e-02
1921 1.854546e-04 2.088622e-02
1922 1.004153e-03 6.576036e-02
1923 5.713439e-04 3.131278e-02
1924 1.069581e-03 8.149637e-02
1925 6.789339e-04 2.969005e-02
1926 1.380582e-04 1.499016e-02
1927 4.117167e-04 2.233301e-02
1928 2.526262e-03 7.348985e-02
1929 2.988473e-04 2.547611e-02
1930 1.396344e-05 4.628964e-03
1931 1.371619e-04 2.974626e-02
1932 1.034237e-04 2.407721e-02
1933 8.003315e-05 8.969386e-03
1934 1.851542e-05 6.813005e-03
1935 3.398146e-04 2.927246e-02
1936 4.152689e-05 1.209925e-02
1937 2.511981e-04 1.019806e-02
1938 2.655474e-04 1.719029e-02
1939 2.201205e-04 2.310361e-02
1940 9.426013e-04 6.171154e-02
1941 4.182001e-05 5.792173e-03
1942 8.804654e-04 4.429288e-02
1943 8.612792e-04 4.585868e-02
1944 3.158939e-04 2.092932e-02
1945 5.088075e-05 8.394606e-03
1946 5.087153e-04 7.138665e-02
1947 6.681111e-05 1.530976e-02
1948 9.251387e-05 1.556604e-02
1949 6.275668e-04 6.171862e-02
1950 1.003658e-04 1.019399e-02
1951 5.288648e-04 3.190328e-02
1952 6.786349e-04 3.538493e-02
1953 7.765252e-05 1.652857e-02
1954 5.674203e-05 7.907270e-03
1955 2.985284e-03 1.421931e-01
1956 1.320509e-03 1.284081e-01
1957 2.133527e-03 1.702147e-01
1958 1.547440e-03 7.789103e-02
1959 1.896604e-05 7.018664e-03
1960 4.502500e-05 7.261070e-03
1961 2.969447e-06 2.905740e-03
1962 1.528948e-05 5.627349e-03
1963 2.410197e-06 2.006235e-03
1964 7.985889e-06 3.328991e-03
1965 9.738939e-05 1.166213e-02
1966 3.664696e-05 9.367167e-03
1967 2.930240e-04 3.235409e-02
1968 8.021471e-05 7.945925e-03
1969 1.168376e-04 1.492609e-02
1970 1.053571e-05 8.973097e-03
1971 7.560649e-05 1.892175e-02
1972 2.672639e-05 6.778184e-03
1973 3.472602e-04 4.206215e-02
1974 1.761082e-04 2.112528e-02
1975 9.364109e-05 1.520714e-02
1976 2.752288e-04 1.590438e-02
1977 5.280085e-04 3.873174e-02
1978 2.512502e-04 1.774144e-02
1979 1.769662e-04 1.758777e-02
1980 9.481845e-05 8.909483e-03
1981 6.026342e-05 1.011311e-02
1982 4.080041e-04 4.850731e-02
1983 1.910145e-03 1.179166e-01
1984 6.658427e-04 6.193042e-02
1985 5.642100e-04 8.602376e-02
1986 2.744453e-04 3.812385e-02
1987 1.556020e-03 1.675813e-01
1988 5.831068e-05 2.608771e-02
1989 2.237651e-04 3.914418e-02
1990 6.685816e-04 7.082336e-02
1991 6.029651e-05 1.113105e-02
1992 2.556796e-04 1.720279e-02
1993 2.236184e-04 2.264462e-02
1994 1.842489e-04 1.466861e-02
1995 2.010172e-04 1.512490e-02
1996 2.502735e-05 9.365109e-03
1997 2.913150e-04 3.193476e-02
1998 5.979345e-04 5.363785e-02
1999 9.078747e-04 6.280885e-02
2000 1.465193e-04 1.920540e-02
