1 3.780383e-04 9.800681e-03
2 7.377768e-06 1.736762e-02
3 5.143772e-06 1.797456e-03
4 3.289200e-06 1.621068e-03
5 1.049393e-05 2.048014e-03
6 7.401640e-04 3.655129e-02
7 8.517842e-05 6.480886e-03
8 3.069822e-04 3.302907e-02
9 5.418959e-07 2.370746e-03
10 8.438171e-04 3.621153e-02
11 1.540082e-05 4.008125e-03
12 1.028899e-06 1.182240e-03
13 9.259095e-04 4.953182e-02
14 1.254670e-05 7.153791e-03
15 1.204035e-05 2.685740e-03
16 1.490882e-04 7.564546e-03
17 4.975414e-06 1.456745e-03
18 6.468667e-04 1.871813e-02
19 1.802546e-05 6.068052e-03
20 8.455164e-07 1.009270e-03
21 5.153854e-04 4.930177e-02
22 4.395431e-06 2.144138e-03
23 3.304080e-04 1.364009e-02
24 1.300036e-03 4.092366e-02
25 1.035435e-03 3.871078e-02
26 1.180808e-05 2.438266e-03
27 2.854601e-05 4.382046e-03
28 2.415719e-05 2.186841e-03
29 1.648507e-03 6.956164e-02
30 3.531062e-03 1.399868e-01
31 2.398105e-03 7.942331e-02
32 3.041401e-05 3.065215e-03
33 2.840453e-06 1.141288e-03
34 3.415681e-06 9.840758e-04
35 7.284443e-06 2.658296e-03
36 1.276742e-03 2.755128e-02
37 2.731357e-04 2.286676e-02
38 5.536457e-05 5.564306e-03
39 1.905687e-06 1.819295e-03
40 1.312554e-05 2.973509e-03
41 1.104757e-04 4.409612e-03
42 5.853873e-06 4.726520e-03
43 1.024770e-03 4.768448e-02
44 1.364696e-04 4.727671e-03
45 2.390028e-04 7.047503e-03
46 3.728749e-05 5.280280e-03
47 3.051944e-03 4.882290e-02
48 5.202132e-04 2.037923e-02
49 3.493668e-05 4.541992e-03
50 1.607992e-03 8.549855e-02
51 7.558411e-05 7.729058e-03
52 8.909888e-05 1.146026e-02
53 1.596644e-05 2.276151e-03
54 3.672267e-05 6.008616e-03
55 1.152254e-05 3.912943e-03
56 3.891210e-05 4.418012e-03
57 4.153284e-05 9.815067e-03
58 1.956237e-04 1.266797e-02
59 9.035678e-05 1.226229e-02
60 1.679680e-06 1.322239e-03
61 4.091243e-03 1.507749e-01
62 3.402645e-04 2.261081e-02
63 2.057578e-06 1.560873e-03
64 5.202494e-06 3.882815e-03
65 1.947600e-04 9.548405e-03
66 1.059559e-05 2.456575e-03
67 4.113962e-05 5.208006e-03
68 2.844424e-05 5.954068e-03
69 2.563274e-06 1.348377e-03
70 1.517443e-06 1.212102e-03
71 8.472690e-04 3.428766e-02
72 2.056743e-04 4.451544e-03
73 1.888084e-05 3.546209e-03
74 5.685586e-04 8.606479e-02
75 1.369967e-05 2.161072e-03
76 3.815433e-06 2.323757e-03
77 2.102215e-04 1.268134e-02
78 3.236513e-03 9.954459e-02
79 3.026069e-04 9.213116e-03
80 2.206978e-06 1.444146e-03
81 1.451460e-06 1.255632e-03
82 2.981577e-05 1.766731e-03
83 5.722136e-05 5.306515e-03
84 3.194334e-06 1.658397e-03
85 1.507878e-04 8.366797e-03
86 3.973943e-05 4.099591e-03
87 9.067461e-06 2.049519e-03
88 3.067560e-06 1.581658e-03
89 1.149596e-04 1.146673e-02
90 1.204020e-03 3.999208e-02
91 7.185838e-04 1.647135e-02
92 2.633685e-03 7.369780e-02
93 9.975292e-05 4.827391e-03
94 1.763569e-05 2.849827e-03
95 6.198568e-03 9.961360e-02
96 3.201771e-05 2.047966e-03
97 1.646867e-04 1.682383e-02
98 2.201679e-05 2.028070e-03
99 1.168389e-05 1.645810e-03
100 1.105131e-03 4.491156e-02
101 1.239832e-05 3.373264e-03
102 2.711278e-05 1.249792e-02
103 1.789705e-04 2.532332e-02
104 1.526856e-04 1.007065e-02
105 1.976798e-04 8.592155e-03
106 2.106438e-05 7.563203e-03
107 4.328165e-06 2.636836e-03
108 7.639749e-05 1.302754e-02
109 6.007452e-06 4.429060e-03
110 5.506725e-05 6.720508e-03
111 2.705651e-03 6.964388e-02
112 4.258209e-04 2.020056e-02
113 8.597603e-04 5.780910e-02
114 1.131663e-03 3.549453e-02
115 2.016583e-04 1.809552e-02
116 2.228915e-04 1.866752e-02
117 2.065569e-04 1.886982e-02
118 2.243671e-04 1.421737e-02
119 4.327999e-06 4.464330e-03
120 3.776085e-06 3.555009e-03
121 9.328959e-05 8.652443e-03
122 3.544545e-06 1.532968e-03
123 2.575125e-05 4.327393e-03
124 5.078027e-05 6.028586e-03
125 6.190666e-06 3.786929e-03
126 3.193617e-05 4.867691e-03
127 6.289936e-05 8.207600e-03
128 5.233239e-05 6.013835e-03
129 1.667608e-05 3.826642e-03
130 9.939418e-06 3.480859e-03
131 3.507741e-05 5.211716e-03
132 1.601714e-05 3.857152e-03
133 5.514004e-05 5.594373e-03
134 2.203202e-04 1.318704e-02
135 2.384108e-05 3.387028e-03
136 3.313593e-05 3.028082e-03
137 1.378699e-04 7.725420e-03
138 4.093428e-05 8.305643e-03
139 3.457396e-05 6.950915e-03
140 1.067100e-05 4.839117e-03
141 7.654911e-06 2.851123e-03
142 4.691959e-06 2.843113e-03
143 3.416495e-05 5.641530e-03
144 6.500163e-05 7.211746e-03
145 7.374165e-06 4.510347e-03
146 3.099435e-05 5.015309e-03
147 4.688964e-05 4.218627e-03
148 2.376152e-05 7.311679e-03
149 5.922661e-06 3.618918e-03
150 9.689800e-06 3.759953e-03
151 9.016301e-05 6.135398e-03
152 3.830348e-05 3.421535e-03
153 7.640580e-06 2.798362e-03
154 1.456452e-05 3.357782e-03
155 5.059118e-06 2.888129e-03
156 2.089408e-05 2.936087e-03
157 1.603126e-05 3.419368e-03
158 2.374262e-05 3.025019e-03
159 6.012680e-05 3.877571e-03
160 8.565656e-06 4.503737e-03
161 2.958882e-06 3.034040e-03
162 1.721076e-06 2.960386e-03
163 2.728524e-06 2.992566e-03
164 1.179325e-06 1.609694e-03
165 1.987908e-06 1.631900e-03
166 2.005579e-06 1.615011e-03
167 2.722373e-06 2.897125e-03
168 7.668880e-06 3.041088e-03
169 3.718419e-05 4.458935e-03
170 1.290259e-06 1.608707e-03
171 3.486346e-05 2.860223e-03
172 8.071736e-06 3.117034e-03
173 2.022931e-06 1.592868e-03
174 7.197564e-06 2.986276e-03
175 7.507725e-06 3.001259e-03
176 4.588919e-06 2.932216e-03
177 3.145800e-06 1.611053e-03
178 6.337860e-06 2.106451e-03
179 2.022931e-06 1.592868e-03
180 7.507725e-06 3.001259e-03
181 2.312479e-06 2.087574e-03
182 8.163014e-06 3.276364e-03
183 6.879703e-07 1.187731e-03
184 2.022931e-06 1.592868e-03
185 1.781305e-06 1.207862e-03
186 2.570766e-06 2.120901e-03
187 1.515124e-06 1.879480e-03
188 1.200102e-06 1.577399e-03
189 6.519170e-07 1.126595e-03
190 1.056758e-06 1.194241e-03
191 8.687106e-05 9.340011e-03
192 7.952946e-06 2.976894e-03
193 4.955244e-05 7.406884e-03
194 8.512495e-05 9.557259e-03
195 2.266968e-05 4.198821e-03
196 2.587719e-05 5.987009e-03
197 4.022352e-05 6.137340e-03
198 2.426795e-05 4.263322e-03
199 8.600864e-05 8.494762e-03
200 2.987098e-05 6.267879e-03
201 6.472612e-05 5.468663e-03
202 6.915736e-05 1.314063e-02
203 1.259733e-05 2.992790e-03
204 3.108958e-05 3.230237e-03
205 4.213800e-05 5.167976e-03
206 1.259733e-05 2.992790e-03
207 6.886789e-05 5.779532e-03
208 1.325028e-05 3.111385e-03
209 4.213800e-05 5.167976e-03
210 3.108958e-05 3.230237e-03
211 6.364442e-06 2.068163e-03
212 1.171178e-04 5.971540e-03
213 6.050812e-06 2.011199e-03
214 2.061102e-05 3.388771e-03
215 1.200733e-05 2.961697e-03
216 2.098822e-05 3.137870e-03
217 5.104769e-06 1.625000e-03
218 1.498191e-04 1.305154e-02
219 6.111302e-05 5.527629e-03
220 1.200733e-05 2.961697e-03
221 1.200733e-05 2.961697e-03
222 3.474908e-05 4.716832e-03
223 5.253360e-05 7.799489e-03
224 1.234580e-05 2.812156e-03
225 2.912445e-05 4.575602e-03
226 2.279709e-05 3.031280e-03
227 2.288710e-05 3.256057e-03
228 2.570302e-05 3.977185e-03
229 8.516592e-05 6.854354e-03
230 4.787687e-05 5.309652e-03
231 2.926360e-05 5.045983e-03
232 1.744194e-05 4.418526e-03
233 4.635265e-05 4.947786e-03
234 2.500363e-05 4.123082e-03
235 1.027277e-05 4.301800e-03
236 2.424886e-05 3.814138e-03
237 8.332078e-06 3.231013e-03
238 2.838024e-05 4.684403e-03
239 9.312719e-06 3.381595e-03
240 1.317800e-05 2.688477e-03
241 1.405604e-05 3.479762e-03
242 2.424886e-05 3.814138e-03
243 4.966155e-06 3.030117e-03
244 2.824528e-05 4.033580e-03
245 1.480719e-05 3.796883e-03
246 1.405604e-05 3.479762e-03
247 2.500363e-05 4.123082e-03
248 4.473132e-06 2.526079e-03
249 2.989688e-05 5.226183e-03
250 1.523612e-05 3.485756e-03
251 7.318291e-06 2.576110e-03
252 2.926360e-05 5.045983e-03
253 8.377799e-06 3.178378e-03
254 1.734675e-05 4.528107e-03
255 3.085732e-05 5.464100e-03
256 7.318291e-06 2.576110e-03
257 8.332078e-06 3.231013e-03
258 2.759799e-05 2.718036e-03
259 2.926402e-05 3.046409e-03
260 6.158429e-05 4.992679e-03
261 2.982095e-05 3.009229e-03
262 1.882656e-05 2.954424e-03
263 3.087947e-05 3.176566e-03
264 7.059952e-05 6.803843e-03
265 2.169054e-05 3.892278e-03
266 9.964649e-05 6.005430e-03
267 1.752290e-04 1.903812e-02
268 5.288398e-05 9.325588e-03
269 1.462129e-04 1.139691e-02
270 1.892570e-05 3.176148e-03
271 2.926402e-05 3.046409e-03
272 5.418296e-05 4.596689e-03
273 1.892570e-05 3.176148e-03
274 4.825181e-05 3.551127e-03
275 2.540150e-05 5.302006e-03
276 1.462129e-04 1.139691e-02
277 1.116885e-05 2.739112e-03
278 9.537165e-06 2.119266e-03
279 7.022972e-05 6.296913e-03
280 2.216363e-05 4.406180e-03
281 2.540150e-05 5.302006e-03
282 7.419958e-05 7.655489e-03
283 1.564293e-05 2.231799e-03
284 2.926402e-05 3.046409e-03
285 3.866161e-05 4.855721e-03
286 5.418296e-05 4.596689e-03
287 1.882656e-05 2.954424e-03
288 4.577089e-05 7.771230e-03
289 1.075215e-04 8.092384e-03
290 1.075215e-04 8.092384e-03
291 1.892570e-05 3.176148e-03
292 3.090552e-05 3.367683e-03
293 1.124843e-04 8.702433e-03
294 8.894627e-05 5.320101e-03
295 1.771009e-04 1.190402e-02
296 8.671842e-04 2.360739e-02
297 7.703471e-04 2.061575e-02
298 2.758488e-04 7.137392e-03
299 2.729152e-05 2.664701e-03
300 3.198830e-05 4.011681e-03
301 1.991503e-04 1.070672e-02
302 5.223666e-05 4.321749e-03
303 6.408531e-06 2.891180e-03
304 9.206648e-06 2.141700e-03
305 2.246049e-06 2.622982e-03
306 3.557703e-06 2.630501e-03
307 2.246049e-06 2.622982e-03
308 2.176842e-06 2.545034e-03
309 4.098819e-05 2.847460e-03
310 1.632605e-05 3.044782e-03
311 2.246049e-06 2.622982e-03
312 8.716277e-06 2.036119e-03
313 1.369873e-06 2.525842e-03
314 1.369873e-06 2.525842e-03
315 2.340029e-06 2.649560e-03
316 3.921169e-06 2.744384e-03
317 1.897893e-06 1.908835e-03
318 1.864867e-06 1.907470e-03
319 8.691985e-06 1.927259e-03
320 1.394724e-06 2.491713e-03
321 1.018059e-06 1.414029e-03
322 1.685456e-04 3.082755e-02
323 1.256509e-04 1.723886e-02
324 9.029509e-06 8.552593e-03
325 3.389888e-05 7.257493e-03
326 1.247188e-05 2.792776e-03
327 2.299984e-04 8.969365e-03
328 7.234997e-05 7.209989e-03
329 6.220182e-04 2.838579e-02
330 5.574595e-04 2.027203e-02
331 1.985013e-04 1.483568e-02
332 1.071688e-03 4.229635e-02
333 2.516484e-05 3.710921e-03
334 1.287284e-04 6.771308e-03
335 6.235019e-05 5.118419e-03
336 5.470657e-05 6.979321e-03
337 4.909809e-04 1.612807e-02
338 1.277033e-04 1.072426e-02
339 3.828326e-04 1.362663e-02
340 1.825672e-05 2.892584e-03
341 6.583692e-06 2.520292e-03
342 6.444594e-05 6.035384e-03
343 9.599899e-05 1.246383e-02
344 1.707482e-05 2.853158e-03
345 1.497341e-05 4.804338e-03
346 3.554353e-06 2.206755e-03
347 6.333755e-06 2.635259e-03
348 6.089308e-05 5.348336e-03
349 2.324033e-05 4.769153e-03
350 6.886578e-06 2.982207e-03
351 6.497432e-06 2.548970e-03
352 3.335168e-06 2.059098e-03
353 1.171142e-05 3.013256e-03
354 1.171142e-05 3.013256e-03
355 1.168178e-05 3.130727e-03
356 3.756594e-06 2.226054e-03
357 2.324033e-05 4.769153e-03
358 6.409188e-05 5.910220e-03
359 2.235269e-05 3.986459e-03
360 1.366583e-05 4.707538e-03
361 1.692061e-04 1.638899e-02
362 3.488604e-06 2.293095e-03
363 7.027083e-06 3.035573e-03
364 3.335168e-06 2.059098e-03
365 5.285588e-05 9.918962e-03
366 1.177309e-05 3.371267e-03
367 2.663549e-05 5.925496e-03
368 2.324033e-05 4.769153e-03
369 1.843198e-04 2.182473e-02
370 5.527209e-05 1.018542e-02
371 1.020764e-04 1.400104e-02
372 5.975059e-03 9.788377e-02
373 7.598616e-04 7.976152e-02
374 2.287421e-03 1.085484e-01
375 2.785324e-04 1.234320e-02
376 3.314573e-04 3.141216e-02
377 4.105626e-05 7.159496e-03
378 4.736650e-05 9.183853e-03
379 2.780094e-05 6.094027e-03
380 6.246052e-05 4.368442e-03
381 7.862762e-06 1.410751e-03
382 9.841953e-05 5.725740e-03
383 7.862762e-06 1.410751e-03
384 2.924445e-05 2.852698e-03
385 5.614724e-06 4.309301e-03
386 9.528219e-06 4.759525e-03
387 2.309477e-05 1.015705e-02
388 1.616088e-05 2.367239e-03
389 3.396610e-05 4.166554e-03
390 2.199696e-05 3.932864e-03
391 1.339274e-04 1.616775e-02
392 4.662315e-05 5.971358e-03
393 3.861611e-05 8.059592e-03
394 7.241937e-06 2.507150e-03
395 2.883429e-05 5.691844e-03
396 1.215418e-04 1.867214e-02
397 5.102321e-05 7.308172e-03
398 8.343902e-05 7.671334e-03
399 2.536999e-05 5.139302e-03
400 5.125111e-05 8.390383e-03
401 2.641711e-05 5.318964e-03
402 2.641711e-05 5.318964e-03
403 2.536999e-05 5.139302e-03
404 4.452953e-05 5.759750e-03
405 4.452953e-05 5.759750e-03
406 2.536999e-05 5.139302e-03
407 1.331229e-05 3.896322e-03
408 1.518094e-05 4.782274e-03
409 2.969788e-04 1.814399e-02
410 9.212215e-05 9.429561e-03
411 9.378090e-05 1.006399e-02
412 1.507321e-04 1.106312e-02
413 1.518094e-05 4.782274e-03
414 2.721762e-05 5.236384e-03
415 2.243962e-05 4.118446e-03
416 2.721762e-05 5.236384e-03
417 4.452953e-05 5.759750e-03
418 5.018660e-04 2.216077e-02
419 6.071859e-04 3.567161e-02
420 3.228679e-04 2.058327e-02
421 4.669838e-05 6.200652e-03
422 9.850851e-05 9.901175e-03
423 3.360370e-04 2.343260e-02
424 1.107145e-03 6.082921e-02
425 1.931488e-04 1.861385e-02
426 1.611654e-04 1.179539e-02
427 5.497750e-04 2.989423e-02
428 1.614504e-04 1.309009e-02
429 1.663428e-04 1.258540e-02
430 1.663428e-04 1.258540e-02
431 3.118327e-04 2.214364e-02
432 9.850851e-05 9.901175e-03
433 9.850851e-05 9.901175e-03
434 1.663428e-04 1.258540e-02
435 3.112821e-04 1.964299e-02
436 1.162050e-04 1.661742e-02
437 1.614504e-04 1.309009e-02
438 1.663428e-04 1.258540e-02
439 8.966430e-04 4.163569e-02
440 6.016481e-05 1.022891e-02
441 6.016481e-05 1.022891e-02
442 4.810433e-04 3.224506e-02
443 1.457112e-04 1.902270e-02
444 1.050574e-03 6.727843e-02
445 9.434212e-04 3.540551e-02
446 1.829412e-07 9.079639e-04
447 4.274918e-07 1.209952e-03
448 1.115354e-07 9.066479e-04
449 1.115354e-07 9.066479e-04
450 2.154246e-07 9.873462e-04
451 3.258859e-06 1.633553e-03
452 4.274918e-07 1.209952e-03
453 6.130197e-07 1.076773e-03
454 7.205940e-07 1.218654e-03
455 4.274918e-07 1.209952e-03
456 3.614333e-07 1.024859e-03
457 3.402203e-07 9.195906e-04
458 4.274918e-07 1.209952e-03
459 6.595866e-05 1.248243e-02
460 1.877044e-06 2.547981e-03
461 2.213326e-07 1.049814e-03
462 3.236470e-06 2.772838e-03
463 6.090840e-07 1.092737e-03
464 7.172340e-07 1.284394e-03
465 1.028508e-06 1.133587e-03
466 1.211131e-06 1.357466e-03
467 3.604693e-07 1.075148e-03
468 2.183596e-07 1.087371e-03
469 7.172340e-07 1.284394e-03
470 4.897330e-07 1.726056e-03
471 2.513748e-07 1.208819e-03
472 6.090840e-07 1.092737e-03
473 7.172340e-07 1.284394e-03
474 1.352843e-07 1.044501e-03
475 7.172340e-07 1.284394e-03
476 1.536310e-06 1.380814e-03
477 1.031945e-05 2.476089e-03
478 4.427581e-05 2.812133e-03
479 1.669716e-06 1.475697e-03
480 3.863916e-06 1.962696e-03
481 5.643909e-06 1.686903e-03
482 2.059405e-06 2.051652e-03
483 1.258762e-06 2.032112e-03
484 5.487314e-06 1.785384e-03
485 1.966917e-06 1.709906e-03
486 5.428990e-05 9.243204e-03
487 9.832213e-07 1.457218e-03
488 5.287466e-05 7.071845e-03
489 6.745014e-04 2.487838e-02
490 2.664495e-05 4.779645e-03
491 7.637242e-05 5.435667e-03
492 2.633916e-05 4.737134e-03
493 4.131208e-05 5.010899e-03
494 2.980799e-05 5.858304e-03
495 2.517887e-05 4.419482e-03
496 9.978595e-05 9.171262e-03
497 2.848758e-04 1.117071e-02
498 4.347112e-05 4.825133e-03
499 4.964797e-05 6.537849e-03
500 1.624487e-05 4.618777e-03
501 3.136785e-05 6.663465e-03
502 7.368025e-04 3.920719e-02
503 2.664495e-05 4.779645e-03
504 4.359261e-05 5.161014e-03
505 1.580710e-05 4.573852e-03
506 1.501152e-04 8.659068e-03
507 2.253059e-04 8.871283e-03
508 4.933369e-05 6.338008e-03
509 4.537775e-05 6.255845e-03
510 5.382672e-05 7.663823e-03
511 3.960257e-05 4.863185e-03
512 4.675282e-05 6.168124e-03
513 3.960257e-05 4.863185e-03
514 1.251437e-03 4.648185e-02
515 4.937377e-05 5.402220e-03
516 4.937377e-05 5.402220e-03
517 9.536274e-05 8.182517e-03
518 5.043708e-05 5.081310e-03
519 1.722645e-04 8.672431e-03
520 1.696363e-04 1.102727e-02
521 1.722645e-04 8.672431e-03
522 1.722645e-04 8.672431e-03
523 1.722645e-04 8.672431e-03
524 1.586549e-04 7.326290e-03
525 4.937377e-05 5.402220e-03
526 1.722645e-04 8.672431e-03
527 8.918944e-05 5.655871e-03
528 3.360959e-05 4.760130e-03
529 1.722645e-04 8.672431e-03
530 1.798727e-05 4.538130e-03
531 4.937377e-05 5.402220e-03
532 1.948839e-04 1.003058e-02
533 6.863560e-05 1.000320e-02
534 1.095559e-04 7.978722e-03
535 1.095559e-04 7.978722e-03
536 4.004205e-04 1.774283e-02
537 2.447476e-04 1.600488e-02
538 6.863560e-05 1.000320e-02
539 2.116013e-04 1.180515e-02
540 1.354881e-04 1.530883e-02
541 1.354881e-04 1.530883e-02
542 6.969267e-04 2.543452e-02
543 2.028451e-04 1.123622e-02
544 4.937377e-05 5.402220e-03
545 1.721984e-05 3.081209e-03
546 1.419693e-05 2.292381e-03
547 9.389605e-06 2.217858e-03
548 1.026352e-05 2.521929e-03
549 2.659957e-06 1.488022e-03
550 1.721984e-05 3.081209e-03
551 8.461775e-06 1.921285e-03
552 1.189090e-04 9.028551e-03
553 7.817914e-05 7.890012e-03
554 2.713929e-05 2.819446e-03
555 4.633764e-05 3.537844e-03
556 7.975859e-06 1.733284e-03
557 1.582742e-05 2.410198e-03
558 2.744123e-05 2.904377e-03
559 9.389605e-06 2.217858e-03
560 1.582742e-05 2.410198e-03
561 9.389605e-06 2.217858e-03
562 9.389605e-06 2.217858e-03
563 3.332382e-05 3.632258e-03
564 9.389605e-06 2.217858e-03
565 9.814791e-05 6.457418e-03
566 1.617579e-05 2.330985e-03
567 5.357354e-05 4.206500e-03
568 3.150244e-05 4.064466e-03
569 4.989932e-05 4.156171e-03
570 5.241975e-05 4.468849e-03
571 2.655481e-05 2.952347e-03
572 4.742931e-05 3.897757e-03
573 2.524035e-05 2.813599e-03
574 3.150244e-05 4.064466e-03
575 2.634201e-05 3.206067e-03
576 3.150244e-05 4.064466e-03
577 4.383285e-05 3.544208e-03
578 3.861107e-05 6.135594e-03
579 4.629836e-04 3.089681e-02
580 5.241975e-05 4.468849e-03
581 9.895698e-06 2.430665e-03
582 5.241975e-05 4.468849e-03
583 3.252511e-05 4.270182e-03
584 2.655481e-05 2.952347e-03
585 5.241975e-05 4.468849e-03
586 4.381414e-05 6.947191e-03
587 5.363064e-05 9.248401e-03
588 3.737667e-05 4.752520e-03
589 1.267602e-05 1.785162e-03
590 1.652419e-03 4.232311e-02
591 5.248573e-05 4.885715e-03
592 2.756979e-05 2.624626e-03
593 1.273938e-04 1.149048e-02
594 1.927530e-05 3.465550e-03
595 2.597614e-05 5.694037e-03
596 2.057341e-03 1.007687e-01
597 3.338326e-06 1.851790e-03
598 3.242629e-06 1.783057e-03
599 3.338326e-06 1.851790e-03
600 5.475547e-06 1.891180e-03
601 6.406399e-06 2.424966e-03
602 6.447795e-06 2.356141e-03
603 1.106141e-05 2.937651e-03
604 3.338326e-06 1.851790e-03
605 5.475547e-06 1.891180e-03
606 3.338326e-06 1.851790e-03
607 1.984058e-06 1.737327e-03
608 5.475547e-06 1.891180e-03
609 5.911594e-05 7.055050e-03
610 2.010374e-05 3.455993e-03
611 5.598263e-04 3.163225e-02
612 1.539613e-04 1.231101e-02
613 6.071580e-05 1.061288e-02
614 1.725272e-04 1.559441e-02
615 7.758519e-05 7.419799e-03
616 3.352817e-06 3.172006e-03
617 8.302408e-05 8.591078e-03
618 9.300101e-06 3.964375e-03
619 2.414120e-05 4.223756e-03
620 1.670019e-05 4.872263e-03
621 2.151995e-04 1.169400e-02
622 1.690777e-05 5.062737e-03
623 2.867563e-05 6.267582e-03
624 2.739177e-05 5.037840e-03
625 9.210057e-06 3.794513e-03
626 7.791296e-04 2.307252e-02
627 1.459338e-05 3.851913e-03
628 9.530916e-05 8.575809e-03
629 6.485731e-05 1.002630e-02
630 9.185109e-05 7.958096e-03
631 4.423478e-05 5.680274e-03
632 7.040420e-05 1.479636e-02
633 1.554190e-05 4.914612e-03
634 5.955741e-06 4.127710e-03
635 1.757547e-05 4.104369e-03
636 1.021995e-05 4.695346e-03
637 3.096039e-05 7.063983e-03
638 1.830155e-05 6.964902e-03
639 6.195598e-05 9.346180e-03
640 1.442778e-05 3.502323e-03
641 9.908982e-06 4.749134e-03
642 1.683550e-05 5.471356e-03
643 1.934422e-04 1.457227e-02
644 1.670511e-05 4.320536e-03
645 6.114627e-05 8.104106e-03
646 1.176743e-04 1.193271e-02
647 2.091461e-05 6.183400e-03
648 1.056849e-04 1.283443e-02
649 4.630526e-05 5.286599e-03
650 1.806393e-05 4.596383e-03
651 2.952264e-05 4.922605e-03
652 3.165830e-05 5.555892e-03
653 2.226100e-03 8.894908e-02
654 7.872700e-04 4.132395e-02
655 8.100843e-06 2.687669e-03
656 6.787095e-05 1.166124e-02
657 1.270673e-03 1.170366e-01
658 1.946032e-04 7.947554e-03
659 6.241889e-05 9.946689e-03
660 3.858970e-05 9.480343e-03
661 1.760083e-04 1.119981e-02
662 3.568564e-04 2.800297e-02
663 7.604969e-05 6.604266e-03
664 3.581246e-05 9.917579e-03
665 6.295893e-05 9.546223e-03
666 1.099734e-04 1.494411e-02
667 4.835446e-05 7.451707e-03
668 1.662717e-05 5.436849e-03
669 7.411859e-05 1.436567e-02
670 3.630723e-05 1.156979e-02
671 1.099734e-04 1.494411e-02
672 1.791064e-05 5.966514e-03
673 9.821648e-04 4.362078e-02
674 1.528062e-05 5.187096e-03
675 5.850342e-04 2.218373e-02
676 8.015622e-05 9.105463e-03
677 4.370963e-04 1.570859e-02
678 1.050875e-04 5.266874e-03
679 7.758885e-04 2.178083e-02
680 2.015324e-05 2.942919e-03
681 4.077468e-05 5.861837e-03
682 2.297617e-03 8.198988e-02
683 1.655873e-04 7.452555e-03
684 4.330217e-04 2.074705e-02
685 5.447360e-05 4.766220e-03
686 5.684341e-04 2.785885e-02
687 3.233661e-05 2.981378e-03
688 9.806106e-05 5.555403e-03
689 9.253937e-05 5.533440e-03
690 5.675737e-05 3.469346e-03
691 2.091213e-04 8.763926e-03
692 1.507341e-04 4.935960e-03
693 9.567205e-05 4.045164e-03
694 7.090528e-06 2.930501e-03
695 2.754307e-05 5.438631e-03
696 1.940323e-04 1.877711e-02
697 6.531470e-04 3.830335e-02
698 5.712514e-04 3.704378e-02
699 1.660206e-04 1.121956e-02
700 9.139288e-05 9.482618e-03
701 4.605531e-05 5.994498e-03
702 3.344276e-05 7.580941e-03
703 2.333071e-05 4.486725e-03
704 1.149063e-04 1.481960e-02
705 2.333071e-05 4.486725e-03
706 4.506199e-05 6.039069e-03
707 1.426034e-05 4.175851e-03
708 5.897640e-03 7.644053e-02
709 1.763966e-04 1.469805e-02
710 1.975782e-04 1.458944e-02
711 3.615528e-04 2.364289e-02
712 2.001572e-04 8.213040e-03
713 1.763966e-04 1.469805e-02
714 9.423472e-05 9.333916e-03
715 1.827802e-05 5.684422e-03
716 1.080014e-04 1.145953e-02
717 2.118151e-04 1.704323e-02
718 7.935967e-05 6.572238e-03
719 5.591934e-05 8.222933e-03
720 1.172131e-04 1.327818e-02
721 7.769200e-05 6.420149e-03
722 2.500738e-04 1.011945e-02
723 1.763966e-04 1.469805e-02
724 2.997974e-05 5.851687e-03
725 4.748739e-05 5.919563e-03
726 5.790424e-05 8.466068e-03
727 7.425613e-04 3.995074e-02
728 3.641395e-05 1.012524e-02
729 3.454039e-05 8.432491e-03
730 9.593152e-05 9.966626e-03
731 1.518714e-05 4.588598e-03
732 9.770419e-06 4.547029e-03
733 3.055029e-05 5.813297e-03
734 3.454039e-05 8.432491e-03
735 2.776805e-05 5.369582e-03
736 1.229480e-04 1.326276e-02
737 2.381865e-04 2.738898e-02
738 1.852865e-04 1.537578e-02
739 2.997974e-05 5.851687e-03
740 4.904851e-05 6.309100e-03
741 2.484701e-05 4.820314e-03
742 5.450036e-05 9.035654e-03
743 7.769200e-05 6.420149e-03
744 1.294750e-04 6.707721e-03
745 1.704126e-04 1.309040e-02
746 4.748739e-05 5.919563e-03
747 4.748739e-05 5.919563e-03
748 1.056787e-05 5.447779e-03
749 1.176874e-04 1.712097e-02
750 1.989177e-04 1.333238e-02
751 4.100447e-05 6.644962e-03
752 6.725583e-05 7.128788e-03
753 1.397844e-03 4.215611e-02
754 8.601615e-05 4.649752e-03
755 1.674544e-04 7.480664e-03
756 7.085431e-05 8.524277e-03
757 2.345580e-04 1.195934e-02
758 1.221443e-05 4.345435e-03
759 8.108645e-05 4.265479e-03
760 5.260019e-04 1.910593e-02
761 6.881491e-04 3.313020e-02
762 6.595266e-05 5.717687e-03
763 6.595266e-05 5.717687e-03
764 7.075583e-05 5.820418e-03
765 1.621140e-03 9.062969e-02
766 2.673029e-03 1.082501e-01
767 9.650980e-04 2.908781e-02
768 3.067708e-04 4.508181e-02
769 9.967820e-05 6.757547e-03
770 4.390995e-05 3.677158e-03
771 2.772123e-05 3.621748e-03
772 1.804685e-05 4.027254e-03
773 2.299296e-04 1.125392e-02
774 2.952564e-05 4.317663e-03
775 1.600574e-04 6.986663e-03
776 2.076276e-05 4.697531e-03
777 6.304688e-05 7.309400e-03
778 1.163458e-04 9.491696e-03
779 4.457348e-05 6.623813e-03
780 2.952564e-05 4.317663e-03
781 3.586884e-05 4.511928e-03
782 5.104901e-06 2.154690e-03
783 1.672605e-05 3.019497e-03
784 1.637996e-04 8.190445e-03
785 7.688352e-05 3.938599e-03
786 2.928313e-05 3.479634e-03
787 7.903376e-05 4.278595e-03
788 1.282933e-04 5.255066e-03
789 7.841624e-05 4.482507e-03
790 6.005489e-04 1.018837e-02
791 3.205866e-05 1.886808e-03
792 8.113886e-05 4.773660e-03
793 5.253676e-05 4.405052e-03
794 1.940843e-03 6.584145e-02
795 5.859736e-05 2.600505e-03
796 2.257190e-05 2.770791e-03
797 3.708129e-04 9.677330e-03
798 6.704019e-05 3.479514e-03
799 1.386908e-04 7.529929e-03
800 1.102568e-04 4.299797e-03
801 4.806559e-05 4.799540e-03
802 6.198194e-05 3.420009e-03
803 6.333925e-04 1.341809e-02
804 7.176230e-05 4.402872e-03
805 8.628378e-05 5.414349e-03
806 2.015074e-03 4.257908e-02
807 2.105640e-04 4.547434e-03
808 6.921289e-05 2.641164e-03
809 2.186826e-04 8.407222e-03
810 1.177924e-05 2.065769e-03
811 9.093796e-05 7.408905e-03
812 2.317439e-05 3.026175e-03
813 7.895115e-05 1.596991e-02
814 3.037737e-05 8.602271e-03
815 4.982519e-05 9.010695e-03
816 6.837871e-05 1.039494e-02
817 1.935247e-04 1.138969e-02
818 3.158841e-05 8.297191e-03
819 3.455978e-05 8.270757e-03
820 2.758231e-04 1.639853e-02
821 2.925645e-04 1.756728e-02
822 3.088590e-04 2.333086e-02
823 8.544519e-04 6.410271e-02
824 2.374638e-03 1.360502e-01
825 1.730506e-03 1.052382e-01
826 1.786619e-03 6.641997e-02
827 4.684002e-04 5.318353e-02
828 4.726906e-03 1.760698e-01
829 1.425466e-03 7.897541e-02
830 2.906007e-05 4.923243e-03
831 2.404004e-05 3.421252e-03
832 7.058815e-06 4.407451e-03
833 3.496942e-05 7.818763e-03
834 2.349965e-05 3.257286e-03
835 1.787505e-05 5.355044e-03
836 9.325553e-06 3.446017e-03
837 4.782603e-05 5.262125e-03
838 1.434709e-05 3.774897e-03
839 1.437821e-05 3.838337e-03
840 5.700085e-05 1.106863e-02
841 2.445181e-05 3.891885e-03
842 3.136651e-05 6.471167e-03
843 7.231085e-05 5.790168e-03
844 1.335139e-04 7.986969e-03
845 1.287326e-04 7.045403e-03
846 1.426136e-04 1.040954e-02
847 2.445181e-05 3.891885e-03
848 7.726653e-05 6.299672e-03
849 1.389701e-04 8.342774e-03
850 2.470699e-05 3.999517e-03
851 6.422301e-04 1.969914e-02
852 4.054488e-05 4.431511e-03
853 4.128966e-05 4.460691e-03
854 2.492900e-05 3.696955e-03
855 4.116393e-05 4.237974e-03
856 7.137456e-07 1.447688e-03
857 1.887237e-06 1.193653e-03
858 2.236848e-06 1.925018e-03
859 1.165541e-06 1.460113e-03
860 2.866636e-04 1.531936e-02
861 2.447167e-05 4.661390e-03
862 1.901575e-06 1.462912e-03
863 1.127208e-06 1.387905e-03
864 4.122822e-07 1.374126e-03
865 7.092690e-07 1.408377e-03
866 2.219541e-06 1.846024e-03
867 1.127208e-06 1.387905e-03
868 3.987226e-07 1.335862e-03
869 7.382434e-07 1.555164e-03
870 1.165541e-06 1.460113e-03
871 4.230910e-07 1.378880e-03
872 2.359666e-06 1.818822e-03
873 7.118406e-07 1.381298e-03
874 1.335841e-06 1.304620e-03
875 9.756384e-05 2.635670e-02
876 7.092690e-07 1.408377e-03
877 6.726367e-07 1.375116e-03
878 2.148511e-06 1.720881e-03
879 2.443908e-07 1.335275e-03
880 2.443908e-07 1.335275e-03
881 4.230910e-07 1.378880e-03
882 2.323834e-06 1.567015e-03
883 1.828046e-06 1.316013e-03
884 6.889789e-07 1.371403e-03
885 1.124093e-06 1.406351e-03
886 1.097600e-05 2.405669e-03
887 3.091002e-05 2.025508e-03
888 5.026653e-05 6.339572e-03
889 2.340163e-04 7.929102e-03
890 4.783243e-05 5.336987e-03
891 3.257145e-04 1.619312e-02
892 4.570776e-04 9.440536e-03
893 6.388676e-05 3.252328e-03
894 3.091002e-05 2.025508e-03
895 5.315497e-05 3.351133e-03
896 1.117831e-04 5.453558e-03
897 5.199611e-04 1.298342e-02
898 1.010932e-04 7.798930e-03
899 5.806690e-04 1.692803e-02
900 5.185998e-05 2.467210e-03
901 2.815557e-05 2.263111e-03
902 9.532522e-05 3.807315e-03
903 6.465339e-05 4.555676e-03
904 1.004745e-03 4.398163e-02
905 1.270704e-04 6.917178e-03
906 4.012731e-04 1.963624e-02
907 2.630778e-03 6.642338e-02
908 6.354583e-06 2.068869e-03
909 1.063953e-05 2.272772e-03
910 2.253694e-06 1.450445e-03
911 1.699189e-05 1.937682e-03
912 3.871268e-05 1.757451e-03
913 4.575162e-06 1.173079e-03
914 4.506335e-05 2.244435e-03
915 5.684016e-06 1.992606e-03
916 3.509335e-04 9.091465e-03
917 2.423341e-06 1.907167e-03
918 5.547376e-06 1.517609e-03
919 1.844952e-06 1.338091e-03
920 1.053132e-05 1.690442e-03
921 1.561173e-06 1.028851e-03
922 4.847447e-06 1.315733e-03
923 2.699115e-04 1.265967e-02
924 2.090597e-04 5.998304e-03
925 4.041215e-06 9.848213e-04
926 6.437488e-05 3.866239e-03
927 7.506188e-06 1.140146e-03
928 1.499170e-05 1.605003e-03
929 2.009741e-05 2.433846e-03
930 8.913855e-06 1.465709e-03
931 2.882728e-05 2.200347e-03
932 5.183864e-06 1.367437e-03
933 7.530777e-06 1.170681e-03
934 6.306827e-05 2.086583e-03
935 8.590584e-06 1.362079e-03
936 2.585777e-06 1.095077e-03
937 2.182983e-05 1.485472e-03
938 9.250435e-06 1.515335e-03
939 1.087080e-05 1.716027e-03
940 1.327901e-05 1.438387e-03
941 4.295783e-05 2.443193e-03
942 5.912895e-06 1.419363e-03
943 1.276225e-05 1.165744e-03
944 3.230803e-05 1.444420e-03
945 2.525947e-05 1.665867e-03
946 7.066372e-05 2.254383e-03
947 4.160502e-04 1.930804e-02
948 2.804971e-05 6.051875e-03
949 6.553168e-05 8.035960e-03
950 2.353600e-05 6.828849e-03
951 8.128090e-05 1.356917e-02
952 6.013687e-05 7.994207e-03
953 5.819339e-05 7.098092e-03
954 4.858290e-06 2.845513e-03
955 3.082130e-04 1.324548e-02
956 4.858290e-06 2.845513e-03
957 2.279327e-05 7.387875e-03
958 2.158711e-05 5.719792e-03
959 4.710695e-04 2.969968e-02
960 1.343337e-04 1.562928e-02
961 3.290772e-05 6.996330e-03
962 4.499439e-05 1.019082e-02
963 9.748274e-06 3.395280e-03
964 5.262583e-04 2.021786e-02
965 1.102079e-05 5.130755e-03
966 8.965010e-04 4.263259e-02
967 2.676563e-04 2.265864e-02
968 2.048081e-05 3.173470e-03
969 5.256015e-05 4.889585e-03
970 2.033871e-04 1.250649e-02
971 2.873139e-06 2.737489e-03
972 2.115233e-05 6.458288e-03
973 4.016983e-05 7.601224e-03
974 8.810549e-06 2.966727e-03
975 3.168939e-05 5.459880e-03
976 4.836586e-04 1.734032e-02
977 4.695019e-05 2.707840e-03
978 3.115044e-05 2.546517e-03
979 1.126246e-05 2.423543e-03
980 2.773356e-06 1.150412e-03
981 8.557013e-06 3.293766e-03
982 5.225124e-05 3.233478e-03
983 9.923047e-06 2.082371e-03
984 3.233355e-05 3.017594e-03
985 1.147808e-05 2.562440e-03
986 1.147808e-05 2.562440e-03
987 2.633607e-06 1.098073e-03
988 5.935822e-06 1.773894e-03
989 2.825551e-05 4.238532e-03
990 1.171597e-05 2.504647e-03
991 1.589018e-05 4.044147e-03
992 3.489958e-06 1.934949e-03
993 5.955907e-06 2.010136e-03
994 3.533338e-06 1.968117e-03
995 5.830749e-06 1.979102e-03
996 6.974883e-06 2.541641e-03
997 5.254557e-05 4.531592e-03
998 1.171597e-05 2.504647e-03
999 1.742256e-05 1.964812e-03
1000 3.087112e-06 1.369346e-03
1001 3.087112e-06 1.369346e-03
1002 4.740162e-05 2.327550e-03
1003 5.159100e-06 1.426846e-03
1004 1.934781e-05 2.698939e-03
1005 4.173644e-06 2.414137e-03
1006 2.468045e-05 2.371802e-03
1007 6.974883e-06 2.541641e-03
1008 5.882785e-06 1.976452e-03
1009 2.918762e-05 2.494263e-03
1010 1.054364e-05 2.277832e-03
1011 2.918762e-05 2.494263e-03
1012 1.742580e-05 2.504364e-03
1013 2.230667e-06 1.961623e-03
1014 1.842673e-05 2.457432e-03
1015 3.716480e-06 2.001545e-03
1016 1.177563e-06 1.400373e-03
1017 1.898360e-06 1.442220e-03
1018 4.121529e-06 2.324171e-03
1019 3.161504e-05 2.871392e-03
1020 2.026608e-06 1.558017e-03
1021 1.729958e-05 1.828957e-03
1022 1.007265e-06 1.078674e-03
1023 9.157923e-06 1.469219e-03
1024 3.289260e-06 1.312364e-03
1025 1.018366e-05 1.941006e-03
1026 5.315923e-03 1.711331e-01
1027 3.402757e-04 1.621928e-02
1028 3.361630e-04 1.762226e-02
1029 3.488293e-04 1.931512e-02
1030 1.240182e-03 4.471161e-02
1031 1.988976e-03 6.014442e-02
1032 4.281707e-05 4.938226e-03
1033 1.119885e-04 1.156187e-02
1034 6.516357e-04 3.649203e-02
1035 1.860587e-05 3.050466e-03
1036 4.617399e-05 6.946827e-03
1037 2.769514e-04 1.283803e-02
1038 7.620034e-06 2.609993e-03
1039 1.222143e-04 7.673449e-03
1040 1.942420e-05 6.956568e-03
1041 2.054215e-04 2.000090e-02
1042 3.023193e-05 8.898330e-03
1043 8.261555e-05 9.856110e-03
1044 2.069420e-04 1.017276e-02
1045 6.493783e-05 5.352692e-03
1046 2.072295e-04 1.161441e-02
1047 3.143065e-04 1.638966e-02
1048 2.272865e-04 2.642448e-02
1049 1.927638e-05 6.972303e-03
1050 6.045952e-04 6.152061e-02
1051 3.303606e-04 4.853697e-02
1052 1.005356e-06 1.188607e-03
1053 2.257929e-06 1.736612e-03
1054 1.281821e-04 1.509143e-02
1055 3.208844e-06 1.501358e-03
1056 1.683465e-05 4.160131e-03
1057 3.788291e-06 1.935309e-03
1058 5.783115e-06 1.868483e-03
1059 8.492542e-07 1.007185e-03
1060 5.021955e-07 9.382110e-04
1061 2.687281e-05 2.032333e-03
1062 3.200567e-06 1.605860e-03
1063 8.368184e-06 3.074811e-03
1064 1.610402e-04 8.433613e-03
1065 1.572938e-04 7.331264e-03
1066 4.948682e-06 1.519127e-03
1067 1.840017e-06 1.419052e-03
1068 1.094161e-06 1.450005e-03
1069 5.366479e-06 1.558972e-03
1070 3.173200e-05 1.214667e-02
1071 1.127170e-05 4.455330e-03
1072 3.913234e-06 2.392760e-03
1073 1.054378e-04 7.615933e-03
1074 1.410904e-06 1.008172e-03
1075 1.088801e-04 1.045756e-02
1076 2.269796e-05 2.799680e-03
1077 5.988206e-05 6.859097e-03
1078 3.298925e-06 1.487096e-03
1079 1.779996e-05 4.743863e-03
1080 7.876989e-06 1.445579e-03
1081 4.773831e-06 1.389836e-03
1082 4.814623e-06 1.392462e-03
1083 1.468778e-05 1.516324e-03
1084 1.672903e-06 1.197193e-03
1085 8.593552e-06 3.709027e-03
1086 1.672903e-06 1.197193e-03
1087 2.671890e-06 1.285315e-03
1088 6.776975e-06 4.538372e-03
1089 2.779268e-06 1.199137e-03
1090 1.663064e-06 1.175529e-03
1091 1.672903e-06 1.197193e-03
1092 3.555196e-03 9.709301e-02
1093 1.521219e-04 1.501824e-02
1094 9.318002e-05 1.078012e-02
1095 1.943595e-06 1.407600e-03
1096 1.943595e-06 1.407600e-03
1097 1.955717e-05 3.242212e-03
1098 3.153719e-05 4.178118e-03
1099 1.096994e-05 2.748600e-03
1100 1.446743e-05 1.775897e-03
1101 2.438676e-05 1.907733e-03
1102 9.623806e-06 2.005926e-03
1103 8.820487e-06 1.710331e-03
1104 1.832946e-04 1.810446e-02
1105 3.187899e-06 1.429047e-03
1106 6.583441e-06 2.045878e-03
1107 1.780431e-05 2.666404e-03
1108 5.373625e-06 1.472710e-03
1109 8.389048e-06 1.709755e-03
1110 4.555401e-05 3.660082e-03
1111 1.903014e-05 3.197368e-03
1112 1.551440e-04 7.918341e-03
1113 9.085406e-05 6.653277e-03
1114 3.827819e-06 1.868503e-03
1115 1.518441e-04 8.022938e-03
1116 1.943595e-06 1.407600e-03
1117 3.149368e-06 1.515730e-03
1118 2.912674e-05 3.530475e-03
1119 1.551440e-04 7.918341e-03
1120 1.864208e-05 2.799824e-03
1121 2.817609e-05 3.123479e-03
1122 9.991306e-06 2.515585e-03
1123 9.476501e-06 1.739000e-03
1124 7.185553e-06 2.542376e-03
1125 1.107163e-05 2.147002e-03
1126 1.717195e-05 2.701144e-03
1127 1.023497e-05 2.077460e-03
1128 1.643484e-05 2.033872e-03
1129 6.001896e-06 1.948481e-03
1130 1.053191e-05 2.763100e-03
1131 2.308260e-04 6.928127e-03
1132 2.552245e-03 4.040590e-02
1133 4.841861e-04 1.332343e-02
1134 7.959032e-05 3.058071e-03
1135 1.395716e-05 1.312741e-03
1136 1.609132e-05 1.635693e-03
1137 3.431233e-05 2.731734e-03
1138 4.611499e-05 2.574687e-03
1139 3.659677e-05 2.928542e-03
1140 1.960802e-03 4.805208e-02
1141 1.246807e-04 6.006915e-03
1142 5.475750e-05 2.609516e-03
1143 5.631895e-05 2.944484e-03
1144 4.535057e-04 1.178103e-02
1145 1.032847e-04 4.208267e-03
1146 7.835812e-04 1.474974e-02
1147 4.954767e-04 1.488228e-02
1148 1.032847e-04 4.208267e-03
1149 6.040868e-05 3.183246e-03
1150 7.536149e-05 2.390845e-03
1151 7.595790e-05 2.409094e-03
1152 4.624341e-05 2.591583e-03
1153 4.601679e-05 2.115334e-03
1154 7.739636e-05 2.657059e-03
1155 4.128680e-05 1.807013e-03
1156 1.363107e-04 8.999383e-03
1157 2.950124e-04 1.364081e-02
1158 1.006928e-04 7.749887e-03
1159 5.854271e-04 2.554295e-02
1160 5.735756e-05 3.579446e-03
1161 5.846733e-05 3.282926e-03
1162 2.186880e-04 9.804834e-03
1163 6.162896e-04 1.353893e-02
1164 9.182794e-05 3.729769e-03
1165 3.591264e-05 3.482956e-03
1166 3.161871e-04 1.518747e-02
1167 1.356775e-04 6.824053e-03
1168 5.983350e-05 3.760388e-03
1169 2.186880e-04 9.804834e-03
1170 2.186880e-04 9.804834e-03
1171 5.735756e-05 3.579446e-03
1172 1.599619e-04 7.867988e-03
1173 8.187858e-04 2.345487e-02
1174 2.652272e-04 2.289761e-02
1175 2.746436e-04 1.544689e-02
1176 9.810041e-03 2.647093e-01
1177 2.050054e-05 2.614652e-03
1178 1.695750e-04 1.013410e-02
1179 1.379057e-04 1.513132e-02
1180 4.743899e-05 1.386729e-02
1181 6.247263e-05 8.468720e-03
1182 4.455077e-05 1.030406e-02
1183 1.225989e-04 1.001032e-02
1184 3.166805e-04 2.485124e-02
1185 6.955580e-04 2.528668e-02
1186 8.490800e-05 9.114557e-03
1187 4.188030e-05 5.191186e-03
1188 1.157901e-04 6.681330e-03
1189 9.815821e-05 1.193381e-02
1190 3.361076e-04 2.937499e-02
1191 5.978953e-05 9.273173e-03
1192 2.483773e-04 1.490901e-02
1193 1.625637e-04 1.750803e-02
1194 4.811758e-04 2.262228e-02
1195 1.528160e-04 1.285105e-02
1196 1.541744e-04 1.193407e-02
1197 1.249659e-04 7.305011e-03
1198 1.522557e-04 1.473003e-02
1199 2.214317e-04 1.063634e-02
1200 4.208989e-04 1.626890e-02
1201 1.459491e-04 1.535249e-02
1202 5.400948e-05 1.028217e-02
1203 2.565596e-04 1.798891e-02
1204 3.901406e-04 1.964411e-02
1205 3.647659e-05 3.937701e-03
1206 1.501729e-04 9.255470e-03
1207 8.820346e-06 3.320650e-03
1208 3.055099e-04 1.664048e-02
1209 8.019312e-05 5.982863e-03
1210 7.639502e-05 5.379375e-03
1211 2.422706e-05 2.234693e-03
1212 1.715995e-05 2.502304e-03
1213 2.657841e-05 5.319766e-03
1214 5.123661e-05 6.163091e-03
1215 2.425968e-04 1.840592e-02
1216 8.413252e-06 4.003528e-03
1217 1.128136e-03 3.532463e-02
1218 3.799715e-05 4.371096e-03
1219 2.468118e-06 1.076081e-03
1220 1.800579e-05 2.831673e-03
1221 1.877250e-05 1.778704e-03
1222 1.230985e-03 2.604345e-02
1223 8.906265e-06 1.810441e-03
1224 1.193251e-05 1.558836e-03
1225 2.290689e-04 5.732290e-03
1226 8.541770e-06 2.115269e-03
1227 2.258758e-03 6.760999e-02
1228 2.942762e-05 2.786196e-03
1229 2.789146e-06 1.105955e-03
1230 6.140538e-06 2.048435e-03
1231 1.224204e-06 1.403088e-03
1232 3.451964e-06 1.894535e-03
1233 3.594546e-06 2.074865e-03
1234 1.761549e-05 2.509116e-03
1235 1.021579e-05 2.187947e-03
1236 1.021579e-05 2.187947e-03
1237 5.988819e-06 2.119878e-03
1238 1.702037e-05 2.279714e-03
1239 3.594546e-06 2.074865e-03
1240 1.683609e-03 9.351721e-02
1241 4.198436e-05 2.481171e-03
1242 9.199133e-06 2.171838e-03
1243 1.603910e-05 2.188819e-03
1244 3.594546e-06 2.074865e-03
1245 1.021579e-05 2.187947e-03
1246 6.049806e-06 2.063776e-03
1247 1.156179e-04 8.415913e-03
1248 1.882433e-04 2.112767e-02
1249 5.231314e-05 8.892952e-03
1250 1.322444e-04 1.036932e-02
1251 2.135718e-04 1.126661e-02
1252 1.448905e-04 1.277511e-02
1253 1.007211e-04 9.568199e-03
1254 1.033258e-04 4.794621e-03
1255 1.064092e-03 2.966526e-02
1256 4.877836e-05 3.169050e-03
1257 2.508983e-03 5.264995e-02
1258 3.639638e-04 1.073821e-02
1259 9.207669e-04 2.380015e-02
1260 1.442233e-04 6.756370e-03
1261 3.446060e-06 1.680384e-03
1262 2.412071e-04 1.135896e-02
1263 3.306399e-05 2.641954e-03
1264 3.141039e-04 1.117606e-02
1265 7.142068e-06 2.646846e-03
1266 3.597886e-05 4.432550e-03
1267 8.705636e-07 1.908813e-03
1268 5.269673e-05 2.964716e-03
1269 2.944555e-04 1.894477e-02
1270 1.288285e-04 7.684901e-03
1271 4.602415e-05 5.955600e-03
1272 7.347367e-06 2.755600e-03
1273 1.143065e-05 2.115956e-03
1274 8.720074e-05 1.132760e-02
1275 2.493452e-04 1.324725e-02
1276 3.201301e-04 2.090745e-02
1277 6.091602e-04 3.624599e-02
1278 2.265840e-04 2.923932e-02
1279 2.383380e-05 2.569251e-03
1280 2.885947e-05 6.519773e-03
1281 2.231593e-05 7.722584e-03
1282 3.396264e-05 9.636254e-03
1283 4.035690e-05 7.553760e-03
1284 2.522425e-04 1.970141e-02
1285 1.090034e-04 5.700434e-03
1286 2.509823e-04 1.599797e-02
1287 6.581546e-06 2.267619e-03
1288 4.128217e-04 2.688141e-02
1289 1.227721e-03 7.553096e-02
1290 3.115454e-06 1.477836e-03
1291 1.462738e-04 7.368602e-03
1292 1.806827e-05 2.921511e-03
1293 4.916968e-04 2.814196e-02
1294 6.752722e-06 2.135991e-03
1295 3.492099e-05 4.577872e-03
1296 2.164656e-05 4.760713e-03
1297 3.956045e-04 4.568975e-02
1298 1.037869e-04 3.893738e-02
1299 2.666702e-05 5.378339e-03
1300 1.590990e-03 5.108952e-02
1301 3.943141e-06 2.238658e-03
1302 1.665849e-05 2.055808e-03
1303 2.672380e-05 1.082801e-02
1304 1.786193e-04 1.137272e-02
1305 3.785345e-05 7.990080e-03
1306 3.332247e-05 7.651517e-03
1307 4.676487e-05 5.371544e-03
1308 2.055926e-05 8.557273e-03
1309 6.447728e-05 1.241665e-02
1310 2.790949e-04 2.657016e-02
1311 1.303870e-04 1.555817e-02
1312 6.407030e-04 2.649171e-02
1313 3.235585e-06 3.225386e-03
1314 3.815948e-05 5.671660e-03
1315 4.824781e-05 3.556055e-03
1316 9.302134e-06 4.653232e-03
1317 4.477692e-06 3.183056e-03
1318 1.299027e-06 1.811539e-03
1319 9.675682e-06 2.146161e-03
1320 5.058811e-06 4.116385e-03
1321 3.163366e-06 3.792260e-03
1322 1.781061e-06 1.451691e-03
1323 1.572371e-04 7.744558e-03
1324 8.424839e-06 1.516547e-03
1325 5.523296e-05 4.196313e-03
1326 2.022105e-05 2.860928e-03
1327 2.638025e-05 5.191160e-03
1328 3.546267e-05 2.529269e-03
1329 2.752739e-06 2.699319e-03
1330 4.735966e-05 3.128675e-03
1331 2.407631e-04 8.476942e-03
1332 5.727601e-04 2.995073e-02
1333 8.454890e-05 1.114343e-02
1334 1.171281e-04 1.646006e-02
1335 1.696917e-05 6.839983e-03
1336 2.492566e-05 5.707389e-03
1337 2.238445e-05 2.190084e-03
1338 2.101365e-05 4.671969e-03
1339 1.014919e-04 1.839747e-02
1340 1.765921e-05 8.047250e-03
1341 4.408801e-05 2.864357e-03
1342 2.461944e-06 1.497910e-03
1343 2.446742e-04 3.439339e-02
1344 6.070001e-06 4.444194e-03
1345 1.198753e-03 2.561197e-02
1346 9.400558e-05 1.617081e-02
1347 2.490516e-04 1.964698e-02
1348 1.297073e-04 9.871716e-03
1349 6.432423e-05 8.467256e-03
1350 1.997168e-04 5.163461e-02
1351 1.372704e-03 5.787721e-02
1352 2.493162e-04 1.442330e-02
1353 2.973172e-06 3.181195e-03
1354 1.650139e-05 2.563036e-03
1355 1.382753e-04 2.098812e-02
1356 5.818204e-06 4.192475e-03
1357 1.705981e-05 4.335463e-03
1358 3.319437e-04 1.588161e-02
1359 7.459102e-05 1.761112e-02
1360 2.940255e-06 1.557608e-03
1361 5.183587e-05 4.786744e-03
1362 1.069530e-05 2.333772e-03
1363 4.605642e-06 1.269049e-03
1364 2.595409e-06 1.126389e-03
1365 5.101476e-06 1.593051e-03
1366 2.863467e-05 5.985558e-03
1367 1.015577e-04 4.656251e-03
1368 1.575596e-05 2.211119e-03
1369 1.092995e-05 1.755217e-03
1370 8.920186e-07 1.067528e-03
1371 3.276580e-06 1.447107e-03
1372 5.214133e-07 1.026451e-03
1373 5.984239e-06 1.821905e-03
1374 1.189294e-05 2.856159e-03
1375 8.029925e-04 2.781450e-02
1376 1.361621e-05 1.677201e-03
1377 4.135237e-05 4.630085e-03
1378 8.873278e-05 5.809244e-03
1379 1.606325e-04 9.466028e-03
1380 3.035723e-04 1.944157e-02
1381 2.357241e-04 1.348306e-02
1382 1.374459e-05 1.578791e-03
1383 2.185732e-05 1.730402e-03
1384 5.954448e-04 3.818889e-02
1385 1.187847e-04 7.679213e-03
1386 3.584722e-04 1.420044e-02
1387 8.282951e-04 2.343893e-02
1388 8.521251e-04 3.107061e-02
1389 2.221607e-05 4.228838e-03
1390 3.034274e-04 2.176723e-02
1391 2.635008e-05 5.168932e-03
1392 7.448219e-05 1.300171e-02
1393 2.488597e-05 2.256598e-03
1394 2.844224e-05 6.356510e-03
1395 1.285599e-04 1.572454e-02
1396 2.554320e-05 2.801664e-03
1397 1.251122e-05 1.679272e-03
1398 1.771553e-04 1.406694e-02
1399 3.774226e-05 4.979345e-03
1400 2.380730e-05 2.153502e-03
1401 1.448750e-04 1.223566e-02
1402 2.387750e-05 2.237186e-03
1403 9.543439e-06 1.823785e-03
1404 2.697167e-04 1.483096e-02
1405 2.342375e-06 1.803425e-03
1406 8.669519e-06 4.711964e-03
1407 6.936146e-06 2.008184e-03
1408 2.318462e-06 2.110885e-03
1409 1.534314e-05 6.296348e-03
1410 1.098800e-04 4.570664e-03
1411 1.700138e-03 6.805589e-02
1412 5.768678e-04 2.591848e-02
1413 1.286972e-05 1.634855e-03
1414 5.272995e-04 2.347727e-02
1415 8.933351e-06 2.667037e-03
1416 1.543421e-05 2.111584e-03
1417 8.277623e-06 1.816480e-03
1418 2.505318e-05 2.240492e-03
1419 2.693384e-04 1.139277e-02
1420 2.874610e-04 1.650175e-02
1421 2.957489e-04 2.893332e-02
1422 4.859542e-05 6.579418e-03
1423 1.414356e-03 2.285942e-02
1424 1.073921e-04 6.976067e-03
1425 5.867970e-04 2.039236e-02
1426 1.065979e-03 1.968066e-02
1427 2.282169e-04 1.634417e-02
1428 7.389009e-06 1.300292e-03
1429 7.804707e-05 6.071759e-03
1430 2.929391e-04 9.855944e-03
1431 5.244600e-04 1.618303e-02
1432 6.942584e-05 6.717413e-03
1433 3.779427e-05 6.284382e-03
1434 1.432136e-04 2.543085e-02
1435 2.298700e-04 1.724839e-02
1436 1.844211e-03 2.927662e-02
1437 1.778324e-05 2.238270e-03
1438 1.836216e-05 2.209638e-03
1439 4.192478e-03 1.333668e-01
1440 2.647383e-04 1.096388e-02
1441 1.170471e-03 8.403170e-02
1442 6.455829e-06 1.957533e-03
1443 8.396701e-05 1.982765e-02
1444 8.902211e-05 2.414038e-02
1445 8.147263e-05 1.792819e-02
1446 2.456898e-05 4.886322e-03
1447 1.683247e-05 2.550890e-03
1448 1.542936e-05 6.724762e-03
1449 1.261808e-04 8.034241e-03
1450 4.472460e-05 8.285125e-03
1451 6.150080e-06 1.410719e-03
1452 6.129427e-05 8.468163e-03
1453 2.813336e-06 1.573325e-03
1454 3.976084e-05 1.046409e-02
1455 3.693324e-06 4.179406e-03
1456 1.553188e-05 4.660181e-03
1457 5.124350e-06 4.081920e-03
1458 5.694703e-07 2.797407e-03
1459 2.030426e-05 3.454970e-03
1460 3.935907e-06 4.189486e-03
1461 1.381087e-05 6.984229e-03
1462 7.180905e-06 7.024135e-03
1463 1.923312e-04 9.739298e-03
1464 2.738789e-03 6.731128e-02
1465 9.126596e-04 2.943721e-02
1466 1.705243e-03 6.455545e-02
1467 8.172496e-05 1.665269e-02
1468 1.580844e-03 3.635119e-02
1469 2.121649e-03 5.236928e-02
1470 1.240851e-04 3.821991e-03
1471 1.032012e-04 8.341704e-03
1472 5.169941e-04 1.118126e-02
1473 6.461331e-06 2.546723e-03
1474 3.720242e-05 1.145802e-02
1475 8.115298e-06 3.785235e-03
1476 8.474639e-06 3.389185e-03
1477 9.854327e-05 2.201679e-02
1478 1.320128e-04 1.631956e-02
1479 1.604895e-04 2.682472e-02
1480 4.907474e-04 2.117764e-02
1481 1.047239e-04 1.113077e-02
1482 1.490741e-04 2.779680e-02
1483 4.481015e-06 5.830775e-03
1484 5.103229e-06 4.585114e-03
1485 3.864847e-06 4.396519e-03
1486 2.791384e-04 1.679974e-02
1487 3.240487e-05 2.300147e-03
1488 4.395455e-05 5.153366e-03
1489 7.484368e-06 2.626366e-03
1490 2.204998e-05 3.146701e-03
1491 6.856027e-04 2.789603e-02
1492 1.534063e-05 4.350960e-03
1493 1.033349e-05 2.126294e-03
1494 8.563003e-05 7.603170e-03
1495 3.662753e-04 1.258583e-02
1496 7.930747e-06 1.351175e-03
1497 3.270813e-04 1.820008e-02
1498 2.256481e-03 4.495490e-02
1499 2.210349e-05 1.717834e-03
1500 8.135461e-05 4.380024e-03
1501 2.878370e-04 1.793308e-02
1502 3.863855e-04 9.192474e-03
1503 1.454726e-04 5.586884e-03
1504 1.750656e-03 3.378046e-02
1505 2.665449e-04 4.630209e-02
1506 1.104987e-05 1.239582e-03
1507 4.652979e-04 7.391239e-03
1508 4.729788e-03 1.410703e-01
1509 3.791722e-05 2.219534e-03
1510 1.246991e-05 2.957806e-03
1511 1.846801e-04 7.693446e-03
1512 1.353374e-06 9.771929e-04
1513 6.379250e-05 7.526829e-03
1514 2.214381e-05 3.844407e-03
1515 3.833599e-05 5.654235e-03
1516 3.161877e-04 1.804634e-02
1517 5.131908e-05 4.050222e-03
1518 7.281513e-04 3.975041e-02
1519 2.983145e-06 1.642634e-03
1520 2.425609e-04 8.081972e-03
1521 3.583955e-06 1.995030e-03
1522 1.409771e-05 3.657424e-03
1523 2.957202e-05 3.416203e-03
1524 4.287492e-04 1.599304e-02
1525 1.210997e-04 6.438808e-03
1526 9.342972e-05 9.791688e-03
1527 1.114129e-04 5.797403e-03
1528 4.641080e-05 5.027745e-03
1529 7.916420e-05 8.440604e-03
1530 6.188028e-05 3.657920e-03
1531 9.701819e-04 2.122965e-02
1532 4.522475e-05 5.980731e-03
1533 8.275456e-04 1.927549e-02
1534 7.536889e-04 5.623183e-02
1535 3.148626e-03 7.448887e-02
1536 2.864145e-03 8.467743e-02
1537 4.521668e-05 5.379334e-03
1538 1.661123e-03 1.347381e-01
1539 1.589660e-04 1.149615e-02
1540 1.727267e-04 4.087261e-02
1541 1.288339e-03 5.803774e-02
1542 1.395524e-03 5.858283e-02
1543 6.611348e-06 4.836130e-03
1544 5.470706e-05 1.166749e-02
1545 5.285416e-06 3.475110e-03
1546 4.048991e-05 5.048602e-03
1547 7.031569e-05 1.417124e-02
1548 2.573584e-04 3.394724e-02
1549 4.133662e-06 2.405478e-03
1550 1.023239e-04 5.936931e-03
1551 8.247199e-05 9.035307e-03
1552 2.649346e-06 1.143963e-03
1553 6.386187e-06 2.672534e-03
1554 9.071187e-04 3.629891e-02
1555 1.404715e-03 6.797105e-02
1556 2.340811e-04 1.268370e-02
1557 6.989766e-04 2.128040e-02
1558 1.803232e-03 6.217390e-02
1559 5.043542e-05 4.295414e-03
1560 7.240402e-06 3.336081e-03
1561 3.876161e-05 5.506756e-03
1562 3.237027e-05 1.114232e-02
1563 1.795318e-05 1.836890e-03
1564 1.613511e-05 6.403080e-03
1565 3.545326e-04 1.875700e-02
1566 1.835633e-04 6.633917e-03
1567 2.015168e-05 2.899634e-03
1568 1.472053e-05 1.904430e-03
1569 1.701178e-04 4.772845e-03
1570 2.470590e-04 1.100124e-02
1571 2.020448e-04 7.712544e-03
1572 3.465424e-06 1.834426e-03
1573 3.704700e-04 2.784686e-02
1574 2.628616e-05 3.528327e-03
1575 1.118970e-04 1.026790e-02
1576 1.133158e-04 1.043655e-02
1577 1.037451e-03 2.851558e-02
1578 6.950306e-06 6.030024e-03
1579 1.159262e-04 1.044795e-02
1580 1.695272e-06 2.453359e-03
1581 8.710703e-06 3.168746e-03
1582 3.847860e-05 4.508191e-03
1583 1.888353e-04 1.687865e-02
1584 1.711055e-05 5.300334e-03
1585 1.412430e-03 5.369280e-02
1586 1.704201e-03 7.342545e-02
1587 4.823700e-04 2.459735e-02
1588 2.212353e-04 1.552742e-02
1589 4.291323e-04 1.684374e-02
1590 9.987603e-04 5.536084e-02
1591 2.561710e-04 1.549448e-02
1592 2.567155e-04 1.131746e-02
1593 2.400285e-04 1.637756e-02
1594 2.514471e-04 9.867602e-03
1595 1.870432e-05 8.944452e-03
1596 2.923351e-04 6.170906e-03
1597 2.986039e-05 7.805415e-03
1598 2.293716e-04 1.745406e-02
1599 4.925550e-06 1.533041e-03
1600 3.125170e-04 2.383484e-02
1601 1.582346e-06 1.153884e-03
1602 6.346436e-04 2.375086e-02
1603 2.238273e-06 1.898519e-03
1604 1.526200e-05 2.149401e-03
1605 6.575181e-05 9.622363e-03
1606 2.365506e-06 2.900638e-03
1607 8.357863e-07 1.884145e-03
1608 2.044376e-06 1.757526e-03
1609 1.908953e-05 4.159486e-03
1610 1.211135e-04 1.132473e-02
1611 1.307678e-06 1.858030e-03
1612 3.921314e-06 1.838758e-03
1613 5.707983e-06 2.010877e-03
1614 2.201363e-05 4.364843e-03
1615 1.066436e-03 3.666224e-02
1616 3.772447e-04 1.699880e-02
1617 3.732705e-04 9.777788e-03
1618 5.143380e-04 1.586026e-02
1619 4.061560e-03 5.256845e-02
1620 4.175705e-05 7.353608e-03
1621 4.229886e-04 3.834917e-02
1622 1.748475e-05 2.812870e-03
1623 4.351720e-04 2.938221e-02
1624 2.094327e-05 4.329351e-03
1625 3.110737e-06 1.571466e-03
1626 4.418525e-05 6.975468e-03
1627 1.079748e-05 3.328548e-03
1628 5.007006e-06 1.867316e-03
1629 1.111235e-04 1.504375e-02
1630 4.539361e-06 1.564904e-03
1631 1.606664e-05 5.162088e-03
1632 4.568632e-05 7.946433e-03
1633 8.297250e-05 1.596137e-02
1634 2.367302e-03 7.942548e-02
1635 1.354312e-04 2.331305e-02
1636 3.320558e-03 2.322759e-01
1637 6.421628e-04 3.306713e-02
1638 1.228443e-04 8.766816e-03
1639 1.942411e-03 1.093860e-01
1640 2.784874e-04 1.135554e-02
1641 1.467873e-03 8.821362e-02
1642 4.208594e-04 2.523392e-02
1643 9.755622e-05 1.202013e-02
1644 2.873955e-04 3.973097e-02
1645 5.806707e-06 1.413669e-03
1646 2.406161e-05 1.996398e-03
1647 1.852697e-03 4.830887e-02
1648 1.633463e-05 4.293352e-03
1649 5.693865e-05 4.266151e-03
1650 4.116148e-04 1.932976e-02
1651 2.753309e-06 9.406658e-04
1652 1.738244e-03 5.676701e-02
1653 6.398655e-04 3.624545e-02
1654 9.622420e-06 2.438727e-03
1655 1.406984e-05 3.722798e-03
1656 5.430589e-06 3.493257e-03
1657 1.461830e-06 1.187922e-03
1658 1.055418e-05 2.330354e-03
1659 8.569097e-06 4.317912e-03
1660 8.594057e-07 1.979348e-03
1661 1.342871e-04 1.990657e-02
1662 3.266923e-05 7.477983e-03
1663 2.839130e-05 1.348960e-02
1664 4.796238e-06 6.677755e-03
1665 2.572571e-05 4.240640e-03
1666 8.931441e-05 1.281758e-02
1667 1.921455e-04 1.959928e-02
1668 8.019346e-06 1.526790e-03
1669 5.868933e-06 4.230484e-03
1670 1.643873e-05 7.162030e-03
1671 2.331884e-05 3.590838e-03
1672 2.106463e-04 2.311165e-02
1673 6.269048e-05 9.337313e-03
1674 9.877268e-06 2.279004e-03
1675 2.886430e-05 2.704571e-03
1676 5.035551e-06 1.269275e-03
1677 1.249682e-05 8.448206e-03
1678 6.280980e-04 5.697686e-02
1679 4.383827e-05 8.088872e-03
1680 4.742218e-05 7.840304e-03
1681 6.619926e-05 1.017744e-02
1682 1.567257e-05 4.584481e-03
1683 1.176760e-04 9.041621e-03
1684 1.508232e-05 4.371514e-03
1685 3.563893e-06 2.105362e-03
1686 1.592851e-05 1.077595e-02
1687 9.454117e-06 4.270368e-03
1688 2.637460e-06 1.079807e-03
1689 2.452761e-04 2.230776e-02
1690 7.680063e-05 7.703024e-03
1691 3.662844e-04 1.848828e-02
1692 1.456822e-03 9.379805e-02
1693 6.195878e-04 1.991380e-02
1694 3.372454e-04 3.693452e-02
1695 2.463535e-05 5.506389e-03
1696 7.003621e-06 2.467643e-03
1697 1.854002e-05 5.628450e-03
1698 2.488760e-04 1.680742e-02
1699 9.552044e-05 9.868244e-03
1700 2.732985e-05 4.810042e-03
1701 4.341907e-05 5.880247e-03
1702 1.162043e-05 5.499990e-03
1703 6.547215e-05 9.213128e-03
1704 3.755888e-05 4.675551e-03
1705 3.114737e-04 4.926840e-02
1706 1.463963e-04 1.004778e-02
1707 1.069157e-05 2.234117e-03
1708 1.023878e-06 2.030156e-03
1709 7.052120e-06 5.219888e-03
1710 1.793106e-06 1.348490e-03
1711 2.569698e-05 9.956309e-03
1712 3.328911e-05 3.485029e-03
1713 1.516086e-05 4.075777e-03
1714 1.733144e-05 5.399620e-03
1715 6.367209e-06 3.935573e-03
1716 1.360990e-05 5.838856e-03
1717 1.646384e-06 2.160422e-03
1718 1.045103e-04 1.507065e-02
1719 1.445637e-06 1.952161e-03
1720 1.590027e-05 3.597267e-03
1721 2.038834e-06 1.470417e-03
1722 5.434244e-05 8.018539e-03
1723 3.856917e-07 1.293958e-03
1724 6.936331e-07 1.397166e-03
1725 3.530686e-06 1.765269e-03
1726 2.004600e-04 3.081771e-02
1727 4.956718e-05 9.292479e-03
1728 6.381451e-06 2.359499e-03
1729 2.844661e-05 6.410792e-03
1730 1.385479e-05 4.002233e-03
1731 5.559800e-06 2.996683e-03
1732 1.164324e-04 1.370246e-02
1733 1.364018e-03 6.334730e-02
1734 1.266770e-03 4.135220e-02
1735 7.261304e-04 2.637008e-02
1736 1.032802e-04 6.066952e-03
1737 2.886872e-05 5.900642e-03
1738 4.165316e-04 6.248708e-02
1739 9.953281e-05 9.227815e-03
1740 6.458009e-05 9.004776e-03
1741 5.630601e-06 1.278347e-03
1742 9.145827e-06 1.359743e-03
1743 1.586463e-05 3.594946e-03
1744 2.361149e-06 1.985986e-03
1745 1.536173e-06 2.146034e-03
1746 2.798051e-05 5.313684e-03
1747 1.322446e-04 1.789938e-02
1748 5.899935e-05 4.213677e-03
1749 1.622695e-05 4.536790e-03
1750 3.744571e-05 5.468735e-03
1751 1.351111e-05 3.269206e-03
1752 7.413417e-05 4.497150e-03
1753 9.080560e-04 2.227907e-02
1754 1.735938e-03 3.677386e-02
1755 6.448708e-04 3.678846e-02
1756 7.950446e-05 1.340954e-02
1757 4.321221e-04 3.058746e-02
1758 1.364972e-03 9.426375e-02
1759 1.307343e-03 5.696972e-02
1760 4.266188e-04 4.259485e-02
1761 2.149234e-03 8.645758e-02
1762 1.152953e-03 6.444858e-02
1763 1.243319e-03 6.851852e-02
1764 1.298078e-04 1.677120e-02
1765 2.217521e-04 2.127203e-02
1766 1.325781e-03 8.314599e-02
1767 1.786487e-04 1.420310e-02
1768 1.876771e-04 1.636078e-02
1769 7.625810e-04 5.517743e-02
1770 4.566200e-04 3.938581e-02
1771 9.301277e-04 2.179293e-02
1772 2.652952e-06 4.259492e-03
1773 4.775160e-03 1.286858e-01
1774 9.113222e-04 2.854497e-02
1775 8.242638e-03 1.914938e-01
1776 2.613869e-04 1.612266e-02
1777 4.737107e-04 1.805660e-02
1778 2.264752e-03 4.001398e-02
1779 7.331576e-04 2.143267e-02
1780 2.732364e-04 1.297467e-02
1781 2.479810e-04 1.103405e-02
1782 1.966535e-04 1.691584e-02
1783 1.112893e-03 5.173415e-02
1784 5.968669e-04 2.610025e-02
1785 6.871243e-04 3.060889e-02
1786 3.822407e-05 4.112341e-03
1787 7.029434e-05 5.735128e-03
1788 7.541092e-04 7.437183e-02
1789 7.353586e-04 6.422771e-02
1790 7.956672e-05 1.068656e-02
1791 1.409912e-03 7.862395e-02
1792 2.152405e-04 3.184864e-02
1793 9.515884e-04 1.623794e-02
1794 1.186816e-04 7.235057e-03
1795 3.650415e-04 1.260106e-02
1796 1.639021e-03 4.016785e-02
1797 1.577322e-03 4.342649e-02
1798 5.343189e-04 2.996925e-02
1799 9.809489e-05 1.225897e-02
1800 1.021791e-03 5.053108e-02
1801 1.603638e-04 1.198109e-02
1802 5.188805e-04 3.097038e-02
1803 5.096431e-04 2.678858e-02
1804 7.896154e-04 3.295827e-02
1805 4.875279e-04 2.044430e-02
1806 9.165617e-04 3.213583e-02
1807 1.645641e-04 1.249333e-02
1808 1.368663e-03 4.934362e-02
1809 1.145241e-04 1.589064e-02
1810 1.420830e-05 8.493071e-03
1811 3.990267e-05 9.153318e-03
1812 9.978009e-05 9.812717e-03
1813 3.710455e-05 4.777223e-03
1814 2.649238e-04 1.521140e-02
1815 8.336958e-04 2.550415e-02
1816 2.136870e-04 8.243413e-03
1817 6.279117e-04 1.969126e-02
1818 5.204968e-04 2.771326e-02
1819 7.025282e-04 5.178683e-02
1820 2.089786e-04 2.286305e-02
1821 5.543922e-05 1.131289e-02
1822 2.502259e-04 1.191721e-02
1823 5.260377e-04 2.870191e-02
1824 1.072914e-04 1.440486e-02
1825 9.652858e-04 4.867434e-02
1826 1.200438e-04 2.141845e-02
1827 1.067282e-04 7.030911e-03
1828 1.009385e-04 9.410600e-03
1829 1.090531e-04 1.000635e-02
1830 3.119403e-03 7.716785e-02
1831 4.890532e-05 5.933199e-03
1832 1.387792e-04 2.076005e-02
1833 3.959332e-05 9.953837e-03
1834 9.590554e-05 8.310956e-03
1835 5.572692e-05 7.609339e-03
1836 1.531047e-05 4.936649e-03
1837 1.611987e-04 1.508116e-02
1838 1.602806e-04 1.333968e-02
1839 3.116965e-04 2.510677e-02
1840 5.618043e-04 2.632749e-02
1841 2.079564e-04 1.711332e-02
1842 1.602806e-04 1.333968e-02
1843 9.216745e-05 9.765354e-03
1844 1.846936e-04 1.277538e-02
1845 2.618513e-05 1.094808e-02
1846 1.277994e-05 6.404683e-03
1847 2.324494e-05 7.860812e-03
1848 2.533416e-05 1.075133e-02
1849 8.386462e-05 1.050640e-02
1850 8.225521e-05 6.363840e-03
1851 2.820544e-05 3.834660e-03
1852 4.774217e-06 3.933051e-03
1853 1.806244e-05 2.869674e-03
1854 1.046278e-04 1.152932e-02
1855 1.336845e-04 1.008391e-02
1856 2.074850e-04 2.046358e-02
1857 1.730295e-04 1.305135e-02
1858 2.513015e-04 1.421037e-02
1859 3.031870e-05 3.746960e-03
1860 1.658276e-04 1.824492e-02
1861 3.195627e-05 6.803778e-03
1862 6.170999e-05 6.247146e-03
1863 2.112979e-04 1.676476e-02
1864 5.009548e-04 2.451105e-02
1865 4.902261e-04 2.303933e-02
1866 4.767625e-04 1.789365e-02
1867 3.629864e-05 7.813023e-03
1868 3.595975e-05 8.996790e-03
1869 2.119010e-05 5.594056e-03
1870 6.739730e-05 1.112156e-02
1871 1.551201e-03 2.686665e-02
1872 1.461785e-03 4.224561e-02
1873 1.676530e-04 8.710200e-03
1874 9.533228e-04 2.068721e-02
1875 4.863087e-04 1.482297e-02
1876 3.000233e-05 4.891326e-03
1877 1.124262e-04 9.251480e-03
1878 1.976066e-05 5.929233e-03
1879 2.098155e-04 1.454223e-02
1880 1.031172e-04 9.061066e-03
1881 1.260535e-03 5.654270e-02
1882 2.272338e-04 3.302165e-02
1883 3.193229e-04 2.355711e-02
1884 2.811275e-04 1.664516e-02
1885 7.475692e-05 9.212665e-03
1886 1.948930e-04 1.841733e-02
1887 3.462806e-05 6.936167e-03
1888 1.868877e-04 1.258255e-02
1889 3.595254e-05 7.057957e-03
1890 1.037203e-05 5.231776e-03
1891 1.668966e-05 4.610524e-03
1892 1.900687e-05 5.193920e-03
1893 1.552332e-04 2.007881e-02
1894 2.242889e-04 2.311568e-02
1895 9.457633e-05 1.129547e-02
1896 1.717298e-05 4.533491e-03
1897 5.168499e-06 3.406594e-03
1898 1.712011e-05 2.824961e-03
1899 1.087422e-04 8.735437e-03
1900 2.441830e-04 1.030817e-02
1901 2.072855e-06 1.678075e-03
1902 5.482836e-04 1.943395e-02
1903 2.005649e-03 7.033902e-02
1904 2.463554e-04 9.233217e-03
1905 1.587515e-04 1.070884e-02
1906 2.568124e-03 1.153679e-01
1907 7.887242e-05 5.884151e-03
1908 7.887242e-05 5.884151e-03
1909 1.010691e-05 5.040684e-03
1910 2.595894e-04 1.093802e-02
1911 1.547837e-04 9.288140e-03
1912 2.414220e-04 2.154352e-02
1913 1.308482e-03 3.309208e-02
1914 2.893567e-04 1.970543e-02
1915 1.975809e-03 3.695166e-02
1916 4.436070e-04 2.345377e-02
1917 6.639872e-04 1.929799e-02
1918 2.947078e-04 1.916994e-02
1919 1.292359e-03 6.975932e-02
1920 4.103097e-04 2.366809e-02
1921 2.912783e-04 1.722149e-02
1922 1.536421e-03 4.662552e-02
1923 5.564885e-04 2.127515e-02
1924 1.679904e-03 6.036060e-02
1925 6.463134e-04 2.000364e-02
1926 2.156303e-04 1.184693e-02
1927 3.919351e-04 1.645901e-02
1928 1.499702e-03 4.545251e-02
1929 4.627138e-04 1.885489e-02
1930 5.348855e-05 4.085159e-03
1931 1.368411e-04 2.673857e-02
1932 1.573334e-04 2.135892e-02
1933 7.592447e-05 7.387869e-03
1934 1.737403e-05 6.371247e-03
1935 3.234877e-04 2.442430e-02
1936 6.374661e-05 1.141781e-02
1937 9.343076e-05 8.049627e-03
1938 1.633879e-04 1.445204e-02
1939 3.222029e-04 1.939171e-02
1940 9.316629e-04 4.191324e-02
1941 4.133471e-05 4.913789e-03
1942 8.702481e-04 2.579967e-02
1943 5.502205e-04 3.282064e-02
1944 2.047643e-04 1.509606e-02
1945 8.109542e-05 7.202003e-03
1946 1.281252e-03 5.801609e-02
1947 1.682707e-04 1.355376e-02
1948 1.383497e-04 1.309277e-02
1949 1.580592e-03 4.522429e-02
1950 1.616080e-04 7.951501e-03
1951 3.319878e-04 2.070712e-02
1952 6.772019e-04 1.666509e-02
1953 1.212839e-04 1.476063e-02
1954 5.504151e-05 6.642333e-03
1955 2.385542e-03 9.340565e-02
1956 1.632603e-03 9.821111e-02
1957 2.637774e-03 1.214258e-01
1958 1.203507e-03 4.914565e-02
1959 3.100772e-05 6.673616e-03
1960 4.590476e-05 6.632558e-03
1961 7.743477e-06 2.829597e-03
1962 1.558823e-05 5.413920e-03
1963 3.785499e-06 1.958607e-03
1964 1.254278e-05 3.171184e-03
1965 1.521105e-04 9.444818e-03
1966 8.621870e-05 8.531932e-03
1967 7.275374e-04 2.352713e-02
1968 7.606599e-05 6.917288e-03
1969 1.660303e-04 1.226320e-02
1970 9.284455e-06 8.767572e-03
1971 1.904227e-04 1.693458e-02
1972 4.414508e-05 6.192128e-03
1973 5.423788e-04 3.415593e-02
1974 4.435466e-04 1.649663e-02
1975 2.467038e-04 1.232183e-02
1976 2.778456e-04 1.142424e-02
1977 1.268066e-03 2.446146e-02
1978 3.900041e-04 1.295996e-02
1979 4.250022e-04 1.280497e-02
1980 9.571997e-05 7.366042e-03
1981 9.354415e-05 8.966255e-03
1982 6.137101e-04 4.044120e-02
1983 2.873194e-03 8.015370e-02
1984 1.001545e-03 4.876692e-02
1985 8.486714e-04 7.486950e-02
1986 4.128141e-04 3.269816e-02
1987 2.424922e-03 1.357655e-01
1988 1.443764e-04 2.446808e-02
1989 5.207498e-04 3.284074e-02
1990 6.595313e-04 5.964370e-02
1991 1.403230e-04 9.432505e-03
1992 9.215819e-05 1.385184e-02
1993 3.008302e-04 1.848521e-02
1994 1.773020e-04 1.198293e-02
1995 2.992815e-04 1.107743e-02
1996 5.707639e-05 8.684638e-03
1997 2.914126e-04 2.243633e-02
1998 5.981348e-04 3.414199e-02
1999 5.713034e-04 3.988225e-02
2000 1.459928e-04 1.572925e-02
