2 4.706683e-04 7.206683e-04
3 1.701327e-04 4.201327e-04
4 1.701327e-04 4.201327e-04
5 4.706683e-04 7.206683e-04
6 1.701327e-04 4.201327e-04
7 4.706683e-04 7.206683e-04
8 4.706683e-04 7.206683e-04
9 4.706683e-04 7.206683e-04
10 1.701327e-04 4.201327e-04
11 1.701327e-04 4.201327e-04
12 1.701327e-04 4.201327e-04
13 1.701327e-04 4.201327e-04
14 1.701327e-04 4.201327e-04
15 4.706683e-04 7.206683e-04
16 4.706683e-04 7.206683e-04
17 1.701327e-04 4.201327e-04
18 4.706683e-04 7.206683e-04
19 1.701327e-04 4.201327e-04
20 4.706683e-04 7.206683e-04
21 4.706683e-04 7.206683e-04
22 1.701327e-04 4.201327e-04
23 4.706683e-04 7.206683e-04
24 4.706683e-04 7.206683e-04
25 1.701327e-04 4.201327e-04
26 4.706683e-04 7.206683e-04
27 1.701327e-04 4.201327e-04
28 1.701327e-04 4.201327e-04
29 4.706683e-04 7.206683e-04
30 1.701327e-04 4.201327e-04
31 4.706683e-04 7.206683e-04
32 4.706683e-04 7.206683e-04
33 1.701327e-04 4.201327e-04
34 1.701327e-04 4.201327e-04
35 1.701327e-04 4.201327e-04
36 1.701327e-04 4.201327e-04
37 4.706683e-04 7.206683e-04
38 1.701327e-04 4.201327e-04
39 4.706683e-04 7.206683e-04
40 4.706683e-04 7.206683e-04
41 1.701327e-04 4.201327e-04
42 4.706683e-04 7.206683e-04
43 4.706683e-04 7.206683e-04
44 1.701327e-04 4.201327e-04
45 1.701327e-04 4.201327e-04
46 1.701327e-04 4.201327e-04
47 1.701327e-04 4.201327e-04
48 1.701327e-04 4.201327e-04
49 1.701327e-04 4.201327e-04
50 1.701327e-04 4.201327e-04
51 1.701327e-04 4.201327e-04
52 1.701327e-04 4.201327e-04
53 1.701327e-04 4.201327e-04
54 1.701327e-04 4.201327e-04
55 1.701327e-04 4.201327e-04
56 1.701327e-04 4.201327e-04
57 1.701327e-04 4.201327e-04
58 1.701327e-04 4.201327e-04
59 1.701327e-04 4.201327e-04
60 1.701327e-04 4.201327e-04
61 1.701327e-04 4.201327e-04
62 1.701327e-04 4.201327e-04
63 1.701327e-04 4.201327e-04
64 1.701327e-04 4.201327e-04
65 1.701327e-04 4.201327e-04
66 1.701327e-04 4.201327e-04
67 1.701327e-04 4.201327e-04
68 1.701327e-04 4.201327e-04
69 1.701327e-04 4.201327e-04
70 1.701327e-04 4.201327e-04
71 1.701327e-04 4.201327e-04
72 1.701327e-04 4.201327e-04
73 1.701327e-04 4.201327e-04
74 1.701327e-04 4.201327e-04
75 1.701327e-04 4.201327e-04
76 1.701327e-04 4.201327e-04
77 1.701327e-04 4.201327e-04
78 1.701327e-04 4.201327e-04
79 1.701327e-04 4.201327e-04
80 1.701327e-04 4.201327e-04
81 1.701327e-04 4.201327e-04
82 1.701327e-04 4.201327e-04
83 1.701327e-04 4.201327e-04
84 1.701327e-04 4.201327e-04
85 1.701327e-04 4.201327e-04
86 1.701327e-04 4.201327e-04
87 1.701327e-04 4.201327e-04
88 1.701327e-04 4.201327e-04
89 1.701327e-04 4.201327e-04
90 1.701327e-04 4.201327e-04
91 1.701327e-04 4.201327e-04
92 1.701327e-04 4.201327e-04
93 1.701327e-04 4.201327e-04
94 1.701327e-04 4.201327e-04
95 1.701327e-04 4.201327e-04
96 1.701327e-04 4.201327e-04
97 1.701327e-04 4.201327e-04
98 1.701327e-04 4.201327e-04
99 4.706683e-04 7.206683e-04
100 1.701327e-04 4.201327e-04
101 1.701327e-04 4.201327e-04
102 1.701327e-04 4.201327e-04
103 1.701327e-04 4.201327e-04
104 1.701327e-04 4.201327e-04
105 1.701327e-04 4.201327e-04
106 1.701327e-04 4.201327e-04
107 1.701327e-04 4.201327e-04
108 1.701327e-04 4.201327e-04
109 1.701327e-04 4.201327e-04
110 1.701327e-04 4.201327e-04
111 1.701327e-04 4.201327e-04
112 4.706683e-04 7.206683e-04
113 4.706683e-04 7.206683e-04
114 1.701327e-04 4.201327e-04
115 4.706683e-04 7.206683e-04
116 4.706683e-04 7.206683e-04
117 1.701327e-04 4.201327e-04
118 1.701327e-04 4.201327e-04
119 4.706683e-04 7.206683e-04
120 4.706683e-04 7.206683e-04
121 1.701327e-04 4.201327e-04
122 1.701327e-04 4.201327e-04
123 1.701327e-04 4.201327e-04
124 1.701327e-04 4.201327e-04
125 1.701327e-04 4.201327e-04
126 1.701327e-04 4.201327e-04
127 1.701327e-04 4.201327e-04
128 1.701327e-04 4.201327e-04
129 1.701327e-04 4.201327e-04
130 1.701327e-04 4.201327e-04
131 1.701327e-04 4.201327e-04
132 1.701327e-04 4.201327e-04
133 1.701327e-04 4.201327e-04
134 1.701327e-04 4.201327e-04
135 1.701327e-04 4.201327e-04
136 1.701327e-04 4.201327e-04
137 1.701327e-04 4.201327e-04
138 1.701327e-04 4.201327e-04
139 1.701327e-04 4.201327e-04
140 1.701327e-04 4.201327e-04
141 1.701327e-04 4.201327e-04
142 1.701327e-04 4.201327e-04
143 1.701327e-04 4.201327e-04
144 1.701327e-04 4.201327e-04
145 1.701327e-04 4.201327e-04
146 1.701327e-04 4.201327e-04
147 1.701327e-04 4.201327e-04
148 1.701327e-04 4.201327e-04
149 1.701327e-04 4.201327e-04
150 1.701327e-04 4.201327e-04
151 1.701327e-04 4.201327e-04
152 1.701327e-04 4.201327e-04
153 1.701327e-04 4.201327e-04
154 1.701327e-04 4.201327e-04
155 1.701327e-04 4.201327e-04
156 1.701327e-04 4.201327e-04
157 1.701327e-04 4.201327e-04
158 1.701327e-04 4.201327e-04
159 1.701327e-04 4.201327e-04
160 1.701327e-04 4.201327e-04
161 1.701327e-04 4.201327e-04
162 1.701327e-04 4.201327e-04
163 1.701327e-04 4.201327e-04
164 1.701327e-04 4.201327e-04
165 1.701327e-04 4.201327e-04
166 1.701327e-04 4.201327e-04
167 1.701327e-04 4.201327e-04
168 1.701327e-04 4.201327e-04
169 1.701327e-04 4.201327e-04
170 1.701327e-04 4.201327e-04
171 1.701327e-04 4.201327e-04
172 1.701327e-04 4.201327e-04
173 1.701327e-04 4.201327e-04
174 1.701327e-04 4.201327e-04
175 1.701327e-04 4.201327e-04
176 1.701327e-04 4.201327e-04
177 1.701327e-04 4.201327e-04
178 1.701327e-04 4.201327e-04
179 1.701327e-04 4.201327e-04
180 1.701327e-04 4.201327e-04
181 4.706683e-04 7.206683e-04
182 1.701327e-04 4.201327e-04
183 1.701327e-04 4.201327e-04
184 1.701327e-04 4.201327e-04
185 1.701327e-04 4.201327e-04
186 1.701327e-04 4.201327e-04
187 1.701327e-04 4.201327e-04
188 1.701327e-04 4.201327e-04
189 1.701327e-04 4.201327e-04
190 1.701327e-04 4.201327e-04
191 1.701327e-04 4.201327e-04
192 1.701327e-04 4.201327e-04
193 1.701327e-04 4.201327e-04
194 1.701327e-04 4.201327e-04
195 1.701327e-04 4.201327e-04
196 1.701327e-04 4.201327e-04
197 1.701327e-04 4.201327e-04
198 1.701327e-04 4.201327e-04
199 1.701327e-04 4.201327e-04
200 1.701327e-04 4.201327e-04
201 1.701327e-04 4.201327e-04
202 1.701327e-04 4.201327e-04
203 1.701327e-04 4.201327e-04
204 1.701327e-04 4.201327e-04
205 1.701327e-04 4.201327e-04
206 1.701327e-04 4.201327e-04
207 1.701327e-04 4.201327e-04
208 1.701327e-04 4.201327e-04
209 1.701327e-04 4.201327e-04
210 1.701327e-04 4.201327e-04
211 1.701327e-04 4.201327e-04
212 1.701327e-04 4.201327e-04
213 1.701327e-04 4.201327e-04
214 1.701327e-04 4.201327e-04
215 1.701327e-04 4.201327e-04
216 1.701327e-04 4.201327e-04
217 1.701327e-04 4.201327e-04
218 1.701327e-04 4.201327e-04
219 1.701327e-04 4.201327e-04
220 1.701327e-04 4.201327e-04
221 1.701327e-04 4.201327e-04
222 1.701327e-04 4.201327e-04
223 1.701327e-04 4.201327e-04
224 1.701327e-04 4.201327e-04
225 1.701327e-04 4.201327e-04
226 1.701327e-04 4.201327e-04
227 1.701327e-04 4.201327e-04
228 1.701327e-04 4.201327e-04
229 1.701327e-04 4.201327e-04
230 1.701327e-04 4.201327e-04
231 1.701327e-04 4.201327e-04
232 1.701327e-04 4.201327e-04
233 4.706683e-04 7.206683e-04
234 1.701327e-04 4.201327e-04
235 1.701327e-04 4.201327e-04
236 1.701327e-04 4.201327e-04
237 1.701327e-04 4.201327e-04
238 1.701327e-04 4.201327e-04
239 1.701327e-04 4.201327e-04
240 1.701327e-04 4.201327e-04
241 4.706683e-04 7.206683e-04
242 1.701327e-04 4.201327e-04
243 1.701327e-04 4.201327e-04
244 1.701327e-04 4.201327e-04
245 1.701327e-04 4.201327e-04
246 1.701327e-04 4.201327e-04
247 1.701327e-04 4.201327e-04
248 1.701327e-04 4.201327e-04
249 1.701327e-04 4.201327e-04
250 1.701327e-04 4.201327e-04
251 1.701327e-04 4.201327e-04
252 1.701327e-04 4.201327e-04
253 1.701327e-04 4.201327e-04
254 1.701327e-04 4.201327e-04
255 1.701327e-04 4.201327e-04
256 1.701327e-04 4.201327e-04
257 1.701327e-04 4.201327e-04
258 1.701327e-04 4.201327e-04
259 1.701327e-04 4.201327e-04
260 1.701327e-04 4.201327e-04
261 1.701327e-04 4.201327e-04
262 1.701327e-04 4.201327e-04
263 1.701327e-04 4.201327e-04
264 1.701327e-04 4.201327e-04
265 1.701327e-04 4.201327e-04
266 1.701327e-04 4.201327e-04
267 1.701327e-04 4.201327e-04
268 1.701327e-04 4.201327e-04
269 1.701327e-04 4.201327e-04
270 1.701327e-04 4.201327e-04
271 1.701327e-04 4.201327e-04
272 1.701327e-04 4.201327e-04
273 1.701327e-04 4.201327e-04
274 1.701327e-04 4.201327e-04
275 4.706683e-04 7.206683e-04
276 1.701327e-04 4.201327e-04
277 1.701327e-04 4.201327e-04
278 1.701327e-04 4.201327e-04
279 1.701327e-04 4.201327e-04
280 1.701327e-04 4.201327e-04
281 1.701327e-04 4.201327e-04
282 1.701327e-04 4.201327e-04
283 1.701327e-04 4.201327e-04
284 1.701327e-04 4.201327e-04
285 1.701327e-04 4.201327e-04
286 1.701327e-04 4.201327e-04
287 1.701327e-04 4.201327e-04
288 1.701327e-04 4.201327e-04
289 1.701327e-04 4.201327e-04
290 1.701327e-04 4.201327e-04
291 1.701327e-04 4.201327e-04
292 1.701327e-04 4.201327e-04
293 1.701327e-04 4.201327e-04
294 1.701327e-04 4.201327e-04
295 4.706683e-04 7.206683e-04
296 1.701327e-04 4.201327e-04
297 1.701327e-04 4.201327e-04
298 1.701327e-04 4.201327e-04
299 1.701327e-04 4.201327e-04
300 1.701327e-04 4.201327e-04
301 1.701327e-04 4.201327e-04
302 1.701327e-04 4.201327e-04
303 1.701327e-04 4.201327e-04
304 1.701327e-04 4.201327e-04
305 1.701327e-04 4.201327e-04
306 1.701327e-04 4.201327e-04
307 1.701327e-04 4.201327e-04
308 1.701327e-04 4.201327e-04
309 1.701327e-04 4.201327e-04
310 1.701327e-04 4.201327e-04
311 1.701327e-04 4.201327e-04
312 1.701327e-04 4.201327e-04
313 1.701327e-04 4.201327e-04
314 1.701327e-04 4.201327e-04
315 1.701327e-04 4.201327e-04
316 1.701327e-04 4.201327e-04
317 1.701327e-04 4.201327e-04
318 1.701327e-04 4.201327e-04
319 1.701327e-04 4.201327e-04
320 1.701327e-04 4.201327e-04
321 1.701327e-04 4.201327e-04
322 1.701327e-04 4.201327e-04
323 1.701327e-04 4.201327e-04
324 1.701327e-04 4.201327e-04
325 1.701327e-04 4.201327e-04
326 1.701327e-04 4.201327e-04
327 1.701327e-04 4.201327e-04
328 1.701327e-04 4.201327e-04
329 1.701327e-04 4.201327e-04
330 1.701327e-04 4.201327e-04
331 1.701327e-04 4.201327e-04
332 1.701327e-04 4.201327e-04
333 1.701327e-04 4.201327e-04
334 1.701327e-04 4.201327e-04
335 1.701327e-04 4.201327e-04
336 1.701327e-04 4.201327e-04
337 1.701327e-04 4.201327e-04
338 1.701327e-04 4.201327e-04
339 1.701327e-04 4.201327e-04
340 1.701327e-04 4.201327e-04
341 1.701327e-04 4.201327e-04
342 1.701327e-04 4.201327e-04
343 1.701327e-04 4.201327e-04
344 1.701327e-04 4.201327e-04
345 4.706683e-04 7.206683e-04
346 1.701327e-04 4.201327e-04
347 1.701327e-04 4.201327e-04
348 1.701327e-04 4.201327e-04
349 1.701327e-04 4.201327e-04
350 1.701327e-04 4.201327e-04
351 4.706683e-04 7.206683e-04
352 1.701327e-04 4.201327e-04
353 1.701327e-04 4.201327e-04
354 1.701327e-04 4.201327e-04
355 1.701327e-04 4.201327e-04
356 1.701327e-04 4.201327e-04
357 1.701327e-04 4.201327e-04
358 1.701327e-04 4.201327e-04
359 1.701327e-04 4.201327e-04
360 1.701327e-04 4.201327e-04
361 1.701327e-04 4.201327e-04
362 4.706683e-04 7.206683e-04
363 1.701327e-04 4.201327e-04
364 1.701327e-04 4.201327e-04
365 4.706683e-04 7.206683e-04
366 1.701327e-04 4.201327e-04
367 1.701327e-04 4.201327e-04
368 1.701327e-04 4.201327e-04
369 1.701327e-04 4.201327e-04
370 1.701327e-04 4.201327e-04
371 1.701327e-04 4.201327e-04
372 1.701327e-04 4.201327e-04
373 1.701327e-04 4.201327e-04
374 1.701327e-04 4.201327e-04
375 1.701327e-04 4.201327e-04
376 1.701327e-04 4.201327e-04
377 1.701327e-04 4.201327e-04
378 1.701327e-04 4.201327e-04
379 1.701327e-04 4.201327e-04
380 1.701327e-04 4.201327e-04
381 1.701327e-04 4.201327e-04
382 1.701327e-04 4.201327e-04
383 1.701327e-04 4.201327e-04
384 1.701327e-04 4.201327e-04
385 1.701327e-04 4.201327e-04
386 1.701327e-04 4.201327e-04
387 1.701327e-04 4.201327e-04
388 1.701327e-04 4.201327e-04
389 1.701327e-04 4.201327e-04
390 1.701327e-04 4.201327e-04
391 1.701327e-04 4.201327e-04
392 1.701327e-04 4.201327e-04
393 1.701327e-04 4.201327e-04
394 4.706683e-04 7.206683e-04
395 1.701327e-04 4.201327e-04
396 1.701327e-04 4.201327e-04
397 1.701327e-04 4.201327e-04
398 1.701327e-04 4.201327e-04
399 1.701327e-04 4.201327e-04
400 1.701327e-04 4.201327e-04
401 1.701327e-04 4.201327e-04
402 4.706683e-04 7.206683e-04
403 1.701327e-04 4.201327e-04
404 4.706683e-04 7.206683e-04
405 1.701327e-04 4.201327e-04
406 1.701327e-04 4.201327e-04
407 1.701327e-04 4.201327e-04
408 1.701327e-04 4.201327e-04
409 4.706683e-04 7.206683e-04
410 1.701327e-04 4.201327e-04
411 1.701327e-04 4.201327e-04
412 1.701327e-04 4.201327e-04
413 1.701327e-04 4.201327e-04
414 1.701327e-04 4.201327e-04
415 1.701327e-04 4.201327e-04
416 4.706683e-04 7.206683e-04
417 1.701327e-04 4.201327e-04
418 1.701327e-04 4.201327e-04
419 1.701327e-04 4.201327e-04
420 1.701327e-04 4.201327e-04
421 1.701327e-04 4.201327e-04
422 1.701327e-04 4.201327e-04
423 1.701327e-04 4.201327e-04
424 1.701327e-04 4.201327e-04
425 1.701327e-04 4.201327e-04
426 1.701327e-04 4.201327e-04
427 1.701327e-04 4.201327e-04
428 1.701327e-04 4.201327e-04
429 4.706683e-04 7.206683e-04
430 1.701327e-04 4.201327e-04
431 1.701327e-04 4.201327e-04
432 4.706683e-04 7.206683e-04
433 1.701327e-04 4.201327e-04
434 1.701327e-04 4.201327e-04
435 1.701327e-04 4.201327e-04
436 1.701327e-04 4.201327e-04
437 4.706683e-04 7.206683e-04
438 1.701327e-04 4.201327e-04
439 1.701327e-04 4.201327e-04
440 1.701327e-04 4.201327e-04
441 1.701327e-04 4.201327e-04
442 1.701327e-04 4.201327e-04
443 1.701327e-04 4.201327e-04
444 1.701327e-04 4.201327e-04
445 1.701327e-04 4.201327e-04
446 1.701327e-04 4.201327e-04
447 1.701327e-04 4.201327e-04
448 1.701327e-04 4.201327e-04
449 1.701327e-04 4.201327e-04
450 1.701327e-04 4.201327e-04
451 1.701327e-04 4.201327e-04
452 1.701327e-04 4.201327e-04
453 1.701327e-04 4.201327e-04
454 1.701327e-04 4.201327e-04
455 1.701327e-04 4.201327e-04
456 1.701327e-04 4.201327e-04
457 1.701327e-04 4.201327e-04
458 1.701327e-04 4.201327e-04
459 1.701327e-04 4.201327e-04
460 1.701327e-04 4.201327e-04
461 1.701327e-04 4.201327e-04
462 1.701327e-04 4.201327e-04
463 1.701327e-04 4.201327e-04
464 1.701327e-04 4.201327e-04
465 1.701327e-04 4.201327e-04
466 1.701327e-04 4.201327e-04
467 1.701327e-04 4.201327e-04
468 1.701327e-04 4.201327e-04
469 1.701327e-04 4.201327e-04
470 1.701327e-04 4.201327e-04
471 1.701327e-04 4.201327e-04
472 1.701327e-04 4.201327e-04
473 1.701327e-04 4.201327e-04
474 1.701327e-04 4.201327e-04
475 1.701327e-04 4.201327e-04
476 1.701327e-04 4.201327e-04
477 1.701327e-04 4.201327e-04
478 1.701327e-04 4.201327e-04
479 1.701327e-04 4.201327e-04
480 1.701327e-04 4.201327e-04
481 1.701327e-04 4.201327e-04
482 1.701327e-04 4.201327e-04
483 1.701327e-04 4.201327e-04
484 1.701327e-04 4.201327e-04
485 1.701327e-04 4.201327e-04
486 1.701327e-04 4.201327e-04
487 1.701327e-04 4.201327e-04
488 1.701327e-04 4.201327e-04
489 1.701327e-04 4.201327e-04
490 1.701327e-04 4.201327e-04
491 1.701327e-04 4.201327e-04
492 1.701327e-04 4.201327e-04
493 1.701327e-04 4.201327e-04
494 1.701327e-04 4.201327e-04
495 1.701327e-04 4.201327e-04
496 1.701327e-04 4.201327e-04
497 1.701327e-04 4.201327e-04
498 1.701327e-04 4.201327e-04
499 1.701327e-04 4.201327e-04
500 1.701327e-04 4.201327e-04
501 1.701327e-04 4.201327e-04
502 4.706683e-04 7.206683e-04
503 1.701327e-04 4.201327e-04
504 1.701327e-04 4.201327e-04
505 1.701327e-04 4.201327e-04
506 4.706683e-04 7.206683e-04
507 1.701327e-04 4.201327e-04
508 1.701327e-04 4.201327e-04
509 1.701327e-04 4.201327e-04
510 1.701327e-04 4.201327e-04
511 1.701327e-04 4.201327e-04
512 1.701327e-04 4.201327e-04
513 1.701327e-04 4.201327e-04
514 1.701327e-04 4.201327e-04
515 1.701327e-04 4.201327e-04
516 1.701327e-04 4.201327e-04
517 1.701327e-04 4.201327e-04
518 1.701327e-04 4.201327e-04
519 1.701327e-04 4.201327e-04
520 1.701327e-04 4.201327e-04
521 1.701327e-04 4.201327e-04
522 1.701327e-04 4.201327e-04
523 1.701327e-04 4.201327e-04
524 1.701327e-04 4.201327e-04
525 4.706683e-04 7.206683e-04
526 1.701327e-04 4.201327e-04
527 1.701327e-04 4.201327e-04
528 1.701327e-04 4.201327e-04
529 1.701327e-04 4.201327e-04
530 1.701327e-04 4.201327e-04
531 1.701327e-04 4.201327e-04
532 1.701327e-04 4.201327e-04
533 1.701327e-04 4.201327e-04
534 1.701327e-04 4.201327e-04
535 1.701327e-04 4.201327e-04
536 1.701327e-04 4.201327e-04
537 1.701327e-04 4.201327e-04
538 1.701327e-04 4.201327e-04
539 1.701327e-04 4.201327e-04
540 1.701327e-04 4.201327e-04
541 1.701327e-04 4.201327e-04
542 1.701327e-04 4.201327e-04
543 1.701327e-04 4.201327e-04
544 1.701327e-04 4.201327e-04
545 1.701327e-04 4.201327e-04
546 1.701327e-04 4.201327e-04
547 1.701327e-04 4.201327e-04
548 1.701327e-04 4.201327e-04
549 1.701327e-04 4.201327e-04
550 1.701327e-04 4.201327e-04
551 1.701327e-04 4.201327e-04
552 1.701327e-04 4.201327e-04
553 1.701327e-04 4.201327e-04
554 1.701327e-04 4.201327e-04
555 1.701327e-04 4.201327e-04
556 1.701327e-04 4.201327e-04
557 1.701327e-04 4.201327e-04
558 1.701327e-04 4.201327e-04
559 1.701327e-04 4.201327e-04
560 1.701327e-04 4.201327e-04
561 4.706683e-04 7.206683e-04
562 1.701327e-04 4.201327e-04
563 4.706683e-04 7.206683e-04
564 1.701327e-04 4.201327e-04
565 1.701327e-04 4.201327e-04
566 1.701327e-04 4.201327e-04
567 1.701327e-04 4.201327e-04
568 1.701327e-04 4.201327e-04
569 1.701327e-04 4.201327e-04
570 1.701327e-04 4.201327e-04
571 1.701327e-04 4.201327e-04
572 4.706683e-04 7.206683e-04
573 1.701327e-04 4.201327e-04
574 1.701327e-04 4.201327e-04
575 1.701327e-04 4.201327e-04
576 1.701327e-04 4.201327e-04
577 1.701327e-04 4.201327e-04
578 1.701327e-04 4.201327e-04
579 1.701327e-04 4.201327e-04
580 1.701327e-04 4.201327e-04
581 1.701327e-04 4.201327e-04
582 1.701327e-04 4.201327e-04
583 4.706683e-04 7.206683e-04
584 1.701327e-04 4.201327e-04
585 1.701327e-04 4.201327e-04
586 1.701327e-04 4.201327e-04
587 1.701327e-04 4.201327e-04
588 1.701327e-04 4.201327e-04
589 1.701327e-04 4.201327e-04
590 1.701327e-04 4.201327e-04
591 1.701327e-04 4.201327e-04
592 1.701327e-04 4.201327e-04
593 1.701327e-04 4.201327e-04
594 1.701327e-04 4.201327e-04
595 1.701327e-04 4.201327e-04
596 1.701327e-04 4.201327e-04
597 1.701327e-04 4.201327e-04
598 4.706683e-04 7.206683e-04
599 4.706683e-04 7.206683e-04
600 1.701327e-04 4.201327e-04
601 1.701327e-04 4.201327e-04
602 1.701327e-04 4.201327e-04
603 1.701327e-04 4.201327e-04
604 1.701327e-04 4.201327e-04
605 1.701327e-04 4.201327e-04
606 1.701327e-04 4.201327e-04
607 1.701327e-04 4.201327e-04
608 1.701327e-04 4.201327e-04
609 1.701327e-04 4.201327e-04
610 1.701327e-04 4.201327e-04
611 1.701327e-04 4.201327e-04
612 1.701327e-04 4.201327e-04
613 1.701327e-04 4.201327e-04
614 1.701327e-04 4.201327e-04
615 1.701327e-04 4.201327e-04
616 1.701327e-04 4.201327e-04
617 1.701327e-04 4.201327e-04
618 1.701327e-04 4.201327e-04
619 1.701327e-04 4.201327e-04
620 1.701327e-04 4.201327e-04
621 1.701327e-04 4.201327e-04
622 1.701327e-04 4.201327e-04
623 1.701327e-04 4.201327e-04
624 1.701327e-04 4.201327e-04
625 1.701327e-04 4.201327e-04
626 1.701327e-04 4.201327e-04
627 1.701327e-04 4.201327e-04
628 1.701327e-04 4.201327e-04
629 1.701327e-04 4.201327e-04
630 1.701327e-04 4.201327e-04
631 1.701327e-04 4.201327e-04
632 1.701327e-04 4.201327e-04
633 1.701327e-04 4.201327e-04
634 1.701327e-04 4.201327e-04
635 1.701327e-04 4.201327e-04
636 1.701327e-04 4.201327e-04
637 1.701327e-04 4.201327e-04
638 1.701327e-04 4.201327e-04
639 1.701327e-04 4.201327e-04
640 1.701327e-04 4.201327e-04
641 1.701327e-04 4.201327e-04
642 1.701327e-04 4.201327e-04
643 1.701327e-04 4.201327e-04
644 1.701327e-04 4.201327e-04
645 1.701327e-04 4.201327e-04
646 1.701327e-04 4.201327e-04
647 1.701327e-04 4.201327e-04
648 1.701327e-04 4.201327e-04
649 1.701327e-04 4.201327e-04
650 1.701327e-04 4.201327e-04
651 1.701327e-04 4.201327e-04
652 1.701327e-04 4.201327e-04
653 1.701327e-04 4.201327e-04
654 1.701327e-04 4.201327e-04
655 1.701327e-04 4.201327e-04
656 1.701327e-04 4.201327e-04
657 1.701327e-04 4.201327e-04
658 1.701327e-04 4.201327e-04
659 1.701327e-04 4.201327e-04
660 1.701327e-04 4.201327e-04
661 1.701327e-04 4.201327e-04
662 1.701327e-04 4.201327e-04
663 1.701327e-04 4.201327e-04
664 1.701327e-04 4.201327e-04
665 1.701327e-04 4.201327e-04
666 1.701327e-04 4.201327e-04
667 1.701327e-04 4.201327e-04
668 1.701327e-04 4.201327e-04
669 1.701327e-04 4.201327e-04
670 1.701327e-04 4.201327e-04
671 1.701327e-04 4.201327e-04
672 1.701327e-04 4.201327e-04
673 1.701327e-04 4.201327e-04
674 1.701327e-04 4.201327e-04
675 1.701327e-04 4.201327e-04
676 1.701327e-04 4.201327e-04
677 1.701327e-04 4.201327e-04
678 1.701327e-04 4.201327e-04
679 1.701327e-04 4.201327e-04
680 1.701327e-04 4.201327e-04
681 1.701327e-04 4.201327e-04
682 1.701327e-04 4.201327e-04
683 1.701327e-04 4.201327e-04
684 1.701327e-04 4.201327e-04
685 1.701327e-04 4.201327e-04
686 1.701327e-04 4.201327e-04
687 4.706683e-04 7.206683e-04
688 1.701327e-04 4.201327e-04
689 1.701327e-04 4.201327e-04
690 1.701327e-04 4.201327e-04
691 1.701327e-04 4.201327e-04
692 1.701327e-04 4.201327e-04
693 1.701327e-04 4.201327e-04
694 1.701327e-04 4.201327e-04
695 1.701327e-04 4.201327e-04
696 1.701327e-04 4.201327e-04
697 1.701327e-04 4.201327e-04
698 1.701327e-04 4.201327e-04
699 1.701327e-04 4.201327e-04
700 1.701327e-04 4.201327e-04
701 1.701327e-04 4.201327e-04
702 1.701327e-04 4.201327e-04
703 1.701327e-04 4.201327e-04
704 1.701327e-04 4.201327e-04
705 1.701327e-04 4.201327e-04
706 1.701327e-04 4.201327e-04
707 1.701327e-04 4.201327e-04
708 1.701327e-04 4.201327e-04
709 1.701327e-04 4.201327e-04
710 1.701327e-04 4.201327e-04
711 1.701327e-04 4.201327e-04
712 1.701327e-04 4.201327e-04
713 1.701327e-04 4.201327e-04
714 1.701327e-04 4.201327e-04
715 1.701327e-04 4.201327e-04
716 1.701327e-04 4.201327e-04
717 1.701327e-04 4.201327e-04
718 1.701327e-04 4.201327e-04
719 4.706683e-04 7.206683e-04
720 1.701327e-04 4.201327e-04
721 1.701327e-04 4.201327e-04
722 1.701327e-04 4.201327e-04
723 1.701327e-04 4.201327e-04
724 1.701327e-04 4.201327e-04
725 1.701327e-04 4.201327e-04
726 1.701327e-04 4.201327e-04
727 4.706683e-04 7.206683e-04
728 1.701327e-04 4.201327e-04
729 4.706683e-04 7.206683e-04
730 1.701327e-04 4.201327e-04
731 4.706683e-04 7.206683e-04
732 1.701327e-04 4.201327e-04
733 1.701327e-04 4.201327e-04
734 1.701327e-04 4.201327e-04
735 1.701327e-04 4.201327e-04
736 1.701327e-04 4.201327e-04
737 1.701327e-04 4.201327e-04
738 1.701327e-04 4.201327e-04
739 1.701327e-04 4.201327e-04
740 1.701327e-04 4.201327e-04
741 1.701327e-04 4.201327e-04
742 1.701327e-04 4.201327e-04
743 1.701327e-04 4.201327e-04
744 1.701327e-04 4.201327e-04
745 1.701327e-04 4.201327e-04
746 1.701327e-04 4.201327e-04
747 1.701327e-04 4.201327e-04
748 1.701327e-04 4.201327e-04
749 1.701327e-04 4.201327e-04
750 1.701327e-04 4.201327e-04
751 1.701327e-04 4.201327e-04
752 1.701327e-04 4.201327e-04
753 1.701327e-04 4.201327e-04
754 1.701327e-04 4.201327e-04
755 1.701327e-04 4.201327e-04
756 1.701327e-04 4.201327e-04
757 1.701327e-04 4.201327e-04
758 1.701327e-04 4.201327e-04
759 1.701327e-04 4.201327e-04
760 1.701327e-04 4.201327e-04
761 1.701327e-04 4.201327e-04
762 1.701327e-04 4.201327e-04
763 1.701327e-04 4.201327e-04
764 1.701327e-04 4.201327e-04
765 4.706683e-04 7.206683e-04
766 1.701327e-04 4.201327e-04
767 1.701327e-04 4.201327e-04
768 1.701327e-04 4.201327e-04
769 1.701327e-04 4.201327e-04
770 1.701327e-04 4.201327e-04
771 1.701327e-04 4.201327e-04
772 1.701327e-04 4.201327e-04
773 4.706683e-04 7.206683e-04
774 1.701327e-04 4.201327e-04
775 1.701327e-04 4.201327e-04
776 1.701327e-04 4.201327e-04
777 1.701327e-04 4.201327e-04
778 1.701327e-04 4.201327e-04
779 1.701327e-04 4.201327e-04
780 1.701327e-04 4.201327e-04
781 1.701327e-04 4.201327e-04
782 1.701327e-04 4.201327e-04
783 1.701327e-04 4.201327e-04
784 4.706683e-04 7.206683e-04
785 1.701327e-04 4.201327e-04
786 1.701327e-04 4.201327e-04
787 1.701327e-04 4.201327e-04
788 1.701327e-04 4.201327e-04
789 1.701327e-04 4.201327e-04
790 1.701327e-04 4.201327e-04
791 1.701327e-04 4.201327e-04
792 1.701327e-04 4.201327e-04
793 1.701327e-04 4.201327e-04
794 1.701327e-04 4.201327e-04
795 4.706683e-04 7.206683e-04
796 1.701327e-04 4.201327e-04
797 1.701327e-04 4.201327e-04
798 1.701327e-04 4.201327e-04
799 1.701327e-04 4.201327e-04
800 1.701327e-04 4.201327e-04
801 1.701327e-04 4.201327e-04
802 1.701327e-04 4.201327e-04
803 1.701327e-04 4.201327e-04
804 1.701327e-04 4.201327e-04
805 1.701327e-04 4.201327e-04
806 1.701327e-04 4.201327e-04
807 1.701327e-04 4.201327e-04
808 1.701327e-04 4.201327e-04
809 1.701327e-04 4.201327e-04
810 1.701327e-04 4.201327e-04
811 1.701327e-04 4.201327e-04
812 1.701327e-04 4.201327e-04
813 1.701327e-04 4.201327e-04
814 1.701327e-04 4.201327e-04
815 1.701327e-04 4.201327e-04
816 1.701327e-04 4.201327e-04
817 1.701327e-04 4.201327e-04
818 1.701327e-04 4.201327e-04
819 4.706683e-04 7.206683e-04
820 1.701327e-04 4.201327e-04
821 1.701327e-04 4.201327e-04
822 1.701327e-04 4.201327e-04
823 1.701327e-04 4.201327e-04
824 1.701327e-04 4.201327e-04
825 1.701327e-04 4.201327e-04
826 1.701327e-04 4.201327e-04
827 1.701327e-04 4.201327e-04
828 1.701327e-04 4.201327e-04
829 1.701327e-04 4.201327e-04
830 1.701327e-04 4.201327e-04
831 1.701327e-04 4.201327e-04
832 1.701327e-04 4.201327e-04
833 1.701327e-04 4.201327e-04
834 1.701327e-04 4.201327e-04
835 1.701327e-04 4.201327e-04
836 1.701327e-04 4.201327e-04
837 1.701327e-04 4.201327e-04
838 1.701327e-04 4.201327e-04
839 1.701327e-04 4.201327e-04
840 1.701327e-04 4.201327e-04
841 1.701327e-04 4.201327e-04
842 4.706683e-04 7.206683e-04
843 1.701327e-04 4.201327e-04
844 1.701327e-04 4.201327e-04
845 1.701327e-04 4.201327e-04
846 1.701327e-04 4.201327e-04
847 1.701327e-04 4.201327e-04
848 1.701327e-04 4.201327e-04
849 1.701327e-04 4.201327e-04
850 4.706683e-04 7.206683e-04
851 1.701327e-04 4.201327e-04
852 4.706683e-04 7.206683e-04
853 1.701327e-04 4.201327e-04
854 1.701327e-04 4.201327e-04
855 4.706683e-04 7.206683e-04
856 1.701327e-04 4.201327e-04
857 1.701327e-04 4.201327e-04
858 4.706683e-04 7.206683e-04
859 1.701327e-04 4.201327e-04
860 1.701327e-04 4.201327e-04
861 1.701327e-04 4.201327e-04
862 1.701327e-04 4.201327e-04
863 1.701327e-04 4.201327e-04
864 1.701327e-04 4.201327e-04
865 4.706683e-04 7.206683e-04
866 1.701327e-04 4.201327e-04
867 4.706683e-04 7.206683e-04
868 1.701327e-04 4.201327e-04
869 1.701327e-04 4.201327e-04
870 1.701327e-04 4.201327e-04
871 1.701327e-04 4.201327e-04
872 4.706683e-04 7.206683e-04
873 4.706683e-04 7.206683e-04
874 4.706683e-04 7.206683e-04
875 1.701327e-04 4.201327e-04
876 1.701327e-04 4.201327e-04
877 1.701327e-04 4.201327e-04
878 4.706683e-04 7.206683e-04
879 1.701327e-04 4.201327e-04
880 1.701327e-04 4.201327e-04
881 1.701327e-04 4.201327e-04
882 4.706683e-04 7.206683e-04
883 1.701327e-04 4.201327e-04
884 1.701327e-04 4.201327e-04
885 1.701327e-04 4.201327e-04
886 1.701327e-04 4.201327e-04
887 1.701327e-04 4.201327e-04
888 4.706683e-04 7.206683e-04
889 1.701327e-04 4.201327e-04
890 1.701327e-04 4.201327e-04
891 4.706683e-04 7.206683e-04
892 1.701327e-04 4.201327e-04
893 1.701327e-04 4.201327e-04
894 1.701327e-04 4.201327e-04
895 4.706683e-04 7.206683e-04
896 1.701327e-04 4.201327e-04
897 1.701327e-04 4.201327e-04
898 1.701327e-04 4.201327e-04
899 1.701327e-04 4.201327e-04
900 1.701327e-04 4.201327e-04
901 1.701327e-04 4.201327e-04
902 1.701327e-04 4.201327e-04
903 1.701327e-04 4.201327e-04
904 4.706683e-04 7.206683e-04
905 1.701327e-04 4.201327e-04
906 1.701327e-04 4.201327e-04
907 1.701327e-04 4.201327e-04
908 4.706683e-04 7.206683e-04
909 1.701327e-04 4.201327e-04
910 1.701327e-04 4.201327e-04
911 1.701327e-04 4.201327e-04
912 1.701327e-04 4.201327e-04
913 1.701327e-04 4.201327e-04
914 1.701327e-04 4.201327e-04
915 1.701327e-04 4.201327e-04
916 1.701327e-04 4.201327e-04
917 1.701327e-04 4.201327e-04
918 1.701327e-04 4.201327e-04
919 4.706683e-04 7.206683e-04
920 4.706683e-04 7.206683e-04
921 1.701327e-04 4.201327e-04
922 1.701327e-04 4.201327e-04
923 1.701327e-04 4.201327e-04
924 1.701327e-04 4.201327e-04
925 4.706683e-04 7.206683e-04
926 1.701327e-04 4.201327e-04
927 4.706683e-04 7.206683e-04
928 4.706683e-04 7.206683e-04
929 1.701327e-04 4.201327e-04
930 4.706683e-04 7.206683e-04
931 4.706683e-04 7.206683e-04
932 1.701327e-04 4.201327e-04
933 1.701327e-04 4.201327e-04
934 1.701327e-04 4.201327e-04
935 1.701327e-04 4.201327e-04
936 4.706683e-04 7.206683e-04
937 4.706683e-04 7.206683e-04
938 1.701327e-04 4.201327e-04
939 1.701327e-04 4.201327e-04
940 4.706683e-04 7.206683e-04
941 1.701327e-04 4.201327e-04
942 1.701327e-04 4.201327e-04
943 4.706683e-04 7.206683e-04
944 1.701327e-04 4.201327e-04
945 1.701327e-04 4.201327e-04
946 1.701327e-04 4.201327e-04
947 4.706683e-04 7.206683e-04
948 1.701327e-04 4.201327e-04
949 1.701327e-04 4.201327e-04
950 1.701327e-04 4.201327e-04
951 4.706683e-04 7.206683e-04
952 1.701327e-04 4.201327e-04
953 1.701327e-04 4.201327e-04
954 4.706683e-04 7.206683e-04
955 1.701327e-04 4.201327e-04
956 1.701327e-04 4.201327e-04
957 4.706683e-04 7.206683e-04
958 1.701327e-04 4.201327e-04
959 1.701327e-04 4.201327e-04
960 1.701327e-04 4.201327e-04
961 1.701327e-04 4.201327e-04
962 1.701327e-04 4.201327e-04
963 1.701327e-04 4.201327e-04
964 1.701327e-04 4.201327e-04
965 1.701327e-04 4.201327e-04
966 1.701327e-04 4.201327e-04
967 1.701327e-04 4.201327e-04
968 1.701327e-04 4.201327e-04
969 1.701327e-04 4.201327e-04
970 1.701327e-04 4.201327e-04
971 1.701327e-04 4.201327e-04
972 1.701327e-04 4.201327e-04
973 1.701327e-04 4.201327e-04
974 1.701327e-04 4.201327e-04
975 1.701327e-04 4.201327e-04
976 1.701327e-04 4.201327e-04
977 1.701327e-04 4.201327e-04
978 1.701327e-04 4.201327e-04
979 1.701327e-04 4.201327e-04
980 1.701327e-04 4.201327e-04
981 1.701327e-04 4.201327e-04
982 1.701327e-04 4.201327e-04
983 1.701327e-04 4.201327e-04
984 1.701327e-04 4.201327e-04
985 1.701327e-04 4.201327e-04
986 1.701327e-04 4.201327e-04
987 1.701327e-04 4.201327e-04
988 1.701327e-04 4.201327e-04
989 1.701327e-04 4.201327e-04
990 1.701327e-04 4.201327e-04
991 1.701327e-04 4.201327e-04
992 1.701327e-04 4.201327e-04
993 1.701327e-04 4.201327e-04
994 1.701327e-04 4.201327e-04
995 1.701327e-04 4.201327e-04
996 1.701327e-04 4.201327e-04
997 1.701327e-04 4.201327e-04
998 4.706683e-04 7.206683e-04
999 4.706683e-04 7.206683e-04
1000 1.701327e-04 4.201327e-04
1001 1.701327e-04 4.201327e-04
1002 1.701327e-04 4.201327e-04
1003 1.701327e-04 4.201327e-04
1004 1.701327e-04 4.201327e-04
1005 1.701327e-04 4.201327e-04
1006 1.701327e-04 4.201327e-04
1007 1.701327e-04 4.201327e-04
1008 1.701327e-04 4.201327e-04
1009 1.701327e-04 4.201327e-04
1010 1.701327e-04 4.201327e-04
1011 4.706683e-04 7.206683e-04
1012 1.701327e-04 4.201327e-04
1013 1.701327e-04 4.201327e-04
1014 1.701327e-04 4.201327e-04
1015 1.701327e-04 4.201327e-04
1016 1.701327e-04 4.201327e-04
1017 1.701327e-04 4.201327e-04
1018 1.701327e-04 4.201327e-04
1019 1.701327e-04 4.201327e-04
1020 1.701327e-04 4.201327e-04
1021 1.701327e-04 4.201327e-04
1022 1.701327e-04 4.201327e-04
1023 1.701327e-04 4.201327e-04
1024 1.701327e-04 4.201327e-04
1025 1.701327e-04 4.201327e-04
1026 1.701327e-04 4.201327e-04
1027 4.706683e-04 7.206683e-04
1028 4.706683e-04 7.206683e-04
1029 1.701327e-04 4.201327e-04
1030 4.706683e-04 7.206683e-04
1031 1.701327e-04 4.201327e-04
1032 1.701327e-04 4.201327e-04
1033 1.701327e-04 4.201327e-04
1034 1.701327e-04 4.201327e-04
1035 1.701327e-04 4.201327e-04
1036 1.701327e-04 4.201327e-04
1037 1.701327e-04 4.201327e-04
1038 1.701327e-04 4.201327e-04
1039 1.701327e-04 4.201327e-04
1040 1.701327e-04 4.201327e-04
1041 1.701327e-04 4.201327e-04
1042 1.701327e-04 4.201327e-04
1043 1.701327e-04 4.201327e-04
1044 1.701327e-04 4.201327e-04
1045 1.701327e-04 4.201327e-04
1046 1.701327e-04 4.201327e-04
1047 1.701327e-04 4.201327e-04
1048 1.701327e-04 4.201327e-04
1049 1.701327e-04 4.201327e-04
1050 1.701327e-04 4.201327e-04
1051 1.701327e-04 4.201327e-04
1052 1.701327e-04 4.201327e-04
1053 1.701327e-04 4.201327e-04
1054 1.701327e-04 4.201327e-04
1055 1.701327e-04 4.201327e-04
1056 1.701327e-04 4.201327e-04
1057 1.701327e-04 4.201327e-04
1058 1.701327e-04 4.201327e-04
1059 1.701327e-04 4.201327e-04
1060 1.701327e-04 4.201327e-04
1061 1.701327e-04 4.201327e-04
1062 1.701327e-04 4.201327e-04
1063 1.701327e-04 4.201327e-04
1064 1.701327e-04 4.201327e-04
1065 1.701327e-04 4.201327e-04
1066 1.701327e-04 4.201327e-04
1067 1.701327e-04 4.201327e-04
1068 1.701327e-04 4.201327e-04
1069 1.701327e-04 4.201327e-04
1070 1.701327e-04 4.201327e-04
1071 1.701327e-04 4.201327e-04
1072 1.701327e-04 4.201327e-04
1073 1.701327e-04 4.201327e-04
1074 1.701327e-04 4.201327e-04
1075 1.701327e-04 4.201327e-04
1076 1.701327e-04 4.201327e-04
1077 1.701327e-04 4.201327e-04
1078 1.701327e-04 4.201327e-04
1079 1.701327e-04 4.201327e-04
1080 1.701327e-04 4.201327e-04
1081 4.706683e-04 7.206683e-04
1082 1.701327e-04 4.201327e-04
1083 1.701327e-04 4.201327e-04
1084 1.701327e-04 4.201327e-04
1085 1.701327e-04 4.201327e-04
1086 1.701327e-04 4.201327e-04
1087 1.701327e-04 4.201327e-04
1088 1.701327e-04 4.201327e-04
1089 1.701327e-04 4.201327e-04
1090 1.701327e-04 4.201327e-04
1091 1.701327e-04 4.201327e-04
1092 1.701327e-04 4.201327e-04
1093 1.701327e-04 4.201327e-04
1094 1.701327e-04 4.201327e-04
1095 1.701327e-04 4.201327e-04
1096 1.701327e-04 4.201327e-04
1097 1.701327e-04 4.201327e-04
1098 1.701327e-04 4.201327e-04
1099 1.701327e-04 4.201327e-04
1100 1.701327e-04 4.201327e-04
1101 1.701327e-04 4.201327e-04
1102 1.701327e-04 4.201327e-04
1103 1.701327e-04 4.201327e-04
1104 4.706683e-04 7.206683e-04
1105 1.701327e-04 4.201327e-04
1106 1.701327e-04 4.201327e-04
1107 1.701327e-04 4.201327e-04
1108 1.701327e-04 4.201327e-04
1109 1.701327e-04 4.201327e-04
1110 1.701327e-04 4.201327e-04
1111 1.701327e-04 4.201327e-04
1112 1.701327e-04 4.201327e-04
1113 1.701327e-04 4.201327e-04
1114 1.701327e-04 4.201327e-04
1115 1.701327e-04 4.201327e-04
1116 1.701327e-04 4.201327e-04
1117 1.701327e-04 4.201327e-04
1118 1.701327e-04 4.201327e-04
1119 1.701327e-04 4.201327e-04
1120 1.701327e-04 4.201327e-04
1121 1.701327e-04 4.201327e-04
1122 1.701327e-04 4.201327e-04
1123 1.701327e-04 4.201327e-04
1124 1.701327e-04 4.201327e-04
1125 1.701327e-04 4.201327e-04
1126 1.701327e-04 4.201327e-04
1127 1.701327e-04 4.201327e-04
1128 1.701327e-04 4.201327e-04
1129 1.701327e-04 4.201327e-04
1130 1.701327e-04 4.201327e-04
1131 1.701327e-04 4.201327e-04
1132 1.701327e-04 4.201327e-04
1133 1.701327e-04 4.201327e-04
1134 4.706683e-04 7.206683e-04
1135 1.701327e-04 4.201327e-04
1136 1.701327e-04 4.201327e-04
1137 1.701327e-04 4.201327e-04
1138 1.701327e-04 4.201327e-04
1139 1.701327e-04 4.201327e-04
1140 1.701327e-04 4.201327e-04
1141 1.701327e-04 4.201327e-04
1142 1.701327e-04 4.201327e-04
1143 1.701327e-04 4.201327e-04
1144 1.701327e-04 4.201327e-04
1145 1.701327e-04 4.201327e-04
1146 4.706683e-04 7.206683e-04
1147 4.706683e-04 7.206683e-04
1148 1.701327e-04 4.201327e-04
1149 1.701327e-04 4.201327e-04
1150 1.701327e-04 4.201327e-04
1151 1.701327e-04 4.201327e-04
1152 1.701327e-04 4.201327e-04
1153 1.701327e-04 4.201327e-04
1154 1.701327e-04 4.201327e-04
1155 1.701327e-04 4.201327e-04
1156 1.701327e-04 4.201327e-04
1157 1.701327e-04 4.201327e-04
1158 1.701327e-04 4.201327e-04
1159 1.701327e-04 4.201327e-04
1160 1.701327e-04 4.201327e-04
1161 1.701327e-04 4.201327e-04
1162 1.701327e-04 4.201327e-04
1163 1.701327e-04 4.201327e-04
1164 1.701327e-04 4.201327e-04
1165 4.706683e-04 7.206683e-04
1166 1.701327e-04 4.201327e-04
1167 1.701327e-04 4.201327e-04
1168 1.701327e-04 4.201327e-04
1169 1.701327e-04 4.201327e-04
1170 1.701327e-04 4.201327e-04
1171 1.701327e-04 4.201327e-04
1172 1.701327e-04 4.201327e-04
1173 1.701327e-04 4.201327e-04
1174 1.701327e-04 4.201327e-04
1175 1.701327e-04 4.201327e-04
1176 1.701327e-04 4.201327e-04
1177 1.701327e-04 4.201327e-04
1178 1.701327e-04 4.201327e-04
1179 1.701327e-04 4.201327e-04
1180 1.701327e-04 4.201327e-04
1181 1.701327e-04 4.201327e-04
1182 1.701327e-04 4.201327e-04
1183 1.701327e-04 4.201327e-04
1184 4.706683e-04 7.206683e-04
1185 1.701327e-04 4.201327e-04
1186 4.706683e-04 7.206683e-04
1187 1.701327e-04 4.201327e-04
1188 1.701327e-04 4.201327e-04
1189 1.701327e-04 4.201327e-04
1190 1.701327e-04 4.201327e-04
1191 1.701327e-04 4.201327e-04
1192 1.701327e-04 4.201327e-04
1193 1.701327e-04 4.201327e-04
1194 1.701327e-04 4.201327e-04
1195 1.701327e-04 4.201327e-04
1196 1.701327e-04 4.201327e-04
1197 1.701327e-04 4.201327e-04
1198 1.701327e-04 4.201327e-04
1199 1.701327e-04 4.201327e-04
1200 4.706683e-04 7.206683e-04
1201 1.701327e-04 4.201327e-04
1202 1.701327e-04 4.201327e-04
1203 1.701327e-04 4.201327e-04
1204 1.701327e-04 4.201327e-04
1205 1.701327e-04 4.201327e-04
1206 1.701327e-04 4.201327e-04
1207 1.701327e-04 4.201327e-04
1208 1.701327e-04 4.201327e-04
1209 1.701327e-04 4.201327e-04
1210 4.706683e-04 7.206683e-04
1211 1.701327e-04 4.201327e-04
1212 1.701327e-04 4.201327e-04
1213 1.701327e-04 4.201327e-04
1214 1.701327e-04 4.201327e-04
1215 1.701327e-04 4.201327e-04
1216 1.701327e-04 4.201327e-04
1217 1.701327e-04 4.201327e-04
1218 1.701327e-04 4.201327e-04
1219 1.701327e-04 4.201327e-04
1220 1.701327e-04 4.201327e-04
1221 1.701327e-04 4.201327e-04
1222 1.701327e-04 4.201327e-04
1223 1.701327e-04 4.201327e-04
1224 1.701327e-04 4.201327e-04
1225 1.701327e-04 4.201327e-04
1226 1.701327e-04 4.201327e-04
1227 1.701327e-04 4.201327e-04
1228 1.701327e-04 4.201327e-04
1229 1.701327e-04 4.201327e-04
1230 1.701327e-04 4.201327e-04
1231 1.701327e-04 4.201327e-04
1232 1.701327e-04 4.201327e-04
1233 1.701327e-04 4.201327e-04
1234 1.701327e-04 4.201327e-04
1235 4.706683e-04 7.206683e-04
1236 1.701327e-04 4.201327e-04
1237 1.701327e-04 4.201327e-04
1238 1.701327e-04 4.201327e-04
1239 1.701327e-04 4.201327e-04
1240 1.701327e-04 4.201327e-04
1241 1.701327e-04 4.201327e-04
1242 4.706683e-04 7.206683e-04
1243 1.701327e-04 4.201327e-04
1244 1.701327e-04 4.201327e-04
1245 1.701327e-04 4.201327e-04
1246 1.701327e-04 4.201327e-04
1247 1.701327e-04 4.201327e-04
1248 4.706683e-04 7.206683e-04
1249 1.701327e-04 4.201327e-04
1250 1.701327e-04 4.201327e-04
1251 1.701327e-04 4.201327e-04
1252 1.701327e-04 4.201327e-04
1253 1.701327e-04 4.201327e-04
1254 1.701327e-04 4.201327e-04
1255 1.701327e-04 4.201327e-04
1256 1.701327e-04 4.201327e-04
1257 1.701327e-04 4.201327e-04
1258 1.701327e-04 4.201327e-04
1259 1.701327e-04 4.201327e-04
1260 1.701327e-04 4.201327e-04
1261 1.701327e-04 4.201327e-04
1262 1.701327e-04 4.201327e-04
1263 1.701327e-04 4.201327e-04
1264 1.701327e-04 4.201327e-04
1265 1.701327e-04 4.201327e-04
1266 1.701327e-04 4.201327e-04
1267 1.701327e-04 4.201327e-04
1268 1.701327e-04 4.201327e-04
1269 1.701327e-04 4.201327e-04
1270 4.706683e-04 7.206683e-04
1271 1.701327e-04 4.201327e-04
1272 1.701327e-04 4.201327e-04
1273 1.701327e-04 4.201327e-04
1274 1.701327e-04 4.201327e-04
1275 4.706683e-04 7.206683e-04
1276 1.701327e-04 4.201327e-04
1277 1.701327e-04 4.201327e-04
1278 1.701327e-04 4.201327e-04
1279 1.701327e-04 4.201327e-04
1280 1.701327e-04 4.201327e-04
1281 1.701327e-04 4.201327e-04
1282 1.701327e-04 4.201327e-04
1283 1.701327e-04 4.201327e-04
1284 1.701327e-04 4.201327e-04
1285 1.701327e-04 4.201327e-04
1286 1.701327e-04 4.201327e-04
1287 1.701327e-04 4.201327e-04
1288 1.701327e-04 4.201327e-04
1289 4.706683e-04 7.206683e-04
1290 4.706683e-04 7.206683e-04
1291 1.701327e-04 4.201327e-04
1292 1.701327e-04 4.201327e-04
1293 1.701327e-04 4.201327e-04
1294 1.701327e-04 4.201327e-04
1295 1.701327e-04 4.201327e-04
1296 1.701327e-04 4.201327e-04
1297 1.701327e-04 4.201327e-04
1298 1.701327e-04 4.201327e-04
1299 1.701327e-04 4.201327e-04
1300 1.701327e-04 4.201327e-04
1301 1.701327e-04 4.201327e-04
1302 4.706683e-04 7.206683e-04
1303 1.701327e-04 4.201327e-04
1304 1.701327e-04 4.201327e-04
1305 1.701327e-04 4.201327e-04
1306 1.701327e-04 4.201327e-04
1307 1.701327e-04 4.201327e-04
1308 1.701327e-04 4.201327e-04
1309 4.706683e-04 7.206683e-04
1310 1.701327e-04 4.201327e-04
1311 1.701327e-04 4.201327e-04
1312 1.701327e-04 4.201327e-04
1313 1.701327e-04 4.201327e-04
1314 1.701327e-04 4.201327e-04
1315 1.701327e-04 4.201327e-04
1316 1.701327e-04 4.201327e-04
1317 1.701327e-04 4.201327e-04
1318 1.701327e-04 4.201327e-04
1319 4.706683e-04 7.206683e-04
1320 1.701327e-04 4.201327e-04
1321 1.701327e-04 4.201327e-04
1322 1.701327e-04 4.201327e-04
1323 1.701327e-04 4.201327e-04
1324 1.701327e-04 4.201327e-04
1325 1.701327e-04 4.201327e-04
1326 1.701327e-04 4.201327e-04
1327 1.701327e-04 4.201327e-04
1328 1.701327e-04 4.201327e-04
1329 1.701327e-04 4.201327e-04
1330 1.701327e-04 4.201327e-04
1331 1.701327e-04 4.201327e-04
1332 1.701327e-04 4.201327e-04
1333 1.701327e-04 4.201327e-04
1334 1.701327e-04 4.201327e-04
1335 4.706683e-04 7.206683e-04
1336 1.701327e-04 4.201327e-04
1337 1.701327e-04 4.201327e-04
1338 1.701327e-04 4.201327e-04
1339 1.701327e-04 4.201327e-04
1340 1.701327e-04 4.201327e-04
1341 1.701327e-04 4.201327e-04
1342 1.701327e-04 4.201327e-04
1343 1.701327e-04 4.201327e-04
1344 1.701327e-04 4.201327e-04
1345 1.701327e-04 4.201327e-04
1346 1.701327e-04 4.201327e-04
1347 1.701327e-04 4.201327e-04
1348 1.701327e-04 4.201327e-04
1349 1.701327e-04 4.201327e-04
1350 1.701327e-04 4.201327e-04
1351 1.701327e-04 4.201327e-04
1352 1.701327e-04 4.201327e-04
1353 1.701327e-04 4.201327e-04
1354 1.701327e-04 4.201327e-04
1355 1.701327e-04 4.201327e-04
1356 1.701327e-04 4.201327e-04
1357 1.701327e-04 4.201327e-04
1358 1.701327e-04 4.201327e-04
1359 1.701327e-04 4.201327e-04
1360 1.701327e-04 4.201327e-04
1361 1.701327e-04 4.201327e-04
1362 1.701327e-04 4.201327e-04
1363 1.701327e-04 4.201327e-04
1364 1.701327e-04 4.201327e-04
1365 1.701327e-04 4.201327e-04
1366 1.701327e-04 4.201327e-04
1367 1.701327e-04 4.201327e-04
1368 1.701327e-04 4.201327e-04
1369 1.701327e-04 4.201327e-04
1370 1.701327e-04 4.201327e-04
1371 1.701327e-04 4.201327e-04
1372 1.701327e-04 4.201327e-04
1373 1.701327e-04 4.201327e-04
1374 1.701327e-04 4.201327e-04
1375 1.701327e-04 4.201327e-04
1376 1.701327e-04 4.201327e-04
1377 1.701327e-04 4.201327e-04
1378 1.701327e-04 4.201327e-04
1379 1.701327e-04 4.201327e-04
1380 4.706683e-04 7.206683e-04
1381 1.701327e-04 4.201327e-04
1382 1.701327e-04 4.201327e-04
1383 1.701327e-04 4.201327e-04
1384 1.701327e-04 4.201327e-04
1385 1.701327e-04 4.201327e-04
1386 1.701327e-04 4.201327e-04
1387 1.701327e-04 4.201327e-04
1388 1.701327e-04 4.201327e-04
1389 1.701327e-04 4.201327e-04
1390 1.701327e-04 4.201327e-04
1391 4.706683e-04 7.206683e-04
1392 1.701327e-04 4.201327e-04
1393 1.701327e-04 4.201327e-04
1394 1.701327e-04 4.201327e-04
1395 1.701327e-04 4.201327e-04
1396 1.701327e-04 4.201327e-04
1397 1.701327e-04 4.201327e-04
1398 4.706683e-04 7.206683e-04
1399 1.701327e-04 4.201327e-04
1400 1.701327e-04 4.201327e-04
1401 1.701327e-04 4.201327e-04
1402 1.701327e-04 4.201327e-04
1403 1.701327e-04 4.201327e-04
1404 1.701327e-04 4.201327e-04
1405 1.701327e-04 4.201327e-04
1406 1.701327e-04 4.201327e-04
1407 1.701327e-04 4.201327e-04
1408 1.701327e-04 4.201327e-04
1409 1.701327e-04 4.201327e-04
1410 1.701327e-04 4.201327e-04
1411 1.701327e-04 4.201327e-04
1412 1.701327e-04 4.201327e-04
1413 1.701327e-04 4.201327e-04
1414 1.701327e-04 4.201327e-04
1415 1.701327e-04 4.201327e-04
1416 1.701327e-04 4.201327e-04
1417 1.701327e-04 4.201327e-04
1418 1.701327e-04 4.201327e-04
1419 1.701327e-04 4.201327e-04
1420 1.701327e-04 4.201327e-04
1421 1.701327e-04 4.201327e-04
1422 1.701327e-04 4.201327e-04
1423 1.701327e-04 4.201327e-04
1424 1.701327e-04 4.201327e-04
1425 1.701327e-04 4.201327e-04
1426 1.701327e-04 4.201327e-04
1427 1.701327e-04 4.201327e-04
1428 1.701327e-04 4.201327e-04
1429 1.701327e-04 4.201327e-04
1430 1.701327e-04 4.201327e-04
1431 4.706683e-04 7.206683e-04
1432 1.701327e-04 4.201327e-04
1433 1.701327e-04 4.201327e-04
1434 1.701327e-04 4.201327e-04
1435 1.701327e-04 4.201327e-04
1436 1.701327e-04 4.201327e-04
1437 1.701327e-04 4.201327e-04
1438 1.701327e-04 4.201327e-04
1439 1.701327e-04 4.201327e-04
1440 1.701327e-04 4.201327e-04
1441 1.701327e-04 4.201327e-04
1442 1.701327e-04 4.201327e-04
1443 1.701327e-04 4.201327e-04
1444 1.701327e-04 4.201327e-04
1445 1.701327e-04 4.201327e-04
1446 1.701327e-04 4.201327e-04
1447 1.701327e-04 4.201327e-04
1448 1.701327e-04 4.201327e-04
1449 1.701327e-04 4.201327e-04
1450 1.701327e-04 4.201327e-04
1451 1.701327e-04 4.201327e-04
1452 1.701327e-04 4.201327e-04
1453 1.701327e-04 4.201327e-04
1454 1.701327e-04 4.201327e-04
1455 1.701327e-04 4.201327e-04
1456 1.701327e-04 4.201327e-04
1457 1.701327e-04 4.201327e-04
1458 1.701327e-04 4.201327e-04
1459 1.701327e-04 4.201327e-04
1460 1.701327e-04 4.201327e-04
1461 1.701327e-04 4.201327e-04
1462 1.701327e-04 4.201327e-04
1463 1.701327e-04 4.201327e-04
1464 1.701327e-04 4.201327e-04
1465 1.701327e-04 4.201327e-04
1466 1.701327e-04 4.201327e-04
1467 1.701327e-04 4.201327e-04
1468 1.701327e-04 4.201327e-04
1469 1.701327e-04 4.201327e-04
1470 4.706683e-04 7.206683e-04
1471 1.701327e-04 4.201327e-04
1472 1.701327e-04 4.201327e-04
1473 1.701327e-04 4.201327e-04
1474 1.701327e-04 4.201327e-04
1475 1.701327e-04 4.201327e-04
1476 1.701327e-04 4.201327e-04
1477 1.701327e-04 4.201327e-04
1478 1.701327e-04 4.201327e-04
1479 1.701327e-04 4.201327e-04
1480 1.701327e-04 4.201327e-04
1481 1.701327e-04 4.201327e-04
1482 1.701327e-04 4.201327e-04
1483 1.701327e-04 4.201327e-04
1484 1.701327e-04 4.201327e-04
1485 1.701327e-04 4.201327e-04
1486 1.701327e-04 4.201327e-04
1487 1.701327e-04 4.201327e-04
1488 1.701327e-04 4.201327e-04
1489 1.701327e-04 4.201327e-04
1490 1.701327e-04 4.201327e-04
1491 1.701327e-04 4.201327e-04
1492 1.701327e-04 4.201327e-04
1493 1.701327e-04 4.201327e-04
1494 1.701327e-04 4.201327e-04
1495 1.701327e-04 4.201327e-04
1496 1.701327e-04 4.201327e-04
1497 1.701327e-04 4.201327e-04
1498 1.701327e-04 4.201327e-04
1499 1.701327e-04 4.201327e-04
1500 1.701327e-04 4.201327e-04
1501 1.701327e-04 4.201327e-04
1502 1.701327e-04 4.201327e-04
1503 4.706683e-04 7.206683e-04
1504 1.701327e-04 4.201327e-04
1505 1.701327e-04 4.201327e-04
1506 1.701327e-04 4.201327e-04
1507 1.701327e-04 4.201327e-04
1508 1.701327e-04 4.201327e-04
1509 1.701327e-04 4.201327e-04
1510 1.701327e-04 4.201327e-04
1511 1.701327e-04 4.201327e-04
1512 1.701327e-04 4.201327e-04
1513 1.701327e-04 4.201327e-04
1514 1.701327e-04 4.201327e-04
1515 4.706683e-04 7.206683e-04
1516 1.701327e-04 4.201327e-04
1517 1.701327e-04 4.201327e-04
1518 1.701327e-04 4.201327e-04
1519 1.701327e-04 4.201327e-04
1520 1.701327e-04 4.201327e-04
1521 1.701327e-04 4.201327e-04
1522 1.701327e-04 4.201327e-04
1523 1.701327e-04 4.201327e-04
1524 4.706683e-04 7.206683e-04
1525 4.706683e-04 7.206683e-04
1526 1.701327e-04 4.201327e-04
1527 1.701327e-04 4.201327e-04
1528 1.701327e-04 4.201327e-04
1529 1.701327e-04 4.201327e-04
1530 4.706683e-04 7.206683e-04
1531 1.701327e-04 4.201327e-04
1532 1.701327e-04 4.201327e-04
1533 1.701327e-04 4.201327e-04
1534 1.701327e-04 4.201327e-04
1535 1.701327e-04 4.201327e-04
1536 1.701327e-04 4.201327e-04
1537 1.701327e-04 4.201327e-04
1538 1.701327e-04 4.201327e-04
1539 1.701327e-04 4.201327e-04
1540 1.701327e-04 4.201327e-04
1541 1.701327e-04 4.201327e-04
1542 1.701327e-04 4.201327e-04
1543 1.701327e-04 4.201327e-04
1544 1.701327e-04 4.201327e-04
1545 1.701327e-04 4.201327e-04
1546 1.701327e-04 4.201327e-04
1547 1.701327e-04 4.201327e-04
1548 1.701327e-04 4.201327e-04
1549 1.701327e-04 4.201327e-04
1550 1.701327e-04 4.201327e-04
1551 1.701327e-04 4.201327e-04
1552 1.701327e-04 4.201327e-04
1553 1.701327e-04 4.201327e-04
1554 1.701327e-04 4.201327e-04
1555 1.701327e-04 4.201327e-04
1556 1.701327e-04 4.201327e-04
1557 1.701327e-04 4.201327e-04
1558 1.701327e-04 4.201327e-04
1559 1.701327e-04 4.201327e-04
1560 1.701327e-04 4.201327e-04
1561 1.701327e-04 4.201327e-04
1562 1.701327e-04 4.201327e-04
1563 1.701327e-04 4.201327e-04
1564 1.701327e-04 4.201327e-04
1565 1.701327e-04 4.201327e-04
1566 1.701327e-04 4.201327e-04
1567 4.706683e-04 7.206683e-04
1568 1.701327e-04 4.201327e-04
1569 1.701327e-04 4.201327e-04
1570 4.706683e-04 7.206683e-04
1571 1.701327e-04 4.201327e-04
1572 1.701327e-04 4.201327e-04
1573 1.701327e-04 4.201327e-04
1574 1.701327e-04 4.201327e-04
1575 1.701327e-04 4.201327e-04
1576 1.701327e-04 4.201327e-04
1577 4.706683e-04 7.206683e-04
1578 1.701327e-04 4.201327e-04
1579 1.701327e-04 4.201327e-04
1580 4.706683e-04 7.206683e-04
1581 1.701327e-04 4.201327e-04
1582 1.701327e-04 4.201327e-04
1583 4.706683e-04 7.206683e-04
1584 1.701327e-04 4.201327e-04
1585 1.701327e-04 4.201327e-04
1586 1.701327e-04 4.201327e-04
1587 1.701327e-04 4.201327e-04
1588 1.701327e-04 4.201327e-04
1589 4.706683e-04 7.206683e-04
1590 1.701327e-04 4.201327e-04
1591 1.701327e-04 4.201327e-04
1592 1.701327e-04 4.201327e-04
1593 1.701327e-04 4.201327e-04
1594 4.706683e-04 7.206683e-04
1595 1.701327e-04 4.201327e-04
1596 1.701327e-04 4.201327e-04
1597 1.701327e-04 4.201327e-04
1598 1.701327e-04 4.201327e-04
1599 1.701327e-04 4.201327e-04
1600 1.701327e-04 4.201327e-04
1601 1.701327e-04 4.201327e-04
1602 4.706683e-04 7.206683e-04
1603 1.701327e-04 4.201327e-04
1604 1.701327e-04 4.201327e-04
1605 1.701327e-04 4.201327e-04
1606 1.701327e-04 4.201327e-04
1607 4.706683e-04 7.206683e-04
1608 1.701327e-04 4.201327e-04
1609 1.701327e-04 4.201327e-04
1610 1.701327e-04 4.201327e-04
1611 1.701327e-04 4.201327e-04
1612 1.701327e-04 4.201327e-04
1613 1.701327e-04 4.201327e-04
1614 1.701327e-04 4.201327e-04
1615 4.706683e-04 7.206683e-04
1616 1.701327e-04 4.201327e-04
1617 1.701327e-04 4.201327e-04
1618 1.701327e-04 4.201327e-04
1619 1.701327e-04 4.201327e-04
1620 4.706683e-04 7.206683e-04
1621 1.701327e-04 4.201327e-04
1622 1.701327e-04 4.201327e-04
1623 4.706683e-04 7.206683e-04
1624 4.706683e-04 7.206683e-04
1625 1.701327e-04 4.201327e-04
1626 1.701327e-04 4.201327e-04
1627 1.701327e-04 4.201327e-04
1628 4.706683e-04 7.206683e-04
1629 4.706683e-04 7.206683e-04
1630 1.701327e-04 4.201327e-04
1631 4.706683e-04 7.206683e-04
1632 4.706683e-04 7.206683e-04
1633 1.701327e-04 4.201327e-04
1634 4.706683e-04 7.206683e-04
1635 1.701327e-04 4.201327e-04
1636 1.701327e-04 4.201327e-04
1637 1.701327e-04 4.201327e-04
1638 1.701327e-04 4.201327e-04
1639 1.701327e-04 4.201327e-04
1640 4.706683e-04 7.206683e-04
1641 1.701327e-04 4.201327e-04
1642 1.701327e-04 4.201327e-04
1643 1.701327e-04 4.201327e-04
1644 1.701327e-04 4.201327e-04
1645 1.701327e-04 4.201327e-04
1646 4.706683e-04 7.206683e-04
1647 1.701327e-04 4.201327e-04
1648 1.701327e-04 4.201327e-04
1649 4.706683e-04 7.206683e-04
1650 1.701327e-04 4.201327e-04
1651 4.706683e-04 7.206683e-04
1652 4.706683e-04 7.206683e-04
1653 4.706683e-04 7.206683e-04
1654 4.706683e-04 7.206683e-04
1655 4.706683e-04 7.206683e-04
1656 1.701327e-04 4.201327e-04
1657 1.701327e-04 4.201327e-04
1658 1.701327e-04 4.201327e-04
1659 1.701327e-04 4.201327e-04
1660 1.701327e-04 4.201327e-04
1661 1.701327e-04 4.201327e-04
1662 4.706683e-04 7.206683e-04
1663 4.706683e-04 7.206683e-04
1664 4.706683e-04 7.206683e-04
1665 4.706683e-04 7.206683e-04
1666 4.706683e-04 7.206683e-04
1667 4.706683e-04 7.206683e-04
1668 1.701327e-04 4.201327e-04
1669 1.701327e-04 4.201327e-04
1670 1.701327e-04 4.201327e-04
1671 1.701327e-04 4.201327e-04
1672 4.706683e-04 7.206683e-04
1673 1.701327e-04 4.201327e-04
1674 1.701327e-04 4.201327e-04
1675 1.701327e-04 4.201327e-04
1676 1.701327e-04 4.201327e-04
1677 1.701327e-04 4.201327e-04
1678 1.701327e-04 4.201327e-04
1679 1.701327e-04 4.201327e-04
1680 1.701327e-04 4.201327e-04
1681 1.701327e-04 4.201327e-04
1682 4.706683e-04 7.206683e-04
1683 1.701327e-04 4.201327e-04
1684 1.701327e-04 4.201327e-04
1685 1.701327e-04 4.201327e-04
1686 1.701327e-04 4.201327e-04
1687 1.701327e-04 4.201327e-04
1688 1.701327e-04 4.201327e-04
1689 1.701327e-04 4.201327e-04
1690 1.701327e-04 4.201327e-04
1691 1.701327e-04 4.201327e-04
1692 1.701327e-04 4.201327e-04
1693 1.701327e-04 4.201327e-04
1694 1.701327e-04 4.201327e-04
1695 1.701327e-04 4.201327e-04
1696 1.701327e-04 4.201327e-04
1697 1.701327e-04 4.201327e-04
1698 1.701327e-04 4.201327e-04
1699 1.701327e-04 4.201327e-04
1700 1.701327e-04 4.201327e-04
1701 1.701327e-04 4.201327e-04
1702 1.701327e-04 4.201327e-04
1703 1.701327e-04 4.201327e-04
1704 1.701327e-04 4.201327e-04
1705 1.701327e-04 4.201327e-04
1706 1.701327e-04 4.201327e-04
1707 1.701327e-04 4.201327e-04
1708 4.706683e-04 7.206683e-04
1709 4.706683e-04 7.206683e-04
1710 4.706683e-04 7.206683e-04
1711 1.701327e-04 4.201327e-04
1712 1.701327e-04 4.201327e-04
1713 1.701327e-04 4.201327e-04
1714 4.706683e-04 7.206683e-04
1715 1.701327e-04 4.201327e-04
1716 4.706683e-04 7.206683e-04
1717 1.701327e-04 4.201327e-04
1718 4.706683e-04 7.206683e-04
1719 1.701327e-04 4.201327e-04
1720 4.706683e-04 7.206683e-04
1721 4.706683e-04 7.206683e-04
1722 4.706683e-04 7.206683e-04
1723 4.706683e-04 7.206683e-04
1724 1.701327e-04 4.201327e-04
1725 4.706683e-04 7.206683e-04
1726 4.706683e-04 7.206683e-04
1727 1.701327e-04 4.201327e-04
1728 1.701327e-04 4.201327e-04
1729 1.701327e-04 4.201327e-04
1730 1.701327e-04 4.201327e-04
1731 1.701327e-04 4.201327e-04
1732 1.701327e-04 4.201327e-04
1733 1.701327e-04 4.201327e-04
1734 1.701327e-04 4.201327e-04
1735 1.701327e-04 4.201327e-04
1736 1.701327e-04 4.201327e-04
1737 1.701327e-04 4.201327e-04
1738 1.701327e-04 4.201327e-04
1739 1.701327e-04 4.201327e-04
1740 1.701327e-04 4.201327e-04
1741 1.701327e-04 4.201327e-04
1742 1.701327e-04 4.201327e-04
1743 1.701327e-04 4.201327e-04
1744 1.701327e-04 4.201327e-04
1745 1.701327e-04 4.201327e-04
1746 1.701327e-04 4.201327e-04
1747 1.701327e-04 4.201327e-04
1748 4.706683e-04 7.206683e-04
1749 1.701327e-04 4.201327e-04
1750 1.701327e-04 4.201327e-04
1751 1.701327e-04 4.201327e-04
1752 1.701327e-04 4.201327e-04
1753 1.701327e-04 4.201327e-04
1754 1.701327e-04 4.201327e-04
1755 1.701327e-04 4.201327e-04
1756 1.701327e-04 4.201327e-04
1757 1.701327e-04 4.201327e-04
1758 1.701327e-04 4.201327e-04
1759 1.701327e-04 4.201327e-04
1760 1.701327e-04 4.201327e-04
1761 1.701327e-04 4.201327e-04
1762 1.701327e-04 4.201327e-04
1763 1.701327e-04 4.201327e-04
1764 1.701327e-04 4.201327e-04
1765 1.701327e-04 4.201327e-04
1766 1.701327e-04 4.201327e-04
1767 1.701327e-04 4.201327e-04
1768 1.701327e-04 4.201327e-04
1769 1.701327e-04 4.201327e-04
1770 1.701327e-04 4.201327e-04
1771 1.701327e-04 4.201327e-04
1772 1.701327e-04 4.201327e-04
1773 1.701327e-04 4.201327e-04
1774 1.701327e-04 4.201327e-04
1775 1.701327e-04 4.201327e-04
1776 4.706683e-04 7.206683e-04
1777 1.701327e-04 4.201327e-04
1778 1.701327e-04 4.201327e-04
1779 1.701327e-04 4.201327e-04
1780 1.701327e-04 4.201327e-04
1781 1.701327e-04 4.201327e-04
1782 1.701327e-04 4.201327e-04
1783 1.701327e-04 4.201327e-04
1784 1.701327e-04 4.201327e-04
1785 1.701327e-04 4.201327e-04
1786 1.701327e-04 4.201327e-04
1787 1.701327e-04 4.201327e-04
1788 1.701327e-04 4.201327e-04
1789 1.701327e-04 4.201327e-04
1790 1.701327e-04 4.201327e-04
1791 1.701327e-04 4.201327e-04
1792 1.701327e-04 4.201327e-04
1793 1.701327e-04 4.201327e-04
1794 1.701327e-04 4.201327e-04
1795 1.701327e-04 4.201327e-04
1796 1.701327e-04 4.201327e-04
1797 1.701327e-04 4.201327e-04
1798 1.701327e-04 4.201327e-04
1799 1.701327e-04 4.201327e-04
1800 1.701327e-04 4.201327e-04
1801 1.701327e-04 4.201327e-04
1802 1.701327e-04 4.201327e-04
1803 1.701327e-04 4.201327e-04
1804 1.701327e-04 4.201327e-04
1805 1.701327e-04 4.201327e-04
1806 1.701327e-04 4.201327e-04
1807 1.701327e-04 4.201327e-04
1808 1.701327e-04 4.201327e-04
1809 1.701327e-04 4.201327e-04
1810 1.701327e-04 4.201327e-04
1811 1.701327e-04 4.201327e-04
1812 1.701327e-04 4.201327e-04
1813 1.701327e-04 4.201327e-04
1814 1.701327e-04 4.201327e-04
1815 1.701327e-04 4.201327e-04
1816 1.701327e-04 4.201327e-04
1817 1.701327e-04 4.201327e-04
1818 1.701327e-04 4.201327e-04
1819 1.701327e-04 4.201327e-04
1820 1.701327e-04 4.201327e-04
1821 1.701327e-04 4.201327e-04
1822 1.701327e-04 4.201327e-04
1823 4.706683e-04 7.206683e-04
1824 4.706683e-04 7.206683e-04
1825 1.701327e-04 4.201327e-04
1826 1.701327e-04 4.201327e-04
1827 1.701327e-04 4.201327e-04
1828 1.701327e-04 4.201327e-04
1829 1.701327e-04 4.201327e-04
1830 1.701327e-04 4.201327e-04
1831 1.701327e-04 4.201327e-04
1832 1.701327e-04 4.201327e-04
1833 1.701327e-04 4.201327e-04
1834 1.701327e-04 4.201327e-04
1835 1.701327e-04 4.201327e-04
1836 4.706683e-04 7.206683e-04
1837 4.706683e-04 7.206683e-04
1838 1.701327e-04 4.201327e-04
1839 1.701327e-04 4.201327e-04
1840 1.701327e-04 4.201327e-04
1841 1.701327e-04 4.201327e-04
1842 1.701327e-04 4.201327e-04
1843 1.701327e-04 4.201327e-04
1844 1.701327e-04 4.201327e-04
1845 1.701327e-04 4.201327e-04
1846 1.701327e-04 4.201327e-04
1847 1.701327e-04 4.201327e-04
1848 1.701327e-04 4.201327e-04
1849 1.701327e-04 4.201327e-04
1850 1.701327e-04 4.201327e-04
1851 1.701327e-04 4.201327e-04
1852 1.701327e-04 4.201327e-04
1853 1.701327e-04 4.201327e-04
1854 1.701327e-04 4.201327e-04
1855 1.701327e-04 4.201327e-04
1856 1.701327e-04 4.201327e-04
1857 1.701327e-04 4.201327e-04
1858 1.701327e-04 4.201327e-04
1859 1.701327e-04 4.201327e-04
1860 1.701327e-04 4.201327e-04
1861 1.701327e-04 4.201327e-04
1862 1.701327e-04 4.201327e-04
1863 1.701327e-04 4.201327e-04
1864 1.701327e-04 4.201327e-04
1865 1.701327e-04 4.201327e-04
1866 1.701327e-04 4.201327e-04
1867 1.701327e-04 4.201327e-04
1868 1.701327e-04 4.201327e-04
1869 1.701327e-04 4.201327e-04
1870 1.701327e-04 4.201327e-04
1871 1.701327e-04 4.201327e-04
1872 1.701327e-04 4.201327e-04
1873 1.701327e-04 4.201327e-04
1874 1.701327e-04 4.201327e-04
1875 1.701327e-04 4.201327e-04
1876 1.701327e-04 4.201327e-04
1877 1.701327e-04 4.201327e-04
1878 1.701327e-04 4.201327e-04
1879 1.701327e-04 4.201327e-04
1880 1.701327e-04 4.201327e-04
1881 1.701327e-04 4.201327e-04
1882 1.701327e-04 4.201327e-04
1883 1.701327e-04 4.201327e-04
1884 1.701327e-04 4.201327e-04
1885 4.706683e-04 7.206683e-04
1886 1.701327e-04 4.201327e-04
1887 4.706683e-04 7.206683e-04
1888 1.701327e-04 4.201327e-04
1889 1.701327e-04 4.201327e-04
1890 1.701327e-04 4.201327e-04
1891 1.701327e-04 4.201327e-04
1892 1.701327e-04 4.201327e-04
1893 4.706683e-04 7.206683e-04
1894 1.701327e-04 4.201327e-04
1895 1.701327e-04 4.201327e-04
1896 1.701327e-04 4.201327e-04
1897 1.701327e-04 4.201327e-04
1898 1.701327e-04 4.201327e-04
1899 1.701327e-04 4.201327e-04
1900 1.701327e-04 4.201327e-04
1901 1.701327e-04 4.201327e-04
1902 1.701327e-04 4.201327e-04
1903 1.701327e-04 4.201327e-04
1904 1.701327e-04 4.201327e-04
1905 1.701327e-04 4.201327e-04
1906 1.701327e-04 4.201327e-04
1907 1.701327e-04 4.201327e-04
1908 1.701327e-04 4.201327e-04
1909 1.701327e-04 4.201327e-04
1910 1.701327e-04 4.201327e-04
1911 4.706683e-04 7.206683e-04
1912 4.706683e-04 7.206683e-04
1913 1.701327e-04 4.201327e-04
1914 1.701327e-04 4.201327e-04
1915 1.701327e-04 4.201327e-04
1916 1.701327e-04 4.201327e-04
1917 1.701327e-04 4.201327e-04
1918 1.701327e-04 4.201327e-04
1919 1.701327e-04 4.201327e-04
1920 1.701327e-04 4.201327e-04
1921 1.701327e-04 4.201327e-04
1922 1.701327e-04 4.201327e-04
1923 1.701327e-04 4.201327e-04
1924 1.701327e-04 4.201327e-04
1925 1.701327e-04 4.201327e-04
1926 1.701327e-04 4.201327e-04
1927 1.701327e-04 4.201327e-04
1928 1.701327e-04 4.201327e-04
1929 1.701327e-04 4.201327e-04
1930 1.701327e-04 4.201327e-04
1931 1.701327e-04 4.201327e-04
1932 1.701327e-04 4.201327e-04
1933 1.701327e-04 4.201327e-04
1934 1.701327e-04 4.201327e-04
1935 1.701327e-04 4.201327e-04
1936 1.701327e-04 4.201327e-04
1937 1.701327e-04 4.201327e-04
1938 1.701327e-04 4.201327e-04
1939 4.706683e-04 7.206683e-04
1940 1.701327e-04 4.201327e-04
1941 1.701327e-04 4.201327e-04
1942 4.706683e-04 7.206683e-04
1943 1.701327e-04 4.201327e-04
1944 4.706683e-04 7.206683e-04
1945 4.706683e-04 7.206683e-04
1946 1.701327e-04 4.201327e-04
1947 1.701327e-04 4.201327e-04
1948 1.701327e-04 4.201327e-04
1949 4.706683e-04 7.206683e-04
1950 1.701327e-04 4.201327e-04
1951 4.706683e-04 7.206683e-04
1952 1.701327e-04 4.201327e-04
1953 1.701327e-04 4.201327e-04
1954 1.701327e-04 4.201327e-04
1955 1.701327e-04 4.201327e-04
1956 1.701327e-04 4.201327e-04
1957 1.701327e-04 4.201327e-04
1958 1.701327e-04 4.201327e-04
1959 1.701327e-04 4.201327e-04
1960 1.701327e-04 4.201327e-04
1961 1.701327e-04 4.201327e-04
1962 1.701327e-04 4.201327e-04
1963 1.701327e-04 4.201327e-04
1964 1.701327e-04 4.201327e-04
1965 1.701327e-04 4.201327e-04
1966 1.701327e-04 4.201327e-04
1967 1.701327e-04 4.201327e-04
1968 1.701327e-04 4.201327e-04
1969 1.701327e-04 4.201327e-04
1970 1.701327e-04 4.201327e-04
1971 1.701327e-04 4.201327e-04
1972 1.701327e-04 4.201327e-04
1973 1.701327e-04 4.201327e-04
1974 1.701327e-04 4.201327e-04
1975 4.706683e-04 7.206683e-04
1976 1.701327e-04 4.201327e-04
1977 1.701327e-04 4.201327e-04
1978 1.701327e-04 4.201327e-04
1979 1.701327e-04 4.201327e-04
1980 1.701327e-04 4.201327e-04
1981 4.706683e-04 7.206683e-04
1982 1.701327e-04 4.201327e-04
1983 1.701327e-04 4.201327e-04
1984 1.701327e-04 4.201327e-04
1985 1.701327e-04 4.201327e-04
1986 1.701327e-04 4.201327e-04
1987 1.701327e-04 4.201327e-04
1988 1.701327e-04 4.201327e-04
1989 1.701327e-04 4.201327e-04
1990 1.701327e-04 4.201327e-04
1991 1.701327e-04 4.201327e-04
1992 1.701327e-04 4.201327e-04
1993 1.701327e-04 4.201327e-04
1994 1.701327e-04 4.201327e-04
1995 1.701327e-04 4.201327e-04
1996 1.701327e-04 4.201327e-04
1997 1.701327e-04 4.201327e-04
1998 1.701327e-04 4.201327e-04
1999 1.701327e-04 4.201327e-04
2000 1.701327e-04 4.201327e-04
2001 1.701327e-04 4.201327e-04
