1 2.877883e-04 5.202888e-03
2 2.349542e-05 1.722235e-02
3 1.688784e-05 1.647567e-03
4 2.338276e-06 1.577576e-03
5 7.107558e-06 1.938090e-03
6 6.531368e-04 2.893134e-02
7 6.151097e-05 5.657256e-03
8 5.411956e-04 2.803792e-02
9 1.081687e-06 2.360933e-03
10 1.016570e-03 2.642748e-02
11 2.010864e-05 3.770261e-03
12 8.098589e-07 1.171718e-03
13 1.096555e-03 3.654199e-02
14 2.211926e-05 6.949797e-03
15 5.494273e-06 2.559765e-03
16 1.914546e-04 5.331743e-03
17 5.935819e-06 1.394633e-03
18 2.757902e-04 1.409017e-02
19 3.693020e-05 5.779746e-03
20 6.111442e-07 9.977187e-04
21 5.386267e-04 4.264173e-02
22 4.752416e-06 2.094754e-03
23 2.316975e-04 9.965080e-03
24 8.615539e-04 3.061052e-02
25 6.905498e-04 2.804934e-02
26 8.280378e-06 2.306929e-03
27 3.154379e-05 3.942928e-03
28 1.883235e-05 1.962703e-03
29 1.117839e-03 5.139252e-02
30 2.243646e-03 1.108602e-01
31 2.486011e-03 5.124448e-02
32 2.256343e-05 2.681467e-03
33 3.387386e-06 1.100367e-03
34 2.601292e-06 9.479695e-04
35 1.434324e-05 2.556174e-03
36 9.185367e-04 1.616858e-02
37 3.507528e-04 1.877617e-02
38 3.722415e-05 4.930010e-03
39 4.106959e-06 1.792134e-03
40 1.577041e-05 2.821260e-03
41 1.403534e-04 2.858227e-03
42 1.168500e-05 4.620514e-03
43 1.107342e-03 3.639975e-02
44 5.818351e-05 3.751310e-03
45 1.018983e-04 5.337575e-03
46 2.695161e-05 4.770866e-03
47 7.819698e-04 2.698799e-02
48 2.217918e-04 1.665741e-02
49 6.973763e-05 3.909334e-03
50 2.106063e-03 6.905530e-02
51 6.000155e-05 6.989674e-03
52 1.778516e-04 9.846794e-03
53 1.953475e-05 2.082225e-03
54 7.330267e-05 5.343616e-03
55 2.300031e-05 3.704285e-03
56 4.604526e-05 3.872499e-03
57 1.322665e-04 8.997242e-03
58 2.512141e-04 9.738228e-03
59 1.803625e-04 1.062605e-02
60 3.352835e-06 1.291822e-03
61 4.970954e-03 1.050576e-01
62 1.588336e-04 2.005012e-02
63 3.814137e-06 1.526749e-03
64 6.106481e-06 3.816024e-03
65 1.215276e-04 8.034674e-03
66 2.132218e-05 2.251737e-03
67 3.133084e-05 4.773129e-03
68 5.677797e-05 5.438979e-03
69 5.158240e-06 1.298823e-03
70 3.028990e-06 1.184623e-03
71 1.108029e-03 2.565370e-02
72 8.384992e-05 3.010877e-03
73 3.471686e-05 3.255768e-03
74 5.894000e-04 7.938397e-02
75 2.756871e-05 1.896224e-03
76 7.678039e-06 2.249995e-03
77 3.865417e-04 9.447540e-03
78 2.269594e-03 6.354599e-02
79 1.293930e-04 6.830084e-03
80 4.091080e-06 1.407545e-03
81 2.920865e-06 1.227572e-03
82 2.155101e-05 1.359394e-03
83 4.503964e-05 4.721372e-03
84 6.289721e-06 1.613615e-03
85 6.048736e-05 7.391285e-03
86 4.757358e-05 3.745297e-03
87 6.501094e-06 1.936322e-03
88 6.608263e-06 1.532041e-03
89 3.774310e-04 8.116810e-03
90 4.795234e-04 3.044064e-02
91 5.426176e-04 8.569514e-03
92 3.022943e-03 4.871538e-02
93 4.609974e-05 4.033741e-03
94 3.205292e-05 2.414993e-03
95 1.588198e-03 5.526641e-02
96 3.917327e-05 1.659083e-03
97 3.287337e-04 1.384156e-02
98 2.874702e-05 1.688024e-03
99 1.429510e-05 1.503899e-03
100 8.413006e-04 3.147069e-02
101 2.441258e-05 3.199451e-03
102 5.338571e-05 1.211783e-02
103 2.100685e-04 2.302564e-02
104 1.752526e-04 8.622321e-03
105 2.268968e-04 6.717018e-03
106 4.147627e-05 7.267899e-03
107 8.522261e-06 2.576159e-03
108 1.504285e-04 1.195652e-02
109 1.182882e-05 4.344840e-03
110 6.320618e-05 6.198155e-03
111 1.131022e-03 4.268151e-02
112 1.695912e-04 1.682254e-02
113 1.089094e-03 4.735249e-02
114 8.141612e-04 2.540527e-02
115 3.851527e-04 1.618265e-02
116 4.207911e-04 1.533371e-02
117 2.508706e-04 1.623298e-02
118 1.585181e-04 1.232661e-02
119 8.639183e-06 4.385955e-03
120 4.619994e-06 3.509146e-03
121 7.205803e-05 7.819384e-03
122 2.737851e-06 1.501316e-03
123 1.989058e-05 4.097439e-03
124 3.922331e-05 5.575128e-03
125 7.574204e-06 3.711738e-03
126 1.450527e-05 4.647638e-03
127 4.858424e-05 7.645920e-03
128 4.042219e-05 5.546517e-03
129 7.574204e-06 3.711738e-03
130 4.514441e-06 3.412373e-03
131 2.523602e-05 4.898986e-03
132 7.274916e-06 3.746788e-03
133 2.504437e-05 5.214437e-03
134 1.000685e-04 1.166895e-02
135 1.082852e-05 3.222754e-03
136 9.682317e-06 2.823380e-03
137 9.918884e-05 6.496251e-03
138 4.804703e-05 7.780117e-03
139 6.901359e-05 6.324825e-03
140 2.130055e-05 4.645879e-03
141 9.365690e-06 2.758148e-03
142 9.365690e-06 2.758148e-03
143 2.457957e-05 5.336935e-03
144 4.676465e-05 6.632229e-03
145 5.305256e-06 4.444603e-03
146 1.407750e-05 4.801746e-03
147 2.129707e-05 3.895540e-03
148 2.907193e-05 7.023075e-03
149 7.246303e-06 3.546982e-03
150 1.185535e-05 3.642262e-03
151 4.095165e-05 5.514141e-03
152 1.739727e-05 3.157609e-03
153 9.348156e-06 2.705560e-03
154 1.781952e-05 3.180883e-03
155 6.189769e-06 2.826681e-03
156 9.490003e-06 2.792119e-03
157 1.153350e-05 3.276442e-03
158 1.708135e-05 2.813344e-03
159 2.730933e-05 3.463275e-03
160 2.812244e-05 4.254133e-03
161 9.714491e-06 2.947818e-03
162 5.763114e-06 2.927114e-03
163 5.763114e-06 2.927114e-03
164 2.540551e-06 1.590619e-03
165 4.282434e-06 1.599746e-03
166 2.540551e-06 1.590619e-03
167 3.448544e-06 2.864015e-03
168 9.714491e-06 2.947818e-03
169 4.710277e-05 4.006692e-03
170 2.540551e-06 1.590619e-03
171 2.685047e-05 2.588759e-03
172 1.589344e-05 3.003876e-03
173 2.562531e-06 1.568265e-03
174 9.117455e-06 2.898737e-03
175 9.510349e-06 2.909948e-03
176 5.812976e-06 2.876404e-03
177 3.984917e-06 1.572793e-03
178 8.028432e-06 2.029368e-03
179 2.562531e-06 1.568265e-03
180 9.510349e-06 2.909948e-03
181 2.929314e-06 2.059449e-03
182 1.034043e-05 3.177083e-03
183 8.714807e-07 1.179364e-03
184 2.562531e-06 1.568265e-03
185 2.256453e-06 1.186197e-03
186 5.061901e-06 2.084861e-03
187 1.919271e-06 1.861053e-03
188 1.520220e-06 1.562803e-03
189 8.258106e-07 1.118666e-03
190 1.338639e-06 1.181388e-03
191 1.027958e-04 8.122156e-03
192 9.730332e-06 2.880298e-03
193 6.062680e-05 6.805027e-03
194 6.575156e-05 8.797109e-03
195 2.871663e-05 3.923107e-03
196 5.207432e-05 5.486739e-03
197 5.207432e-05 5.486739e-03
198 2.871663e-05 3.923107e-03
199 6.643414e-05 7.726721e-03
200 3.654678e-05 5.905070e-03
201 4.999526e-05 4.890670e-03
202 5.341799e-05 1.252307e-02
203 9.730332e-06 2.880298e-03
204 2.401397e-05 2.952613e-03
205 3.254791e-05 4.791691e-03
206 9.730332e-06 2.880298e-03
207 5.319441e-05 5.164554e-03
208 1.621156e-05 2.950449e-03
209 3.254791e-05 4.791691e-03
210 2.401397e-05 2.952613e-03
211 7.786817e-06 1.990861e-03
212 5.319441e-05 5.164554e-03
213 4.673722e-06 1.957166e-03
214 1.592021e-05 3.204719e-03
215 9.274607e-06 2.854474e-03
216 1.621156e-05 2.950449e-03
217 3.942986e-06 1.579415e-03
218 1.157221e-04 1.171368e-02
219 4.720445e-05 4.981901e-03
220 9.274607e-06 2.854474e-03
221 9.274607e-06 2.854474e-03
222 2.684062e-05 4.406529e-03
223 4.057760e-05 7.330374e-03
224 4.916948e-06 2.714217e-03
225 1.159936e-05 4.344559e-03
226 9.079368e-06 2.850431e-03
227 9.115219e-06 3.074494e-03
228 1.023671e-05 3.773284e-03
229 3.391893e-05 6.178737e-03
230 1.906786e-05 4.929847e-03
231 1.165478e-05 4.813836e-03
232 6.946580e-06 4.280159e-03
233 1.846082e-05 4.580072e-03
234 9.958167e-06 3.924729e-03
235 4.091326e-06 4.220307e-03
236 9.657566e-06 3.621773e-03
237 3.318407e-06 3.164915e-03
238 1.130296e-05 4.459264e-03
239 3.708965e-06 3.307718e-03
240 5.248387e-06 2.583937e-03
241 5.598082e-06 3.368256e-03
242 9.657566e-06 3.621773e-03
243 1.977865e-06 2.990721e-03
244 1.124922e-05 3.809511e-03
245 5.897244e-06 3.679419e-03
246 5.598082e-06 3.368256e-03
247 9.958167e-06 3.924729e-03
248 1.781509e-06 2.490594e-03
249 1.190699e-05 4.989012e-03
250 6.068072e-06 3.364888e-03
251 2.914647e-06 2.518054e-03
252 1.165478e-05 4.813836e-03
253 3.336616e-06 3.111918e-03
254 6.908669e-06 4.390496e-03
255 1.228951e-05 5.219310e-03
256 2.914647e-06 2.518054e-03
257 3.318407e-06 3.164915e-03
258 2.207065e-05 2.455411e-03
259 3.706996e-05 2.690493e-03
260 7.655446e-05 4.334444e-03
261 3.706996e-05 2.690493e-03
262 3.706996e-05 2.690493e-03
263 6.080242e-05 2.743663e-03
264 1.390122e-04 5.814100e-03
265 4.270920e-05 3.588196e-03
266 1.262264e-04 4.793505e-03
267 3.450301e-04 1.658157e-02
268 1.041298e-04 8.584201e-03
269 2.878967e-04 9.347134e-03
270 3.726516e-05 2.910826e-03
271 3.706996e-05 2.690493e-03
272 6.863582e-05 3.937703e-03
273 3.726516e-05 2.910826e-03
274 6.112258e-05 2.964277e-03
275 5.001617e-05 4.945899e-03
276 2.878967e-04 9.347134e-03
277 2.199173e-05 2.582535e-03
278 1.877891e-05 1.985564e-03
279 1.382840e-04 5.312355e-03
280 4.364073e-05 4.095466e-03
281 5.001617e-05 4.945899e-03
282 1.461008e-04 6.615277e-03
283 3.080130e-05 2.012499e-03
284 3.706996e-05 2.690493e-03
285 4.805964e-05 4.442492e-03
286 6.863582e-05 3.937703e-03
287 3.706996e-05 2.690493e-03
288 9.012398e-05 7.129563e-03
289 1.362020e-04 6.784681e-03
290 1.362020e-04 6.784681e-03
291 3.726516e-05 2.910826e-03
292 6.085372e-05 2.934415e-03
293 1.424886e-04 7.334371e-03
294 1.126720e-04 4.238315e-03
295 2.078740e-04 9.630346e-03
296 3.938713e-04 1.763216e-02
297 3.498883e-04 1.530777e-02
298 1.252893e-04 5.236690e-03
299 2.182556e-05 2.404993e-03
300 4.063939e-05 3.562477e-03
301 1.592643e-04 8.811590e-03
302 6.636382e-05 3.588201e-03
303 2.058711e-05 2.759989e-03
304 1.812811e-05 2.012631e-03
305 1.227050e-05 2.557532e-03
306 1.227050e-05 2.557532e-03
307 1.227050e-05 2.557532e-03
308 7.507918e-06 2.500387e-03
309 5.095178e-05 2.409363e-03
310 3.383944e-05 2.709936e-03
311 1.227050e-05 2.557532e-03
312 1.767736e-05 1.905051e-03
313 7.483822e-06 2.485924e-03
314 7.483822e-06 2.485924e-03
315 7.682695e-06 2.581371e-03
316 1.259658e-05 2.664112e-03
317 3.933813e-06 1.869909e-03
318 3.942346e-06 1.881282e-03
319 1.080487e-05 1.834356e-03
320 4.579105e-06 2.451071e-03
321 2.110158e-06 1.393149e-03
322 3.318704e-04 2.846469e-02
323 2.474097e-04 1.547734e-02
324 1.777932e-05 8.426008e-03
325 6.674771e-05 6.782260e-03
326 1.579865e-05 2.641090e-03
327 1.533899e-04 6.601170e-03
328 9.164873e-05 6.330051e-03
329 4.361883e-04 2.146730e-02
330 2.349273e-04 1.407160e-02
331 1.428094e-04 1.306595e-02
332 7.941402e-04 3.207843e-02
333 2.888420e-05 3.472214e-03
334 1.334472e-04 5.258690e-03
335 7.511504e-05 4.395469e-03
336 6.279220e-05 6.460390e-03
337 2.052409e-04 1.123534e-02
338 8.297829e-05 9.289468e-03
339 2.592933e-04 9.616436e-03
340 2.233688e-05 2.670841e-03
341 1.296345e-05 2.427995e-03
342 7.884882e-05 5.252632e-03
343 1.174536e-04 1.129784e-02
344 2.089083e-05 2.645770e-03
345 2.948300e-05 4.594425e-03
346 4.348707e-06 2.163584e-03
347 2.120892e-05 2.512812e-03
348 7.713581e-05 4.607739e-03
349 4.576077e-05 4.443344e-03
350 2.306007e-05 2.849073e-03
351 1.322794e-05 2.470053e-03
352 6.567026e-06 2.012342e-03
353 2.306007e-05 2.849073e-03
354 2.306007e-05 2.849073e-03
355 2.300170e-05 2.966959e-03
356 7.396825e-06 2.173390e-03
357 4.576077e-05 4.443344e-03
358 1.261985e-04 5.011709e-03
359 4.401299e-05 3.673094e-03
360 4.576077e-05 4.443344e-03
361 3.331709e-04 1.401687e-02
362 1.168178e-05 2.225652e-03
363 2.353056e-05 2.899722e-03
364 6.567026e-06 2.012342e-03
365 1.040745e-04 9.177970e-03
366 2.318150e-05 3.206219e-03
367 5.244592e-05 5.552090e-03
368 4.576077e-05 4.443344e-03
369 3.629302e-04 1.924073e-02
370 1.142299e-04 9.221372e-03
371 1.293045e-04 1.275956e-02
372 2.442464e-03 5.392210e-02
373 1.434523e-03 6.839618e-02
374 2.755722e-03 8.202581e-02
375 1.872702e-04 9.152133e-03
376 6.850175e-04 2.563093e-02
377 5.200768e-05 6.660160e-03
378 5.670424e-05 8.761561e-03
379 3.328156e-05 5.846170e-03
380 4.493648e-05 3.811580e-03
381 9.619993e-06 1.315251e-03
382 1.204151e-04 4.530350e-03
383 9.619993e-06 1.315251e-03
384 3.578023e-05 2.497499e-03
385 6.869546e-06 4.241105e-03
386 1.901942e-05 4.586981e-03
387 4.609982e-05 9.738837e-03
388 7.479896e-06 2.241402e-03
389 1.572086e-05 3.902078e-03
390 2.787567e-05 3.700339e-03
391 1.571987e-04 1.444835e-02
392 9.180210e-05 5.317743e-03
393 4.532606e-05 7.563828e-03
394 8.669598e-06 2.442585e-03
395 2.220704e-05 5.467327e-03
396 2.393187e-04 1.696823e-02
397 1.004659e-04 6.592872e-03
398 1.642934e-04 6.501593e-03
399 4.995412e-05 4.783637e-03
400 1.009147e-04 7.671888e-03
401 5.201593e-05 4.948619e-03
402 5.201593e-05 4.948619e-03
403 4.995412e-05 4.783637e-03
404 8.767973e-05 5.135486e-03
405 8.767973e-05 5.135486e-03
406 4.995412e-05 4.783637e-03
407 2.621222e-05 3.709695e-03
408 2.989165e-05 4.569451e-03
409 3.761955e-04 1.453206e-02
410 1.813907e-04 8.138090e-03
411 1.846569e-04 8.749268e-03
412 2.967952e-04 8.949993e-03
413 2.989165e-05 4.569451e-03
414 5.359216e-05 4.854817e-03
415 4.418416e-05 3.803862e-03
416 5.359216e-05 4.854817e-03
417 8.767973e-05 5.135486e-03
418 3.820543e-04 1.605695e-02
419 4.622309e-04 2.828687e-02
420 3.820543e-04 1.605695e-02
421 9.195024e-05 5.545982e-03
422 1.939656e-04 8.520173e-03
423 6.616649e-04 1.872166e-02
424 2.179996e-03 4.530802e-02
425 3.803146e-04 1.590608e-02
426 3.173385e-04 9.535995e-03
427 1.082520e-03 2.218688e-02
428 3.178998e-04 1.082670e-02
429 3.275330e-04 1.025342e-02
430 3.275330e-04 1.025342e-02
431 6.140062e-04 1.777203e-02
432 1.939656e-04 8.520173e-03
433 1.939656e-04 8.520173e-03
434 3.275330e-04 1.025342e-02
435 6.129220e-04 1.527910e-02
436 2.288105e-04 1.498833e-02
437 3.178998e-04 1.082670e-02
438 3.275330e-04 1.025342e-02
439 1.765512e-03 2.906555e-02
440 1.184660e-04 9.385451e-03
441 1.184660e-04 9.385451e-03
442 2.226459e-04 2.849943e-02
443 1.755424e-04 1.733318e-02
444 1.265657e-03 5.509704e-02
445 7.483804e-04 2.750756e-02
446 3.602156e-07 9.053993e-04
447 8.417417e-07 1.203959e-03
448 2.196159e-07 9.050843e-04
449 2.196159e-07 9.050843e-04
450 4.241761e-07 9.843261e-04
451 6.416772e-06 1.587866e-03
452 8.417417e-07 1.203959e-03
453 1.207051e-06 1.068179e-03
454 1.418867e-06 1.208552e-03
455 8.417417e-07 1.203959e-03
456 7.116710e-07 1.019792e-03
457 3.708464e-07 9.153708e-04
458 8.417417e-07 1.203959e-03
459 1.298742e-04 1.155775e-02
460 3.695945e-06 2.521667e-03
461 4.358092e-07 1.046711e-03
462 6.372687e-06 2.727465e-03
463 1.199301e-06 1.084198e-03
464 1.412251e-06 1.274339e-03
465 2.025156e-06 1.119168e-03
466 2.384746e-06 1.340487e-03
467 1.207051e-06 1.068179e-03
468 7.311887e-07 1.083149e-03
469 1.412251e-06 1.274339e-03
470 9.642962e-07 1.719190e-03
471 8.417417e-07 1.203959e-03
472 1.199301e-06 1.084198e-03
473 1.412251e-06 1.274339e-03
474 2.663781e-07 1.042605e-03
475 1.412251e-06 1.274339e-03
476 1.160100e-06 1.363920e-03
477 7.792433e-06 2.362612e-03
478 2.049260e-05 2.467380e-03
479 1.260837e-06 1.457336e-03
480 2.917724e-06 1.920207e-03
481 4.261834e-06 1.624840e-03
482 1.555099e-06 2.029006e-03
483 9.505177e-07 2.018270e-03
484 6.440791e-06 1.714936e-03
485 1.485260e-06 1.688277e-03
486 6.372333e-05 8.546215e-03
487 1.262624e-06 1.442493e-03
488 6.206217e-05 6.393025e-03
489 8.125910e-04 1.705755e-02
490 3.127478e-05 4.437570e-03
491 3.534818e-05 4.840995e-03
492 1.988925e-05 4.447498e-03
493 3.119561e-05 4.556615e-03
494 2.250864e-05 5.530524e-03
495 1.165378e-05 4.223428e-03
496 1.171248e-04 7.890182e-03
497 1.318518e-04 8.952531e-03
498 3.127478e-05 4.437570e-03
499 5.827481e-05 5.900454e-03
500 1.906758e-05 4.410221e-03
501 3.681834e-05 6.260756e-03
502 8.648295e-04 2.974792e-02
503 3.127478e-05 4.437570e-03
504 5.116727e-05 4.601360e-03
505 1.855374e-05 4.370916e-03
506 6.947925e-05 7.490199e-03
507 1.042805e-04 7.116943e-03
508 5.790593e-05 5.704648e-03
509 3.426569e-05 5.756853e-03
510 6.317966e-05 6.972781e-03
511 2.990472e-05 4.427699e-03
512 3.530403e-05 5.654011e-03
513 2.990472e-05 4.427699e-03
514 5.792147e-04 3.673756e-02
515 2.285214e-05 5.017772e-03
516 2.285214e-05 5.017772e-03
517 4.413765e-05 7.439977e-03
518 1.292300e-05 4.720461e-03
519 4.413765e-05 7.439977e-03
520 7.851441e-05 9.706399e-03
521 4.413765e-05 7.439977e-03
522 4.413765e-05 7.439977e-03
523 4.413765e-05 7.439977e-03
524 4.065060e-05 6.191205e-03
525 2.285214e-05 5.017772e-03
526 4.413765e-05 7.439977e-03
527 2.285214e-05 5.017772e-03
528 1.338565e-05 4.493506e-03
529 4.413765e-05 7.439977e-03
530 8.325222e-06 4.398072e-03
531 2.285214e-05 5.017772e-03
532 4.993319e-05 8.636300e-03
533 3.176727e-05 9.468773e-03
534 2.807044e-05 7.194912e-03
535 2.807044e-05 7.194912e-03
536 1.025958e-04 1.487805e-02
537 6.270927e-05 1.425385e-02
538 3.176727e-05 9.468773e-03
539 5.421652e-05 1.029127e-02
540 6.270927e-05 1.425385e-02
541 6.270927e-05 1.425385e-02
542 1.785667e-04 2.044841e-02
543 5.197301e-05 9.784981e-03
544 2.285214e-05 5.017772e-03
545 3.465258e-05 2.748307e-03
546 2.856939e-05 2.017919e-03
547 1.889530e-05 2.036334e-03
548 2.065392e-05 2.323510e-03
549 5.352800e-06 1.436599e-03
550 3.465258e-05 2.748307e-03
551 1.702817e-05 1.757698e-03
552 8.554765e-05 7.968426e-03
553 1.539366e-04 6.794011e-03
554 5.343792e-05 2.438978e-03
555 5.669354e-05 2.975033e-03
556 1.605033e-05 1.579091e-03
557 3.185052e-05 2.104215e-03
558 3.357401e-05 2.571080e-03
559 1.889530e-05 2.036334e-03
560 3.185052e-05 2.104215e-03
561 1.889530e-05 2.036334e-03
562 1.889530e-05 2.036334e-03
563 4.077128e-05 3.227511e-03
564 1.889530e-05 2.036334e-03
565 1.932556e-04 5.081471e-03
566 3.185052e-05 2.104215e-03
567 1.054876e-04 3.455447e-03
568 1.054876e-04 3.455447e-03
569 1.054876e-04 3.455447e-03
570 1.054876e-04 3.455447e-03
571 5.343792e-05 2.438978e-03
572 1.002660e-04 3.231718e-03
573 5.079275e-05 2.325641e-03
574 1.054876e-04 3.455447e-03
575 8.820764e-05 2.696811e-03
576 1.054876e-04 3.455447e-03
577 8.820764e-05 2.696811e-03
578 7.769951e-05 5.389147e-03
579 5.664548e-04 2.527347e-02
580 1.054876e-04 3.455447e-03
581 1.991374e-05 2.239357e-03
582 1.054876e-04 3.455447e-03
583 6.404272e-05 3.814209e-03
584 5.343792e-05 2.438978e-03
585 1.054876e-04 3.455447e-03
586 8.816998e-05 6.100156e-03
587 1.056000e-04 8.496547e-03
588 7.359557e-05 4.228532e-03
589 2.495939e-05 1.607455e-03
590 7.505218e-04 3.093732e-02
591 1.757513e-04 3.871037e-03
592 3.373130e-05 2.289767e-03
593 2.744370e-04 9.429934e-03
594 6.454438e-05 3.092911e-03
595 5.227343e-05 5.191854e-03
596 2.242540e-03 7.525115e-02
597 6.573245e-06 1.804990e-03
598 6.384814e-06 1.737598e-03
599 6.573245e-06 1.804990e-03
600 1.078148e-05 1.814418e-03
601 1.261435e-05 2.335154e-03
602 1.269586e-05 2.265749e-03
603 2.178018e-05 2.782580e-03
604 6.573245e-06 1.804990e-03
605 1.078148e-05 1.814418e-03
606 6.573245e-06 1.804990e-03
607 3.906658e-06 1.709513e-03
608 1.078148e-05 1.814418e-03
609 2.736120e-05 6.594745e-03
610 1.530432e-05 3.211487e-03
611 2.765177e-04 2.573822e-02
612 7.604684e-05 1.069005e-02
613 4.622097e-05 9.874439e-03
614 8.521721e-05 1.377798e-02
615 3.832203e-05 6.602957e-03
616 2.552391e-06 3.131228e-03
617 4.100849e-05 7.716974e-03
618 1.129530e-05 3.845653e-03
619 1.837792e-05 3.930145e-03
620 2.028296e-05 4.659073e-03
621 2.613673e-04 8.946833e-03
622 2.053508e-05 4.846898e-03
623 1.416389e-05 5.965676e-03
624 3.326827e-05 4.688165e-03
625 7.011318e-06 3.682498e-03
626 2.339767e-04 1.777982e-02
627 1.150001e-05 3.692555e-03
628 1.166096e-04 7.418196e-03
629 7.935213e-05 9.238554e-03
630 1.123787e-04 6.842485e-03
631 5.295513e-05 5.285902e-03
632 1.386276e-04 1.380936e-02
633 3.060238e-05 4.696728e-03
634 1.172700e-05 4.044216e-03
635 1.915759e-05 3.886378e-03
636 2.012333e-05 4.552071e-03
637 6.096176e-05 6.629946e-03
638 3.603619e-05 6.708330e-03
639 7.580238e-05 8.593671e-03
640 1.727205e-05 3.373693e-03
641 1.951102e-05 4.610219e-03
642 3.427492e-05 5.266874e-03
643 2.366742e-04 1.222275e-02
644 1.976740e-05 4.086345e-03
645 7.481171e-05 7.361432e-03
646 1.439730e-04 1.050345e-02
647 2.558877e-05 5.929374e-03
648 1.293042e-04 1.155079e-02
649 5.665392e-05 4.724181e-03
650 2.210100e-05 4.376981e-03
651 3.612059e-05 4.564027e-03
652 3.873354e-05 5.171375e-03
653 1.680975e-03 6.446998e-02
654 2.135282e-04 3.446951e-02
655 1.026168e-05 2.589145e-03
656 1.336395e-04 1.070975e-02
657 2.379502e-03 9.954109e-02
658 9.277179e-05 6.318413e-03
659 7.636875e-05 9.188558e-03
660 7.702948e-05 8.781533e-03
661 1.266271e-04 9.630617e-03
662 4.366095e-04 2.366864e-02
663 9.304586e-05 5.680577e-03
664 7.206770e-05 9.225236e-03
665 7.702948e-05 8.781533e-03
666 2.195196e-04 1.295263e-02
667 9.652107e-05 6.576070e-03
668 5.567696e-05 5.115405e-03
669 9.068319e-05 1.346543e-02
670 1.215767e-04 1.086788e-02
671 2.195196e-04 1.295263e-02
672 3.526648e-05 5.715423e-03
673 1.201667e-03 3.169154e-02
674 3.075017e-05 4.891684e-03
675 4.453676e-04 1.506840e-02
676 1.613035e-04 7.555847e-03
677 2.023055e-04 1.230515e-02
678 7.369226e-05 4.098023e-03
679 3.591119e-04 1.573939e-02
680 1.449901e-05 2.763244e-03
681 8.028633e-05 5.290213e-03
682 1.769534e-03 6.409954e-02
683 2.097563e-04 5.438642e-03
684 5.485266e-04 1.548054e-02
685 6.900399e-05 4.103699e-03
686 4.089531e-04 2.279102e-02
687 2.267594e-05 2.621710e-03
688 1.242180e-04 4.362761e-03
689 1.172235e-04 4.407954e-03
690 3.980093e-05 2.838053e-03
691 1.466456e-04 6.437943e-03
692 1.057018e-04 3.259398e-03
693 6.708972e-05 2.981038e-03
694 1.396142e-05 2.831098e-03
695 5.423298e-05 5.052502e-03
696 3.820543e-04 1.605695e-02
697 7.819070e-04 3.248027e-02
698 4.109801e-04 3.195083e-02
699 1.194415e-04 9.739414e-03
700 1.799548e-04 8.201371e-03
701 9.068402e-05 5.348844e-03
702 6.584960e-05 7.112104e-03
703 4.593873e-05 4.159649e-03
704 2.262532e-04 1.320871e-02
705 4.593873e-05 4.159649e-03
706 8.872814e-05 5.407340e-03
707 2.807896e-05 3.975933e-03
708 1.511094e-03 3.424631e-02
709 2.125100e-04 1.265274e-02
710 2.335827e-04 1.258959e-02
711 2.749859e-04 2.047948e-02
712 1.440008e-04 6.428552e-03
713 2.125100e-04 1.265274e-02
714 7.167203e-05 8.509409e-03
715 2.202005e-05 5.472488e-03
716 8.214255e-05 1.051457e-02
717 1.534873e-04 1.550748e-02
718 6.035852e-05 5.877881e-03
719 4.253053e-05 7.733667e-03
720 1.385727e-04 1.209177e-02
721 5.909014e-05 5.740383e-03
722 1.165792e-04 8.516660e-03
723 2.125100e-04 1.265274e-02
724 3.611745e-05 5.504072e-03
725 3.611745e-05 5.504072e-03
726 6.975888e-05 7.794669e-03
727 5.380815e-04 3.456686e-02
728 7.268644e-05 9.465835e-03
729 4.161179e-05 8.031995e-03
730 7.296256e-05 9.127273e-03
731 1.829638e-05 4.412503e-03
732 1.829638e-05 4.412503e-03
733 3.611745e-05 5.504072e-03
734 4.161179e-05 8.031995e-03
735 5.199930e-05 4.987252e-03
736 8.199613e-05 1.199682e-02
737 2.869500e-04 2.462721e-02
738 1.409232e-04 1.375462e-02
739 3.611745e-05 5.504072e-03
740 5.909014e-05 5.740383e-03
741 2.993390e-05 4.532214e-03
742 6.565813e-05 8.403723e-03
743 5.909014e-05 5.740383e-03
744 6.035852e-05 5.877881e-03
745 1.296105e-04 1.159937e-02
746 3.611745e-05 5.504072e-03
747 3.611745e-05 5.504072e-03
748 2.109468e-05 5.256409e-03
749 2.349176e-04 1.498980e-02
750 4.002948e-04 9.486810e-03
751 8.073879e-05 6.070116e-03
752 1.324284e-04 6.185922e-03
753 1.652572e-03 2.800739e-02
754 1.029732e-04 3.882881e-03
755 1.981513e-04 5.133102e-03
756 1.395138e-04 7.530962e-03
757 2.947253e-04 9.380044e-03
758 4.090067e-05 4.109300e-03
759 9.595079e-05 3.128720e-03
760 6.224257e-04 1.173185e-02
761 7.666053e-04 2.171769e-02
762 3.052551e-05 5.204147e-03
763 3.052551e-05 5.204147e-03
764 3.274860e-05 5.269480e-03
765 1.916559e-03 7.422081e-02
766 1.980763e-03 8.276435e-02
767 7.980102e-04 2.163943e-02
768 2.369536e-04 4.234241e-02
769 1.281150e-04 5.867439e-03
770 5.643686e-05 3.285050e-03
771 5.643686e-05 3.285050e-03
772 2.454399e-05 3.809804e-03
773 2.591362e-04 8.845388e-03
774 4.015532e-05 3.961904e-03
775 7.953567e-05 5.751382e-03
776 4.389266e-05 4.405964e-03
777 1.283553e-04 6.543641e-03
778 2.459561e-04 7.857877e-03
779 8.262597e-05 5.884590e-03
780 4.015532e-05 3.961904e-03
781 4.197657e-05 4.070460e-03
782 1.079180e-05 2.083003e-03
783 3.535902e-05 2.784616e-03
784 2.105294e-04 6.727745e-03
785 6.051597e-05 3.152392e-03
786 3.582755e-05 3.123965e-03
787 6.220844e-05 3.470399e-03
788 1.009812e-04 3.943144e-03
789 6.172238e-05 3.680626e-03
790 2.984246e-04 5.553485e-03
791 1.593058e-05 1.639387e-03
792 6.386540e-05 3.943938e-03
793 6.427808e-05 3.766948e-03
794 2.639576e-03 4.245588e-02
795 2.712118e-05 2.144238e-03
796 1.776662e-05 2.539971e-03
797 2.918714e-04 5.885413e-03
798 5.276816e-05 2.793964e-03
799 1.091652e-04 6.111683e-03
800 5.478877e-05 3.448864e-03
801 3.783302e-05 4.308023e-03
802 3.080005e-05 2.941649e-03
803 3.147453e-04 8.529731e-03
804 5.648499e-05 3.669034e-03
805 3.993555e-05 4.742502e-03
806 5.066602e-04 2.994431e-02
807 5.792329e-05 3.065244e-03
808 1.903952e-05 2.153965e-03
809 1.787341e-04 5.772276e-03
810 9.627430e-06 1.923839e-03
811 1.236770e-04 6.313177e-03
812 1.894093e-05 2.746942e-03
813 9.554468e-05 1.525600e-02
814 6.544018e-05 8.110928e-03
815 1.073355e-04 8.204791e-03
816 1.381916e-04 9.522042e-03
817 1.392291e-04 9.664339e-03
818 6.804904e-05 7.786260e-03
819 6.804904e-05 7.786260e-03
820 2.171038e-04 1.357798e-02
821 2.302811e-04 1.457553e-02
822 2.351244e-04 1.957445e-02
823 6.504665e-04 5.371066e-02
824 1.807735e-03 1.071693e-01
825 1.326883e-03 8.811134e-02
826 1.406270e-03 4.815008e-02
827 5.755341e-04 4.936449e-02
828 3.780198e-03 1.310882e-01
829 1.636150e-03 6.545384e-02
830 1.214775e-05 4.633653e-03
831 1.004927e-05 3.181688e-03
832 8.350029e-06 4.314114e-03
833 2.432420e-05 7.470286e-03
834 9.823376e-06 3.023107e-03
835 1.270729e-05 5.118687e-03
836 3.898288e-06 3.353086e-03
837 3.107611e-05 4.724781e-03
838 1.019927e-05 3.585189e-03
839 1.022140e-05 3.648217e-03
840 6.742757e-05 1.031493e-02
841 1.022140e-05 3.648217e-03
842 2.038113e-05 6.118753e-03
843 3.022754e-05 5.069575e-03
844 5.581176e-05 6.656475e-03
845 5.381307e-05 5.762556e-03
846 5.961566e-05 8.988363e-03
847 1.022140e-05 3.648217e-03
848 3.229912e-05 5.529695e-03
849 5.809258e-05 6.957908e-03
850 1.032807e-05 3.753307e-03
851 2.684664e-04 1.329919e-02
852 1.694866e-05 4.027472e-03
853 1.725999e-05 4.049231e-03
854 1.042087e-05 3.448532e-03
855 1.720744e-05 3.827767e-03
856 2.508555e-06 1.430566e-03
857 2.250627e-06 1.166464e-03
858 4.818710e-06 1.888838e-03
859 4.096451e-06 1.432154e-03
860 2.158237e-04 1.218526e-02
861 5.271787e-05 4.265570e-03
862 4.096451e-06 1.432154e-03
863 2.428277e-06 1.369672e-03
864 1.449021e-06 1.364236e-03
865 1.527936e-06 1.396905e-03
866 4.781426e-06 1.810124e-03
867 2.428277e-06 1.369672e-03
868 8.589446e-07 1.329412e-03
869 1.590354e-06 1.543223e-03
870 4.096451e-06 1.432154e-03
871 1.487010e-06 1.368731e-03
872 4.991958e-06 1.782642e-03
873 2.501860e-06 1.364222e-03
874 2.599068e-06 1.276429e-03
875 8.042244e-05 2.522609e-02
876 1.527936e-06 1.396905e-03
877 1.449021e-06 1.364236e-03
878 4.628411e-06 1.686129e-03
879 8.589446e-07 1.329412e-03
880 8.589446e-07 1.329412e-03
881 1.487010e-06 1.368731e-03
882 2.943697e-06 1.538752e-03
883 3.938052e-06 1.286445e-03
884 1.484227e-06 1.360259e-03
885 2.421566e-06 1.388169e-03
886 2.364496e-05 2.228136e-03
887 1.368421e-05 1.751652e-03
888 3.784474e-05 5.790006e-03
889 1.036016e-04 5.855773e-03
890 3.601215e-05 4.814033e-03
891 1.441974e-04 1.330737e-02
892 1.230279e-04 6.799258e-03
893 2.828338e-05 2.686306e-03
894 1.368421e-05 1.751652e-03
895 4.250906e-05 2.845306e-03
896 4.948763e-05 4.463187e-03
897 1.341858e-04 9.912089e-03
898 4.475507e-05 6.903269e-03
899 1.562940e-04 1.357257e-02
900 2.295899e-05 2.007743e-03
901 2.251656e-05 1.995181e-03
902 4.220154e-05 2.962756e-03
903 5.170457e-05 3.940430e-03
904 8.035143e-04 3.442040e-02
905 1.579593e-04 5.559004e-03
906 4.988163e-04 1.534729e-02
907 2.103884e-03 4.138870e-02
908 4.784248e-06 1.999394e-03
909 8.010305e-06 2.156450e-03
910 4.143946e-06 1.415777e-03
911 7.522500e-06 1.787138e-03
912 1.029966e-05 1.414466e-03
913 2.025475e-06 1.132544e-03
914 1.995005e-05 1.845184e-03
915 7.730349e-06 1.924119e-03
916 9.336724e-05 5.982279e-03
917 2.835986e-06 1.877341e-03
918 6.439562e-06 1.455807e-03
919 2.337078e-06 1.315652e-03
920 7.385053e-06 1.573306e-03
921 1.846746e-06 1.008208e-03
922 3.399257e-06 1.261816e-03
923 1.107218e-04 1.035935e-02
924 5.517206e-05 4.384239e-03
925 2.833889e-06 9.398723e-04
926 4.664791e-05 3.399494e-03
927 3.323073e-06 1.073643e-03
928 6.636992e-06 1.472180e-03
929 8.897346e-06 2.255788e-03
930 3.946263e-06 1.386734e-03
931 1.276216e-05 1.944944e-03
932 2.294955e-06 1.321510e-03
933 5.280933e-06 1.086919e-03
934 1.677956e-05 1.527813e-03
935 6.024120e-06 1.266529e-03
936 3.275512e-06 1.063628e-03
937 1.530810e-05 1.242667e-03
938 6.486839e-06 1.412445e-03
939 7.623112e-06 1.595115e-03
940 9.311861e-06 1.290689e-03
941 3.012404e-05 1.965389e-03
942 6.445164e-06 1.346024e-03
943 8.782346e-06 1.042356e-03
944 8.595680e-06 1.158179e-03
945 1.771313e-05 1.384915e-03
946 2.922329e-05 1.571193e-03
947 2.817917e-04 1.494988e-02
948 1.105991e-05 5.817395e-03
949 7.754460e-05 7.117264e-03
950 2.785050e-05 6.498895e-03
951 9.618088e-05 1.242969e-02
952 3.939344e-05 7.248319e-03
953 7.119891e-05 6.391283e-03
954 9.171839e-06 2.772847e-03
955 1.274629e-04 1.026562e-02
956 9.171839e-06 2.772847e-03
957 4.303081e-05 7.046953e-03
958 1.414092e-05 5.452043e-03
959 3.108067e-04 2.499087e-02
960 1.601060e-04 1.411392e-02
961 1.595071e-05 6.692093e-03
962 8.494373e-05 9.517829e-03
963 1.840351e-05 3.249474e-03
964 2.550828e-04 1.535251e-02
965 2.080587e-05 4.965916e-03
966 3.707519e-04 3.396506e-02
967 3.190068e-04 1.963934e-02
968 9.927256e-06 2.984122e-03
969 6.032853e-05 4.391014e-03
970 1.332313e-04 9.983848e-03
971 3.399828e-06 2.697210e-03
972 2.502987e-05 6.161751e-03
973 7.583557e-05 7.000399e-03
974 1.050088e-05 2.867339e-03
975 2.367356e-05 5.121173e-03
976 3.867912e-04 1.273779e-02
977 3.806358e-05 2.196822e-03
978 2.406098e-05 2.268349e-03
979 9.312585e-06 2.336622e-03
980 1.378135e-06 1.129008e-03
981 7.075534e-06 3.227725e-03
982 4.320496e-05 2.830216e-03
983 1.349550e-05 1.962807e-03
984 4.397413e-05 2.628001e-03
985 1.561036e-05 2.424138e-03
986 1.561036e-05 2.424138e-03
987 2.106146e-06 1.073012e-03
988 8.072810e-06 1.702372e-03
989 2.259648e-05 3.969651e-03
990 9.369487e-06 2.393157e-03
991 2.161089e-05 3.852684e-03
992 4.746397e-06 1.892898e-03
993 8.100126e-06 1.938372e-03
994 4.805394e-06 1.925543e-03
995 7.929909e-06 1.908846e-03
996 9.485948e-06 2.457599e-03
997 7.146278e-05 3.898461e-03
998 9.369487e-06 2.393157e-03
999 1.393316e-05 1.799018e-03
1000 2.468824e-06 1.339968e-03
1001 2.468824e-06 1.339968e-03
1002 3.790800e-05 1.876472e-03
1003 4.125833e-06 1.377752e-03
1004 2.631332e-05 2.465814e-03
1005 5.676220e-06 2.363848e-03
1006 3.356580e-05 2.074423e-03
1007 9.485948e-06 2.457599e-03
1008 8.000679e-06 1.905570e-03
1009 2.413435e-05 2.269001e-03
1010 5.239345e-06 2.196459e-03
1011 2.413435e-05 2.269001e-03
1012 2.369935e-05 2.294398e-03
1013 4.805394e-06 1.925543e-03
1014 2.413435e-05 2.269001e-03
1015 8.006193e-06 1.941432e-03
1016 2.536754e-06 1.381327e-03
1017 4.089526e-06 1.411515e-03
1018 1.448567e-05 2.225304e-03
1019 1.571014e-05 2.627395e-03
1020 4.330551e-06 1.527665e-03
1021 8.327478e-06 1.714405e-03
1022 1.275945e-06 1.066423e-03
1023 6.982731e-06 1.393992e-03
1024 2.507994e-06 1.285344e-03
1025 1.320501e-05 1.832758e-03
1026 4.020556e-03 1.322290e-01
1027 1.546634e-04 1.372900e-02
1028 2.542479e-04 1.516208e-02
1029 2.607813e-04 1.534113e-02
1030 5.636922e-04 3.563545e-02
1031 1.454052e-03 4.308359e-02
1032 3.264715e-05 4.586507e-03
1033 8.372150e-05 1.028606e-02
1034 7.772148e-04 2.868219e-02
1035 2.314538e-05 2.838501e-03
1036 5.743963e-05 6.420796e-03
1037 2.070461e-04 9.682898e-03
1038 9.479188e-06 2.523183e-03
1039 1.520324e-04 6.281138e-03
1040 2.416336e-05 6.735280e-03
1041 1.553651e-04 1.849754e-02
1042 3.760800e-05 8.553917e-03
1043 1.027723e-04 8.914923e-03
1044 2.621420e-04 7.655882e-03
1045 8.078153e-05 4.612896e-03
1046 2.577899e-04 9.253571e-03
1047 1.428598e-04 1.408943e-02
1048 2.827405e-04 2.383515e-02
1049 2.397948e-05 6.752699e-03
1050 7.521058e-04 5.463284e-02
1051 4.242393e-04 4.358936e-02
1052 2.108171e-06 1.175676e-03
1053 2.845414e-06 1.707571e-03
1054 1.615335e-04 1.344279e-02
1055 2.434019e-06 1.474272e-03
1056 1.276966e-05 4.018026e-03
1057 4.773956e-06 1.886585e-03
1058 7.287808e-06 1.794102e-03
1059 1.070219e-06 9.962619e-04
1060 1.002440e-06 9.291168e-04
1061 2.006868e-05 1.769594e-03
1062 2.427740e-06 1.578844e-03
1063 1.682438e-05 2.958822e-03
1064 1.984524e-04 6.896950e-03
1065 7.395365e-05 6.348721e-03
1066 6.291573e-06 1.443251e-03
1067 2.339331e-06 1.390840e-03
1068 3.845575e-06 1.423758e-03
1069 1.060528e-05 1.460047e-03
1070 6.379774e-05 1.170684e-02
1071 1.420445e-05 4.310356e-03
1072 4.931408e-06 2.342429e-03
1073 4.788938e-05 6.889427e-03
1074 1.070219e-06 9.962619e-04
1075 4.945289e-05 9.707338e-03
1076 1.030932e-05 2.643283e-03
1077 7.379359e-05 6.287696e-03
1078 2.502348e-06 1.459249e-03
1079 2.243129e-05 4.514924e-03
1080 6.386052e-06 1.359844e-03
1081 3.903323e-06 1.340058e-03
1082 3.903323e-06 1.340058e-03
1083 6.591907e-06 1.372720e-03
1084 2.108171e-06 1.175676e-03
1085 1.082949e-05 3.598498e-03
1086 2.108171e-06 1.175676e-03
1087 3.367082e-06 1.250950e-03
1088 8.142573e-06 4.459763e-03
1089 2.108171e-06 1.175676e-03
1090 1.261491e-06 1.161490e-03
1091 2.108171e-06 1.175676e-03
1092 2.748061e-03 6.255763e-02
1093 1.953504e-04 1.274001e-02
1094 1.196590e-04 9.384616e-03
1095 2.495907e-06 1.378492e-03
1096 2.495907e-06 1.378492e-03
1097 2.511474e-05 2.949316e-03
1098 6.517741e-05 3.628051e-03
1099 1.408727e-05 2.584310e-03
1100 1.138749e-05 1.627954e-03
1101 1.919512e-05 1.658355e-03
1102 7.575016e-06 1.907514e-03
1103 6.942714e-06 1.620133e-03
1104 3.609115e-04 1.553483e-02
1105 4.093805e-06 1.381303e-03
1106 8.454259e-06 1.947282e-03
1107 2.286376e-05 2.399759e-03
1108 6.900649e-06 1.392233e-03
1109 1.077297e-05 1.584117e-03
1110 5.849910e-05 2.977847e-03
1111 2.443794e-05 2.912365e-03
1112 1.992314e-04 5.594842e-03
1113 1.941412e-04 5.292611e-03
1114 4.915572e-06 1.811176e-03
1115 1.949936e-04 5.748860e-03
1116 2.495907e-06 1.378492e-03
1117 6.729717e-06 1.468564e-03
1118 3.740370e-05 3.094262e-03
1119 1.992314e-04 5.594842e-03
1120 2.368374e-05 2.538038e-03
1121 3.579619e-05 2.727809e-03
1122 1.269341e-05 2.375280e-03
1123 1.203938e-05 1.605923e-03
1124 9.128852e-06 2.441471e-03
1125 8.551862e-06 2.048134e-03
1126 2.181602e-05 2.460002e-03
1127 1.300297e-05 1.933732e-03
1128 2.087957e-05 1.803081e-03
1129 7.460863e-06 1.884330e-03
1130 1.338022e-05 2.615203e-03
1131 1.073184e-04 5.525978e-03
1132 6.977592e-04 2.803542e-02
1133 2.251136e-04 1.038225e-02
1134 3.700408e-05 2.574601e-03
1135 6.489130e-06 1.227959e-03
1136 7.481369e-06 1.537947e-03
1137 1.595290e-05 2.523305e-03
1138 1.472000e-05 2.247709e-03
1139 1.701501e-05 2.706235e-03
1140 1.487336e-03 3.150055e-02
1141 5.796803e-05 5.249544e-03
1142 2.545851e-05 2.276893e-03
1143 2.618448e-05 2.602375e-03
1144 2.108493e-04 9.026218e-03
1145 4.802038e-05 3.580865e-03
1146 3.643119e-04 9.989890e-03
1147 2.303629e-04 1.187252e-02
1148 4.802038e-05 3.580865e-03
1149 2.808593e-05 2.816294e-03
1150 3.503797e-05 1.933063e-03
1151 3.531526e-05 1.947689e-03
1152 2.150004e-05 2.310679e-03
1153 2.139468e-05 1.835806e-03
1154 1.502033e-05 2.293069e-03
1155 1.234917e-05 1.586339e-03
1156 1.734510e-04 7.725370e-03
1157 1.451354e-04 1.123752e-02
1158 7.700066e-05 6.808773e-03
1159 2.880091e-04 2.077383e-02
1160 2.821786e-05 3.112188e-03
1161 2.876382e-05 2.806628e-03
1162 1.075866e-04 8.023313e-03
1163 3.031923e-04 8.518384e-03
1164 2.656452e-05 3.121714e-03
1165 1.766772e-05 3.190397e-03
1166 1.555527e-04 1.261168e-02
1167 6.674845e-05 5.718769e-03
1168 2.943593e-05 3.272960e-03
1169 1.075866e-04 8.023313e-03
1170 1.075866e-04 8.023313e-03
1171 2.821786e-05 3.112188e-03
1172 7.700066e-05 6.808773e-03
1173 6.261329e-04 1.580218e-02
1174 3.135593e-04 2.021303e-02
1175 1.889961e-04 1.279159e-02
1176 4.676671e-03 1.825836e-01
1177 1.399355e-05 2.439936e-03
1178 4.376204e-05 9.132448e-03
1179 5.806359e-05 1.403776e-02
1180 1.997363e-05 1.349111e-02
1181 2.630337e-05 7.973325e-03
1182 1.875758e-05 9.950780e-03
1183 2.414003e-04 8.291588e-03
1184 6.235515e-04 2.041166e-02
1185 8.810924e-04 1.682714e-02
1186 1.671859e-04 7.924222e-03
1187 8.246333e-05 4.604062e-03
1188 2.279935e-04 5.058056e-03
1189 1.932759e-04 1.055772e-02
1190 4.112236e-04 2.529267e-02
1191 7.157632e-05 8.740123e-03
1192 2.973419e-04 1.269462e-02
1193 3.200918e-04 1.522903e-02
1194 3.461762e-04 1.833239e-02
1195 1.869685e-04 1.099497e-02
1196 1.109189e-04 1.055954e-02
1197 5.675899e-05 6.443948e-03
1198 1.892667e-04 1.310267e-02
1199 2.650843e-04 8.662184e-03
1200 1.948087e-04 1.299157e-02
1201 2.873774e-04 1.330642e-02
1202 6.607993e-05 9.626176e-03
1203 3.294663e-04 1.414658e-02
1204 3.070845e-04 1.565455e-02
1205 1.537214e-05 3.531985e-03
1206 6.328659e-05 7.585149e-03
1207 5.882441e-06 3.229831e-03
1208 7.884259e-05 1.483588e-02
1209 5.348218e-05 5.157149e-03
1210 3.193481e-05 4.618083e-03
1211 3.068943e-05 1.940037e-03
1212 2.173722e-05 2.293601e-03
1213 2.021472e-05 5.087218e-03
1214 1.363170e-05 5.709147e-03
1215 1.021425e-04 1.648218e-02
1216 3.724641e-06 3.928988e-03
1217 2.977216e-04 2.661476e-02
1218 2.672329e-05 3.903433e-03
1219 2.943358e-06 1.040523e-03
1220 2.147283e-05 2.572269e-03
1221 1.534934e-05 1.582958e-03
1222 9.303502e-04 1.756150e-02
1223 1.128194e-05 1.702121e-03
1224 9.752698e-06 1.415059e-03
1225 6.724722e-05 3.539925e-03
1226 6.984179e-06 2.026201e-03
1227 1.076802e-03 4.870056e-02
1228 2.353384e-05 2.506160e-03
1229 2.230534e-06 1.079413e-03
1230 4.910707e-06 1.990002e-03
1231 1.521789e-06 1.390003e-03
1232 2.760603e-06 1.861686e-03
1233 4.888638e-06 2.031554e-03
1234 1.456572e-05 2.373164e-03
1235 8.169763e-06 2.090733e-03
1236 8.169763e-06 2.090733e-03
1237 8.144886e-06 2.047718e-03
1238 1.361152e-05 2.117747e-03
1239 4.888638e-06 2.031554e-03
1240 3.530426e-03 7.186305e-02
1241 3.403766e-05 2.024202e-03
1242 1.251096e-05 2.060996e-03
1243 1.326224e-05 2.065034e-03
1244 4.888638e-06 2.031554e-03
1245 8.169763e-06 2.090733e-03
1246 4.838148e-06 2.006206e-03
1247 1.584480e-04 6.166606e-03
1248 2.579773e-04 1.746546e-02
1249 1.104944e-04 7.638062e-03
1250 1.812337e-04 7.796546e-03
1251 2.742625e-04 8.068074e-03
1252 3.060337e-04 9.299472e-03
1253 2.127404e-04 7.152095e-03
1254 6.998279e-05 3.712276e-03
1255 8.509748e-04 1.953929e-02
1256 2.616957e-05 2.844616e-03
1257 1.037601e-03 2.839265e-02
1258 9.683400e-05 7.513577e-03
1259 7.363552e-04 1.503806e-02
1260 4.214202e-05 5.865409e-03
1261 6.387971e-06 1.623233e-03
1262 1.580058e-04 8.367232e-03
1263 2.350502e-05 2.204758e-03
1264 2.546511e-04 7.757275e-03
1265 1.437244e-05 2.508772e-03
1266 4.620299e-05 3.893717e-03
1267 1.751890e-06 1.891983e-03
1268 4.058494e-05 2.554394e-03
1269 3.812090e-04 1.418206e-02
1270 1.044442e-04 6.282698e-03
1271 3.622618e-05 5.484959e-03
1272 9.334428e-06 2.652423e-03
1273 1.398526e-05 1.977121e-03
1274 6.863678e-05 1.043589e-02
1275 3.050708e-04 1.021874e-02
1276 3.916753e-04 1.701920e-02
1277 4.794775e-04 3.001674e-02
1278 2.933410e-04 2.557441e-02
1279 3.085581e-05 2.183748e-03
1280 5.807575e-05 5.961849e-03
1281 2.730326e-05 7.451538e-03
1282 4.155287e-05 9.223748e-03
1283 5.285734e-05 7.141072e-03
1284 3.265591e-04 1.562148e-02
1285 4.749629e-05 4.702936e-03
1286 5.050676e-04 1.114587e-02
1287 8.052441e-06 2.187680e-03
1288 5.050822e-04 2.186734e-02
1289 9.663546e-04 6.297633e-02
1290 3.811719e-06 1.439996e-03
1291 1.893695e-04 5.002677e-03
1292 2.339161e-05 2.629263e-03
1293 4.018745e-04 2.221742e-02
1294 8.261873e-06 2.053974e-03
1295 2.887510e-05 4.308361e-03
1296 2.782203e-05 4.567413e-03
1297 5.380283e-04 4.092304e-02
1298 2.194063e-04 3.747993e-02
1299 2.179554e-05 5.057023e-03
1300 7.905944e-04 3.881067e-02
1301 8.494475e-06 2.174879e-03
1302 7.537225e-06 1.873680e-03
1303 5.045116e-05 1.042829e-02
1304 1.358523e-04 9.809892e-03
1305 2.795173e-05 7.681447e-03
1306 6.754076e-05 7.150018e-03
1307 5.633897e-05 4.829306e-03
1308 6.884377e-05 8.159812e-03
1309 1.331751e-04 1.130758e-02
1310 2.107504e-04 2.350112e-02
1311 8.766519e-05 1.406436e-02
1312 4.879423e-04 1.971900e-02
1313 5.997811e-06 3.171726e-03
1314 4.589600e-05 5.150333e-03
1315 3.733250e-05 2.965074e-03
1316 6.666670e-06 4.519219e-03
1317 9.646027e-06 3.110631e-03
1318 2.408009e-06 1.789996e-03
1319 1.252637e-05 1.989661e-03
1320 1.044876e-05 4.029369e-03
1321 6.533798e-06 3.737847e-03
1322 2.305804e-06 1.422883e-03
1323 1.320781e-04 5.638215e-03
1324 1.103441e-05 1.430395e-03
1325 4.639532e-05 3.456414e-03
1326 4.356102e-05 2.533860e-03
1327 3.444433e-05 4.783721e-03
1328 4.591081e-05 1.955673e-03
1329 9.217694e-06 2.646102e-03
1330 3.978180e-05 2.494247e-03
1331 3.116976e-04 4.582686e-03
1332 7.007650e-04 2.299406e-02
1333 2.831165e-04 9.508892e-03
1334 8.394356e-05 1.477263e-02
1335 5.682215e-05 6.511928e-03
1336 8.346491e-05 5.225515e-03
1337 1.761908e-05 1.961181e-03
1338 2.743723e-05 4.347416e-03
1339 2.186380e-04 1.675587e-02
1340 5.913280e-05 7.705854e-03
1341 2.251591e-05 2.487997e-03
1342 3.441159e-06 1.464930e-03
1343 5.270871e-04 3.043587e-02
1344 1.221505e-05 4.326846e-03
1345 5.548305e-04 1.627791e-02
1346 1.850993e-04 1.485293e-02
1347 2.981491e-04 1.742658e-02
1348 1.679221e-04 7.773747e-03
1349 1.309559e-04 7.685982e-03
1350 6.687622e-04 4.777360e-02
1351 1.080472e-03 4.384000e-02
1352 1.793676e-04 1.220054e-02
1353 6.404928e-06 3.133105e-03
1354 1.386106e-05 2.341984e-03
1355 2.815107e-04 1.930864e-02
1356 1.948257e-05 4.079995e-03
1357 2.071974e-05 4.117682e-03
1358 2.506576e-04 1.223142e-02
1359 2.477553e-04 1.626037e-02
1360 3.806523e-06 1.510050e-03
1361 4.260404e-05 4.240999e-03
1362 1.354819e-05 2.203693e-03
1363 3.625158e-06 1.221952e-03
1364 3.428376e-06 1.101000e-03
1365 6.681643e-06 1.540883e-03
1366 3.750417e-05 5.692741e-03
1367 5.046601e-05 3.872455e-03
1368 2.081266e-05 2.056990e-03
1369 4.762531e-06 1.655196e-03
1370 7.438857e-07 1.060894e-03
1371 4.008855e-06 1.407310e-03
1372 6.887551e-07 1.021350e-03
1373 4.622300e-06 1.768467e-03
1374 9.361082e-06 2.734542e-03
1375 6.320453e-04 1.960313e-02
1376 1.729866e-05 1.485991e-03
1377 5.253593e-05 4.049383e-03
1378 4.409307e-05 5.124427e-03
1379 1.965319e-04 7.515007e-03
1380 2.481162e-04 1.578377e-02
1381 1.926624e-04 1.064278e-02
1382 1.681634e-05 1.411851e-03
1383 1.062742e-05 1.595375e-03
1384 6.633318e-04 2.831382e-02
1385 9.148326e-05 6.754299e-03
1386 2.513775e-04 1.021328e-02
1387 4.027318e-04 1.832201e-02
1388 6.759587e-04 2.393695e-02
1389 4.118198e-05 3.860399e-03
1390 3.928242e-04 1.685940e-02
1391 1.397357e-05 4.897659e-03
1392 8.394323e-05 1.222150e-02
1393 1.990180e-05 2.019781e-03
1394 3.613431e-05 5.957102e-03
1395 1.019212e-04 1.468171e-02
1396 1.325395e-05 2.584942e-03
1397 9.524388e-06 1.527108e-03
1398 1.443431e-04 1.248293e-02
1399 4.782890e-05 4.580381e-03
1400 3.104387e-05 1.851219e-03
1401 1.897496e-04 1.075417e-02
1402 1.951560e-05 1.949482e-03
1403 1.142481e-05 1.738702e-03
1404 3.491816e-04 1.046840e-02
1405 4.713711e-06 1.758141e-03
1406 1.122376e-05 4.571737e-03
1407 7.560528e-06 1.922154e-03
1408 4.565107e-06 2.078383e-03
1409 1.943580e-05 6.109741e-03
1410 1.344369e-04 3.236076e-03
1411 2.159932e-03 4.418124e-02
1412 4.356049e-04 1.957501e-02
1413 1.422124e-05 1.436882e-03
1414 3.571411e-04 1.795377e-02
1415 1.170043e-05 2.575685e-03
1416 2.038765e-05 1.960603e-03
1417 6.953149e-06 1.705593e-03
1418 1.971966e-05 1.984300e-03
1419 1.135059e-04 8.397013e-03
1420 2.084247e-04 1.387117e-02
1421 6.371144e-04 2.414969e-02
1422 3.291378e-05 6.070378e-03
1423 3.890702e-04 1.290356e-02
1424 5.336528e-05 6.147243e-03
1425 2.633558e-04 1.465517e-02
1426 5.297058e-04 1.145372e-02
1427 2.875960e-04 1.340890e-02
1428 6.039198e-06 1.211261e-03
1429 3.878313e-05 5.469412e-03
1430 1.455672e-04 7.595116e-03
1431 4.251915e-04 1.047467e-02
1432 4.882699e-05 5.862930e-03
1433 8.141797e-05 5.673074e-03
1434 1.814146e-04 2.368905e-02
1435 1.838315e-04 1.506093e-02
1436 5.388784e-04 1.788372e-02
1437 2.210607e-05 2.048196e-03
1438 1.371746e-05 2.013377e-03
1439 1.998650e-03 9.826904e-02
1440 7.735650e-05 9.328416e-03
1441 7.605416e-04 7.088101e-02
1442 7.698907e-06 1.864526e-03
1443 1.689722e-04 1.820436e-02
1444 1.776984e-04 2.252831e-02
1445 1.626287e-04 1.645283e-02
1446 5.001930e-05 4.587910e-03
1447 3.095045e-05 2.291959e-03
1448 3.104948e-05 6.426474e-03
1449 1.394318e-04 6.093225e-03
1450 9.000215e-05 7.420489e-03
1451 1.237620e-05 1.291823e-03
1452 1.233464e-04 7.283194e-03
1453 6.112392e-06 1.529873e-03
1454 3.076557e-05 9.977066e-03
1455 1.236729e-05 4.108005e-03
1456 2.010794e-05 4.408959e-03
1457 6.768954e-06 4.031792e-03
1458 1.906902e-06 2.786397e-03
1459 1.455169e-05 3.162453e-03
1460 1.317959e-05 4.113395e-03
1461 2.560124e-05 6.755185e-03
1462 1.560159e-05 6.913227e-03
1463 1.580775e-04 7.714374e-03
1464 2.084951e-03 3.400146e-02
1465 6.947781e-04 1.833723e-02
1466 1.449125e-03 4.999853e-02
1467 1.026885e-04 1.575401e-02
1468 4.322566e-04 2.077386e-02
1469 9.819833e-04 3.584910e-02
1470 8.996836e-05 2.686479e-03
1471 2.223202e-04 6.672462e-03
1472 2.178742e-04 5.430911e-03
1473 9.031265e-06 2.460167e-03
1474 1.245743e-04 1.073880e-02
1475 1.652171e-05 3.686667e-03
1476 1.586987e-05 3.272500e-03
1477 1.952643e-04 2.020099e-02
1478 1.590396e-04 1.478887e-02
1479 3.288077e-04 2.425779e-02
1480 3.705736e-04 1.578119e-02
1481 4.726376e-05 1.021898e-02
1482 2.999913e-04 2.491483e-02
1483 8.823226e-06 5.767955e-03
1484 1.708843e-05 4.486456e-03
1485 7.609977e-06 4.342338e-03
1486 3.328868e-04 1.277828e-02
1487 1.290585e-05 2.043081e-03
1488 5.261966e-05 4.761492e-03
1489 9.480761e-06 2.535339e-03
1490 1.665040e-05 2.904230e-03
1491 3.173241e-04 2.255760e-02
1492 2.843697e-05 4.096546e-03
1493 1.264290e-05 2.000785e-03
1494 1.047673e-04 6.563120e-03
1495 4.481333e-04 8.137102e-03
1496 9.703172e-06 1.254850e-03
1497 2.574497e-04 1.485536e-02
1498 1.121290e-03 2.753996e-02
1499 2.704335e-05 1.449368e-03
1500 6.403521e-05 3.548096e-03
1501 2.265600e-04 1.498967e-02
1502 3.041288e-04 5.241312e-03
1503 7.228822e-05 4.464164e-03
1504 8.699358e-04 2.026934e-02
1505 8.925398e-04 4.114912e-02
1506 8.535057e-06 1.140909e-03
1507 1.279971e-04 4.115940e-03
1508 3.865759e-03 8.408026e-02
1509 1.222518e-05 1.967339e-03
1510 1.019193e-05 2.807554e-03
1511 1.323568e-04 5.032818e-03
1512 1.739473e-06 9.651075e-04
1513 8.258727e-05 6.495009e-03
1514 4.770311e-05 3.486239e-03
1515 8.258496e-05 5.034165e-03
1516 6.811445e-04 1.293212e-02
1517 6.643888e-05 3.220155e-03
1518 9.426819e-04 2.797282e-02
1519 3.862050e-06 1.594383e-03
1520 1.909227e-04 5.601555e-03
1521 4.639872e-06 1.937061e-03
1522 1.109648e-05 3.513261e-03
1523 3.746011e-05 3.056541e-03
1524 5.387292e-04 1.127834e-02
1525 8.423510e-05 5.232024e-03
1526 1.839654e-04 8.481887e-03
1527 5.311309e-05 4.864698e-03
1528 3.254543e-05 4.511534e-03
1529 1.002806e-04 7.477789e-03
1530 2.739509e-05 3.109675e-03
1531 4.136350e-04 1.428856e-02
1532 5.854903e-05 5.249237e-03
1533 3.945100e-04 1.234760e-02
1534 9.757434e-04 4.404119e-02
1535 2.417429e-03 3.754567e-02
1536 1.300882e-03 6.494239e-02
1537 3.253060e-05 4.976208e-03
1538 3.342783e-03 1.026245e-01
1539 2.013689e-04 9.562766e-03
1540 2.262283e-04 3.910632e-02
1541 9.922278e-04 4.800611e-02
1542 1.521147e-03 4.127391e-02
1543 2.213845e-05 4.708317e-03
1544 1.831895e-04 1.060987e-02
1545 1.040711e-05 3.401014e-03
1546 7.972561e-05 4.480970e-03
1547 8.907182e-05 1.331604e-02
1548 3.080936e-04 3.165278e-02
1549 5.057484e-06 2.355271e-03
1550 1.296180e-04 4.692442e-03
1551 6.278326e-05 8.032263e-03
1552 1.116500e-06 1.114495e-03
1553 8.267708e-06 2.569240e-03
1554 1.118520e-03 2.765006e-02
1555 1.718651e-03 5.090958e-02
1556 1.871992e-04 1.045617e-02
1557 5.589852e-04 1.462889e-02
1558 8.596422e-04 4.707795e-02
1559 3.969834e-05 3.779664e-03
1560 1.457032e-05 3.196106e-03
1561 5.018170e-05 4.879801e-03
1562 2.719081e-05 1.070869e-02
1563 7.364666e-06 1.683885e-03
1564 1.334163e-05 6.278553e-03
1565 1.035944e-04 1.656682e-02
1566 8.750881e-05 5.097198e-03
1567 2.639360e-05 2.693564e-03
1568 1.133717e-05 1.789809e-03
1569 7.873726e-05 3.448226e-03
1570 1.041168e-04 8.253292e-03
1571 1.497189e-04 5.786164e-03
1572 4.538829e-06 1.798989e-03
1573 4.655006e-04 2.377302e-02
1574 3.017125e-05 3.278984e-03
1575 1.284354e-04 9.206471e-03
1576 2.121987e-04 8.876332e-03
1577 7.726204e-04 2.032427e-02
1578 7.514791e-06 5.951934e-03
1579 4.845970e-05 9.292717e-03
1580 3.174619e-06 2.430018e-03
1581 1.631193e-05 3.048811e-03
1582 9.858993e-06 4.232898e-03
1583 2.372742e-04 1.480214e-02
1584 1.865082e-05 5.088109e-03
1585 9.177599e-04 3.782361e-02
1586 1.107345e-03 5.427810e-02
1587 5.774635e-04 2.029681e-02
1588 1.754976e-04 1.367532e-02
1589 3.305008e-04 1.350231e-02
1590 1.254956e-03 4.437807e-02
1591 1.972928e-04 1.349981e-02
1592 1.701293e-04 9.280947e-03
1593 3.354976e-04 1.316215e-02
1594 1.095636e-04 7.566591e-03
1595 4.063793e-05 8.655567e-03
1596 8.041739e-05 4.113117e-03
1597 6.079193e-05 7.442735e-03
1598 1.726897e-04 1.494633e-02
1599 9.911998e-06 1.437818e-03
1600 4.045919e-04 1.877999e-02
1601 3.221453e-06 1.134665e-03
1602 2.624597e-04 1.761501e-02
1603 2.669256e-06 1.866273e-03
1604 1.998936e-05 1.993333e-03
1605 1.416452e-04 8.558851e-03
1606 5.095869e-06 2.862377e-03
1607 1.549299e-06 1.870284e-03
1608 2.650912e-06 1.735795e-03
1609 4.112344e-05 3.850720e-03
1610 1.534195e-04 9.851719e-03
1611 2.662265e-06 1.842147e-03
1612 4.676368e-06 1.782265e-03
1613 1.911348e-05 1.900528e-03
1614 4.742266e-05 4.008781e-03
1615 7.478346e-04 2.480065e-02
1616 3.119321e-04 1.408733e-02
1617 9.931011e-05 6.470700e-03
1618 2.167548e-04 1.013945e-02
1619 1.040654e-03 2.351032e-02
1620 8.403036e-05 6.546341e-03
1621 7.840950e-04 3.133418e-02
1622 3.559670e-05 2.600503e-03
1623 9.374653e-04 2.234346e-02
1624 4.511686e-05 3.990601e-03
1625 6.701277e-06 1.521151e-03
1626 9.518568e-05 6.260788e-03
1627 2.345914e-05 3.161782e-03
1628 1.078630e-05 1.786330e-03
1629 2.393869e-04 1.324636e-02
1630 9.778877e-06 1.491481e-03
1631 5.380001e-05 4.851481e-03
1632 1.529831e-04 7.063204e-03
1633 1.633748e-04 1.479817e-02
1634 1.863333e-03 5.521755e-02
1635 1.715563e-04 2.166591e-02
1636 6.710763e-03 1.898867e-01
1637 8.204055e-04 2.553255e-02
1638 1.590371e-04 6.779854e-03
1639 2.298483e-03 8.215513e-02
1640 2.003544e-04 8.872705e-03
1641 2.865239e-03 6.896141e-02
1642 1.947904e-04 2.195690e-02
1643 1.277740e-04 1.102252e-02
1644 2.297917e-04 3.747925e-02
1645 2.551789e-06 1.363161e-03
1646 6.619022e-06 1.827025e-03
1647 5.973419e-04 3.598622e-02
1648 2.139423e-05 4.126315e-03
1649 7.233745e-05 3.466574e-03
1650 5.391113e-04 1.512060e-02
1651 2.296081e-06 9.201877e-04
1652 1.342641e-03 4.124481e-02
1653 8.174705e-04 2.873783e-02
1654 8.017506e-06 2.321140e-03
1655 1.086772e-05 3.597157e-03
1656 1.084008e-05 3.394916e-03
1657 4.855490e-06 1.161450e-03
1658 2.123884e-05 2.126315e-03
1659 1.809941e-05 4.112356e-03
1660 2.599107e-06 1.958158e-03
1661 1.876985e-04 1.810767e-02
1662 4.342767e-05 7.057182e-03
1663 5.864103e-05 1.300124e-02
1664 9.906425e-06 6.595255e-03
1665 3.232471e-05 3.957749e-03
1666 7.084975e-05 1.206987e-02
1667 2.077510e-04 1.744045e-02
1668 1.007642e-05 1.438606e-03
1669 1.254101e-05 4.142589e-03
1670 3.512704e-05 6.915837e-03
1671 2.953895e-05 3.307229e-03
1672 4.147676e-04 2.015857e-02
1673 7.792955e-05 8.667255e-03
1674 1.227828e-05 2.173433e-03
1675 3.637443e-05 2.333325e-03
1676 3.465217e-06 1.220591e-03
1677 2.715119e-05 8.255194e-03
1678 1.353618e-03 4.802488e-02
1679 9.524518e-05 7.411796e-03
1680 6.058496e-05 7.283894e-03
1681 1.177261e-04 8.996780e-03
1682 5.034741e-05 4.263642e-03
1683 1.490651e-04 7.610418e-03
1684 1.975402e-05 4.217283e-03
1685 1.193388e-05 2.036463e-03
1686 2.148811e-05 1.060258e-02
1687 1.223952e-05 4.117451e-03
1688 3.340981e-06 1.047730e-03
1689 3.400642e-04 1.931045e-02
1690 9.728657e-05 6.768956e-03
1691 5.119706e-04 1.358154e-02
1692 2.845357e-03 7.509496e-02
1693 2.892203e-04 1.525104e-02
1694 4.237535e-04 3.322603e-02
1695 3.163599e-05 5.137441e-03
1696 5.288580e-06 2.390628e-03
1697 1.511506e-05 5.454625e-03
1698 1.156227e-04 1.465298e-02
1699 1.092183e-04 8.437845e-03
1700 3.662569e-05 4.425734e-03
1701 5.686800e-05 5.436246e-03
1702 2.269615e-05 5.350803e-03
1703 4.984182e-05 8.416840e-03
1704 7.762233e-05 4.020454e-03
1705 6.132991e-04 4.490182e-02
1706 2.741462e-04 8.032086e-03
1707 5.358250e-06 2.154597e-03
1708 1.897965e-06 2.013175e-03
1709 1.407684e-05 5.092183e-03
1710 1.411376e-06 1.330154e-03
1711 3.143994e-05 9.644197e-03
1712 2.736041e-05 3.134550e-03
1713 1.920489e-05 3.891387e-03
1714 3.733609e-05 5.119290e-03
1715 1.253719e-05 3.846310e-03
1716 1.639623e-05 5.681050e-03
1717 2.103365e-06 2.141105e-03
1718 4.272136e-05 1.430171e-02
1719 2.846494e-06 1.931895e-03
1720 1.220779e-05 3.410707e-03
1721 1.552722e-06 1.448865e-03
1722 4.466421e-05 7.446405e-03
1723 4.794473e-07 1.289835e-03
1724 1.365780e-06 1.387442e-03
1725 6.952005e-06 1.715772e-03
1726 1.347785e-04 2.852109e-02
1727 9.681091e-05 8.656122e-03
1728 8.086897e-06 2.292042e-03
1729 3.603451e-05 6.064818e-03
1730 1.884273e-05 3.835294e-03
1731 3.898792e-06 2.934843e-03
1732 2.370415e-04 1.228828e-02
1733 1.643271e-03 4.753154e-02
1734 1.498987e-03 2.359321e-02
1735 5.715462e-04 1.894470e-02
1736 1.308293e-04 4.810833e-03
1737 5.684321e-05 5.495928e-03
1738 7.800099e-04 5.675197e-02
1739 7.580154e-05 8.175679e-03
1740 7.580154e-05 8.175679e-03
1741 2.372875e-06 1.215720e-03
1742 3.782297e-06 1.271320e-03
1743 1.197972e-05 3.420492e-03
1744 4.649159e-06 1.952885e-03
1745 1.909593e-06 2.129615e-03
1746 3.526069e-05 4.953805e-03
1747 1.564869e-04 1.604542e-02
1748 8.246580e-05 3.423324e-03
1749 5.389806e-05 4.242940e-03
1750 4.465593e-05 4.929267e-03
1751 1.522734e-05 3.127676e-03
1752 3.150895e-05 3.705053e-03
1753 4.364149e-04 1.363794e-02
1754 7.891125e-04 2.451511e-02
1755 8.168848e-04 2.894539e-02
1756 9.407880e-05 1.229496e-02
1757 4.959897e-04 2.648847e-02
1758 2.576895e-03 7.384770e-02
1759 1.565070e-03 4.531420e-02
1760 5.048243e-04 3.661403e-02
1761 2.466890e-03 6.607054e-02
1762 1.380244e-03 5.416951e-02
1763 2.347230e-03 4.992205e-02
1764 4.077785e-04 1.482965e-02
1765 4.186399e-04 1.795526e-02
1766 2.679369e-03 6.622148e-02
1767 8.120009e-05 1.289568e-02
1768 1.500890e-04 1.457483e-02
1769 1.456475e-03 4.794380e-02
1770 8.620411e-04 3.255609e-02
1771 2.542880e-04 1.728469e-02
1772 4.613558e-06 4.225209e-03
1773 5.480928e-03 8.338994e-02
1774 6.786885e-04 2.134953e-02
1775 6.138535e-03 1.264132e-01
1776 2.090362e-04 1.363528e-02
1777 2.211857e-04 1.589775e-02
1778 1.057461e-03 2.969279e-02
1779 3.523581e-04 1.445588e-02
1780 1.313184e-04 1.037454e-02
1781 1.886067e-04 8.864344e-03
1782 9.374923e-05 1.526953e-02
1783 8.403689e-04 3.949632e-02
1784 6.850838e-04 2.043853e-02
1785 7.886812e-04 2.409102e-02
1786 1.837062e-05 3.748598e-03
1787 3.351092e-05 5.146652e-03
1788 8.655664e-04 6.721856e-02
1789 8.440445e-04 5.725230e-02
1790 5.724334e-05 9.977188e-03
1791 8.958617e-04 6.699406e-02
1792 2.470530e-04 2.980693e-02
1793 2.780541e-04 1.035936e-02
1794 9.491199e-05 6.105674e-03
1795 1.740236e-04 9.545077e-03
1796 7.586038e-04 2.740564e-02
1797 1.191068e-03 2.608162e-02
1798 4.034754e-04 2.409366e-02
1799 7.407349e-05 1.118028e-02
1800 7.351155e-04 4.142137e-02
1801 1.153718e-04 1.055138e-02
1802 3.733025e-04 2.634434e-02
1803 5.981988e-04 2.024564e-02
1804 6.172160e-04 2.524842e-02
1805 2.388627e-04 1.587339e-02
1806 6.977487e-04 2.098839e-02
1807 1.286343e-04 1.088651e-02
1808 1.124908e-03 3.493389e-02
1809 3.597663e-04 1.417769e-02
1810 2.660690e-05 8.297441e-03
1811 7.472297e-05 8.603910e-03
1812 1.964694e-04 8.413889e-03
1813 7.305975e-05 4.257051e-03
1814 3.328804e-04 1.229819e-02
1815 3.789346e-04 1.940283e-02
1816 1.596349e-04 5.959451e-03
1817 4.652941e-04 1.370448e-02
1818 9.941112e-04 2.277597e-02
1819 1.383295e-03 4.193801e-02
1820 4.114839e-04 1.993335e-02
1821 6.891562e-05 1.072034e-02
1822 1.136515e-04 1.019306e-02
1823 6.174421e-04 2.194849e-02
1824 2.112594e-04 1.290073e-02
1825 1.900671e-03 3.514189e-02
1826 2.363691e-04 1.973555e-02
1827 1.252733e-04 5.660704e-03
1828 7.540615e-05 8.331734e-03
1829 4.953145e-05 9.254938e-03
1830 1.529670e-03 5.841107e-02
1831 3.623974e-05 5.466915e-03
1832 1.064531e-04 1.958264e-02
1833 4.769919e-05 9.494753e-03
1834 7.081853e-05 7.529002e-03
1835 4.038135e-05 7.205296e-03
1836 1.953435e-05 4.785120e-03
1837 1.227154e-04 1.312063e-02
1838 2.030341e-04 1.139031e-02
1839 2.372844e-04 2.131585e-02
1840 2.600253e-04 2.195301e-02
1841 1.496117e-04 1.525930e-02
1842 2.030341e-04 1.139031e-02
1843 1.827893e-04 8.725656e-03
1844 8.388703e-05 1.150277e-02
1845 3.120881e-05 1.065270e-02
1846 2.534558e-05 6.260518e-03
1847 2.770455e-05 7.598596e-03
1848 5.024349e-05 1.046554e-02
1849 6.706817e-05 9.708341e-03
1850 6.211263e-05 5.459329e-03
1851 2.255644e-05 3.566255e-03
1852 6.047701e-06 3.874986e-03
1853 3.527820e-05 2.637783e-03
1854 1.228080e-04 1.018608e-02
1855 1.600388e-04 8.892058e-03
1856 2.435376e-04 1.779983e-02
1857 2.030952e-04 1.082995e-02
1858 1.807959e-04 1.196990e-02
1859 2.289428e-05 3.413564e-03
1860 1.997773e-04 1.632216e-02
1861 2.299056e-05 6.518874e-03
1862 4.659850e-05 5.568558e-03
1863 2.480131e-04 1.405206e-02
1864 5.880008e-04 1.807965e-02
1865 3.731932e-04 1.707709e-02
1866 2.206646e-04 1.418135e-02
1867 2.763298e-05 7.371550e-03
1868 1.129641e-04 8.458935e-03
1869 3.968123e-05 5.302296e-03
1870 1.262102e-04 1.019359e-02
1871 2.392334e-04 1.910159e-02
1872 3.596746e-04 3.474944e-02
1873 7.614729e-05 7.555007e-03
1874 3.910675e-04 1.256253e-02
1875 3.435830e-04 1.072481e-02
1876 3.729542e-05 4.570651e-03
1877 5.014603e-05 8.527634e-03
1878 1.476221e-05 5.718024e-03
1879 1.482372e-04 1.277410e-02
1880 7.703373e-05 7.958913e-03
1881 9.518566e-04 4.268134e-02
1882 4.474288e-04 2.983603e-02
1883 3.846974e-04 1.985456e-02
1884 2.122853e-04 1.355377e-02
1885 5.691002e-05 8.303453e-03
1886 3.649626e-04 1.573390e-02
1887 2.637181e-05 6.570123e-03
1888 1.423287e-04 1.060701e-02
1889 4.455320e-05 6.774089e-03
1890 8.056391e-06 5.153721e-03
1891 8.177046e-06 4.454047e-03
1892 2.428254e-05 4.970910e-03
1893 1.822065e-04 1.808588e-02
1894 4.200103e-04 2.002751e-02
1895 1.110099e-04 1.008127e-02
1896 1.272549e-05 4.369757e-03
1897 3.718415e-06 3.360514e-03
1898 2.128174e-05 2.641976e-03
1899 8.058000e-05 7.698643e-03
1900 1.164076e-04 8.263967e-03
1901 9.593993e-07 1.661935e-03
1902 6.293198e-04 1.423308e-02
1903 1.481010e-03 5.398622e-02
1904 1.819136e-04 7.224590e-03
1905 3.208326e-04 8.682271e-03
1906 5.190113e-03 8.258397e-02
1907 5.998793e-05 5.194057e-03
1908 5.998793e-05 5.194057e-03
1909 3.408771e-05 4.888576e-03
1910 1.237522e-04 8.764840e-03
1911 7.378896e-05 7.992351e-03
1912 5.196041e-04 1.876067e-02
1913 1.577736e-03 2.360503e-02
1914 9.089860e-04 1.537749e-02
1915 1.421472e-03 1.933647e-02
1916 8.797752e-04 1.844964e-02
1917 4.944909e-04 1.405541e-02
1918 5.844737e-04 1.584548e-02
1919 1.527865e-03 5.667830e-02
1920 3.040470e-04 1.975602e-02
1921 2.215373e-04 1.467295e-02
1922 7.581958e-04 3.495855e-02
1923 2.652908e-04 1.661644e-02
1924 1.277683e-03 4.566228e-02
1925 4.880447e-04 1.289652e-02
1926 1.757961e-04 9.825251e-03
1927 3.195316e-04 1.278435e-02
1928 1.132456e-03 2.896118e-02
1929 5.574444e-04 1.348973e-02
1930 6.720909e-05 3.496978e-03
1931 4.615260e-04 2.467913e-02
1932 1.165869e-04 1.985884e-02
1933 5.626142e-05 6.663973e-03
1934 1.313090e-05 6.251533e-03
1935 4.127320e-04 2.122273e-02
1936 8.133313e-05 1.078690e-02
1937 6.923391e-05 7.158819e-03
1938 2.084636e-04 1.283498e-02
1939 2.450576e-04 1.657260e-02
1940 7.085941e-04 3.376166e-02
1941 1.970521e-05 4.567751e-03
1942 6.618839e-04 1.818544e-02
1943 6.839704e-04 2.693969e-02
1944 2.420784e-04 1.302347e-02
1945 3.897474e-05 6.430293e-03
1946 9.494312e-04 4.580010e-02
1947 1.257067e-04 1.175523e-02
1948 1.719804e-04 1.161404e-02
1949 7.535043e-04 3.199220e-02
1950 1.292410e-04 6.413628e-03
1951 3.810556e-04 1.755798e-02
1952 3.156974e-04 1.232472e-02
1953 2.271200e-04 1.309070e-02
1954 6.507167e-05 6.085212e-03
1955 1.761531e-03 7.395544e-02
1956 1.873902e-03 8.272468e-02
1957 1.947784e-03 9.991909e-02
1958 8.886933e-04 3.933300e-02
1959 3.639563e-05 6.275530e-03
1960 5.388118e-05 6.043220e-03
1961 9.088986e-06 2.730184e-03
1962 1.829684e-05 5.213794e-03
1963 7.393555e-06 1.910008e-03
1964 2.449763e-05 3.010156e-03
1965 7.251458e-05 8.171409e-03
1966 6.839404e-05 7.810143e-03
1967 3.615277e-04 1.791219e-02
1968 5.790657e-05 5.992155e-03
1969 1.978837e-04 1.039028e-02
1970 9.703139e-06 8.647594e-03
1971 1.448297e-04 1.526848e-02
1972 1.289919e-05 5.919415e-03
1973 4.125166e-04 2.941038e-02
1974 2.114488e-04 1.278343e-02
1975 7.208683e-05 1.079778e-02
1976 2.113208e-04 8.993232e-03
1977 3.705287e-04 1.662779e-02
1978 1.874373e-04 9.248656e-03
1979 2.042575e-04 8.760621e-03
1980 4.203414e-05 6.627027e-03
1981 7.480908e-05 8.076082e-03
1982 6.413854e-04 3.251057e-02
1983 1.825635e-03 5.645367e-02
1984 1.046710e-03 3.582452e-02
1985 9.741049e-04 6.681924e-02
1986 4.738279e-04 2.878232e-02
1987 2.783326e-03 1.127633e-01
1988 1.657152e-04 2.309857e-02
1989 6.112354e-04 2.615521e-02
1990 1.235059e-03 5.056280e-02
1991 1.009537e-04 8.181465e-03
1992 1.814617e-04 1.255987e-02
1993 5.633437e-04 1.434316e-02
1994 3.058435e-04 9.899552e-03
1995 1.191945e-04 8.703244e-03
1996 6.221432e-05 7.976710e-03
1997 5.457081e-04 1.842396e-02
1998 1.120086e-03 2.590645e-02
1999 1.069840e-03 3.201613e-02
2000 1.727555e-04 1.368256e-02
