2 7.460541e-04 2.779647e-02
3 3.176237e-03 6.460675e-02
4 2.556192e-03 4.142210e-02
5 6.429942e-04 1.734808e-02
6 1.066070e-03 6.869939e-02
7 1.215321e-04 5.539043e-03
8 4.691535e-04 1.033762e-02
9 6.123477e-05 4.497253e-03
10 1.396278e-04 3.677300e-03
11 7.995863e-04 2.041006e-02
12 1.005040e-04 3.579107e-03
13 5.093698e-04 1.399840e-02
14 4.373881e-04 1.205304e-02
15 5.375400e-04 1.893969e-02
16 3.077133e-04 1.126943e-02
17 6.897826e-05 2.723831e-03
18 1.163124e-03 5.621077e-02
19 6.799513e-04 1.118868e-02
20 7.725695e-04 1.820430e-02
21 4.315885e-04 1.473029e-02
22 1.672065e-04 5.295972e-03
23 7.257006e-04 1.656452e-02
24 1.338986e-03 1.535927e-02
25 1.778774e-04 8.830122e-03
26 4.168988e-03 5.027592e-02
27 1.171096e-04 2.828994e-03
28 1.573739e-04 8.539140e-03
29 2.300826e-03 3.303709e-02
30 9.284881e-05 2.712006e-03
31 2.668676e-04 9.527633e-03
32 5.586137e-04 1.348437e-02
33 2.864744e-05 2.312497e-03
34 2.286916e-05 2.112213e-03
35 1.614446e-03 2.714008e-02
36 2.111369e-04 3.801699e-03
37 4.353154e-03 5.765401e-02
38 1.791565e-03 3.058945e-02
39 3.737331e-03 4.557360e-02
40 7.805036e-04 3.290043e-02
41 2.819440e-05 2.868243e-03
42 5.802739e-03 4.568715e-02
43 9.084105e-05 2.870943e-03
44 7.732699e-06 1.819525e-03
45 7.648144e-06 1.767786e-03
46 2.061907e-06 1.092930e-03
47 1.810488e-05 3.783889e-03
48 3.029424e-05 3.087851e-03
49 9.013587e-05 3.079929e-03
50 1.012710e-04 4.539232e-03
51 5.189470e-06 2.447360e-03
52 2.904065e-05 2.952680e-03
53 5.097229e-05 2.974611e-03
54 2.906485e-05 2.844819e-03
55 9.385472e-06 2.449927e-03
56 9.723786e-05 5.163599e-03
57 4.903844e-05 3.064558e-03
58 2.620248e-06 1.577116e-03
59 3.558659e-05 4.713454e-03
60 3.001920e-06 2.050386e-03
61 1.035771e-05 3.295553e-03
62 2.133874e-06 1.144157e-03
63 3.258122e-05 3.638857e-03
64 6.383465e-05 4.998001e-03
65 8.054150e-06 1.746972e-03
66 8.899209e-06 2.143808e-03
67 4.026690e-05 2.713511e-03
68 3.578412e-05 3.935804e-03
69 4.341407e-05 2.691308e-03
70 3.525847e-04 9.697399e-03
71 1.807254e-05 3.938199e-03
72 2.687880e-05 2.810536e-03
73 1.502324e-05 2.199246e-03
74 3.292580e-05 4.659248e-03
75 1.522750e-05 2.219520e-03
76 1.213027e-05 3.283139e-03
77 7.310073e-06 3.432835e-03
78 1.748655e-04 5.947368e-03
79 4.731919e-05 3.431025e-03
80 3.249220e-04 9.642595e-03
81 5.375474e-06 2.325605e-03
82 1.432608e-04 3.414918e-03
83 8.993788e-06 1.846776e-03
84 5.636766e-05 4.276624e-03
85 5.352795e-05 4.624410e-03
86 3.918717e-05 3.739113e-03
87 1.464423e-04 4.263191e-03
88 9.385472e-06 2.449927e-03
89 5.325157e-05 3.342759e-03
90 2.460295e-04 1.324655e-02
91 2.372023e-05 1.953201e-03
92 1.850317e-04 6.077518e-03
93 5.076395e-05 3.072467e-03
94 3.242478e-05 3.681657e-03
95 3.293459e-05 3.669300e-03
96 2.530155e-05 2.124610e-03
97 7.534536e-05 7.989732e-03
98 5.075795e-05 2.696289e-03
99 1.524001e-03 2.219527e-02
100 1.327042e-03 2.369076e-02
101 6.095097e-04 1.654939e-02
102 1.334109e-05 1.776743e-03
103 1.826832e-04 7.832229e-03
104 2.743044e-04 1.928805e-02
105 1.161785e-04 6.529007e-03
106 1.470698e-04 3.944177e-03
107 7.894061e-05 7.332268e-03
108 3.903640e-04 1.524241e-02
109 2.492429e-04 3.757628e-03
110 1.505511e-05 2.023107e-03
111 7.726688e-05 2.786007e-03
112 2.114288e-04 6.040673e-03
113 4.653798e-04 9.238292e-03
114 2.894330e-04 4.509583e-03
115 6.453772e-05 4.961286e-03
116 1.624947e-04 9.101474e-03
117 4.265382e-05 2.161393e-03
118 2.828096e-05 2.784282e-03
119 2.089324e-04 6.112372e-03
120 6.086445e-05 4.330699e-03
121 5.272519e-05 4.024095e-03
122 4.287935e-05 2.444865e-03
123 1.909101e-04 6.784485e-03
124 4.169254e-05 2.118083e-03
125 1.056172e-03 1.452262e-02
126 1.658233e-05 3.387843e-03
127 1.167280e-04 7.926058e-03
128 2.008785e-03 5.978646e-02
129 7.288253e-04 1.483148e-02
130 4.006241e-04 1.451073e-02
131 6.235261e-04 1.172524e-02
132 2.765454e-04 4.777237e-03
133 1.460875e-03 2.629686e-02
134 4.200587e-05 2.631500e-03
135 1.558316e-04 1.106770e-02
136 5.079580e-06 2.041669e-03
137 9.882841e-05 4.393063e-03
138 2.752995e-05 2.482191e-03
139 3.205546e-05 3.110399e-03
140 1.799785e-04 6.325455e-03
141 8.319281e-05 3.761079e-03
142 2.609756e-04 4.910119e-03
143 1.472153e-03 3.250031e-02
144 1.484947e-04 9.183655e-03
145 3.401456e-04 8.360723e-03
146 2.257645e-04 4.007175e-03
147 1.600978e-04 4.119156e-03
148 2.845237e-05 2.777900e-03
149 3.912690e-04 1.444704e-02
150 4.695332e-04 1.838194e-02
151 2.738229e-04 8.923418e-03
152 8.029009e-04 1.313785e-02
153 1.441828e-04 4.146847e-03
154 9.727825e-05 5.197092e-03
155 1.238769e-05 1.558058e-03
156 4.316655e-05 2.523588e-03
157 5.983260e-05 3.374691e-03
158 2.326019e-05 3.557261e-03
159 2.025101e-04 5.062834e-03
160 1.272603e-04 5.451639e-03
161 3.728299e-05 1.816906e-03
162 7.694803e-05 2.945945e-03
163 3.698233e-05 1.769218e-03
164 2.594240e-05 2.349740e-03
165 6.003062e-06 1.217556e-03
166 1.012704e-05 1.277106e-03
167 5.694865e-05 3.462860e-03
168 2.735386e-05 2.472434e-03
169 6.833293e-05 2.556188e-03
170 1.069882e-05 1.368036e-03
171 1.664539e-04 4.316945e-03
172 8.356130e-04 1.839496e-02
173 1.247572e-04 8.329649e-03
174 8.232817e-04 1.651836e-02
175 3.387444e-06 1.123202e-03
176 8.339423e-05 3.435058e-03
177 3.362953e-05 2.713524e-03
178 8.127074e-05 5.991625e-03
179 7.499369e-05 5.788326e-03
180 5.778396e-06 1.167017e-03
181 4.895794e-04 4.213984e-02
182 7.181141e-05 6.020697e-03
183 8.479319e-05 4.401912e-03
184 4.028534e-05 3.971667e-03
185 6.685304e-06 1.345303e-03
186 2.433317e-04 1.075852e-02
187 3.810367e-03 7.043235e-02
188 2.165975e-04 7.417098e-03
189 5.148421e-05 2.992916e-03
190 5.579054e-05 3.150626e-03
191 7.103553e-05 5.488154e-03
192 5.648941e-05 3.340815e-03
193 5.748678e-05 3.331842e-03
194 5.648941e-05 3.340815e-03
195 8.039866e-05 2.999455e-03
196 4.694667e-05 3.079303e-03
197 2.079779e-04 7.455761e-03
198 9.449315e-05 3.840393e-03
199 1.966334e-04 5.970375e-03
200 4.011405e-04 1.253692e-02
201 3.850756e-04 1.228591e-02
202 7.171439e-05 5.024336e-03
203 7.451276e-04 1.450841e-02
204 1.948233e-05 2.697768e-03
205 1.375080e-04 7.603020e-03
206 6.851961e-05 4.842592e-03
207 3.119521e-04 1.865907e-02
208 8.992506e-04 1.784437e-02
209 3.403666e-04 5.859846e-03
210 5.843333e-04 2.163754e-02
211 3.209288e-04 8.544669e-03
212 4.959579e-05 2.968733e-03
213 7.300391e-05 2.502628e-03
214 1.218912e-04 5.574140e-03
215 1.874910e-04 6.410088e-03
216 5.274051e-04 8.903628e-03
217 1.200183e-05 1.422902e-03
218 2.771929e-05 3.102832e-03
219 1.140667e-05 1.381199e-03
220 2.090641e-03 4.769601e-02
221 3.473048e-05 3.608241e-03
222 9.691417e-05 5.642891e-03
223 7.560699e-05 3.197118e-03
224 2.170746e-05 1.800575e-03
225 2.934773e-05 2.678867e-03
226 9.420041e-05 4.719317e-03
227 5.126911e-05 3.131733e-03
228 7.566352e-05 2.672858e-03
229 8.655084e-05 8.895415e-03
230 1.830055e-03 5.048933e-02
231 2.230212e-05 1.849378e-03
232 2.488492e-03 3.020546e-02
233 4.680568e-05 7.105785e-03
234 1.291430e-05 1.701543e-03
235 7.276827e-05 6.467046e-03
236 3.717397e-05 4.111434e-03
237 4.239779e-04 1.519685e-02
238 3.124915e-05 3.744786e-03
239 3.936455e-05 2.088339e-03
240 3.672711e-04 3.395380e-02
241 2.132067e-03 4.451233e-02
242 1.280587e-04 8.777754e-03
243 2.864179e-05 3.011956e-03
244 1.021811e-05 1.186776e-03
245 3.211119e-06 1.085211e-03
246 6.831250e-04 1.366895e-02
247 9.747447e-05 4.318638e-03
248 1.589540e-03 3.241157e-02
249 7.356852e-04 1.341112e-02
250 2.302953e-04 1.124362e-02
251 3.387444e-06 1.123202e-03
252 1.284749e-04 6.376948e-03
253 2.593002e-05 2.356482e-03
254 4.587198e-05 7.363520e-03
255 4.090098e-05 5.299653e-03
256 1.559766e-05 2.157410e-03
257 1.319630e-05 3.265690e-03
258 5.505732e-04 2.368143e-02
259 6.057049e-06 1.144751e-03
260 1.096870e-04 6.458196e-03
261 4.176516e-05 2.018920e-03
262 1.052289e-05 1.173842e-03
263 1.949037e-05 1.315827e-03
264 3.044783e-04 1.903147e-02
265 6.770372e-04 3.078432e-02
266 9.376156e-05 4.324819e-03
267 3.852832e-04 1.023205e-02
268 1.215077e-05 3.614616e-03
269 5.172520e-04 7.929560e-03
270 1.859223e-05 3.076354e-03
271 1.510920e-04 8.843949e-03
272 5.766644e-05 3.240207e-03
273 1.204917e-03 2.979831e-02
274 7.884092e-06 1.744620e-03
275 1.647870e-04 1.060025e-02
276 1.436121e-04 9.968187e-03
277 2.641071e-05 2.740502e-03
278 1.566017e-04 1.210315e-02
279 4.659810e-05 2.810571e-03
280 3.266906e-04 1.753819e-02
281 3.926183e-04 1.241617e-02
282 1.964112e-05 1.362114e-03
283 5.878270e-05 5.280664e-03
284 3.658403e-05 3.889630e-03
285 1.327887e-04 3.485500e-03
286 9.031869e-05 3.368398e-03
287 3.852020e-05 3.755851e-03
288 7.704124e-06 1.762973e-03
289 1.597807e-04 5.127722e-03
290 4.146779e-06 1.338737e-03
291 1.424840e-04 3.846853e-03
292 1.264484e-03 1.636630e-02
293 4.116799e-05 3.960236e-03
294 4.725089e-05 2.633547e-03
295 1.832291e-04 1.187652e-02
296 2.756273e-03 2.896323e-02
297 1.887134e-04 6.605368e-03
298 9.060657e-05 3.644698e-03
299 1.282626e-05 3.166736e-03
300 2.203915e-04 7.031220e-03
301 2.284558e-04 7.367639e-03
302 3.497077e-05 1.629722e-03
303 2.433097e-04 1.409136e-02
304 9.810305e-05 6.550082e-03
305 1.552770e-05 2.228349e-03
306 1.278129e-05 1.638564e-03
307 1.699204e-04 1.161889e-02
308 1.218731e-04 7.602040e-03
309 1.236662e-03 2.481991e-02
310 1.208158e-04 5.731448e-03
311 8.445486e-05 3.513509e-03
312 3.237194e-05 1.855032e-03
313 1.137219e-03 1.848306e-02
314 1.689657e-05 1.213470e-03
315 3.754645e-05 4.077465e-03
316 2.340063e-04 1.422600e-02
317 3.046746e-04 1.323562e-02
318 3.594106e-04 1.269866e-02
319 4.291792e-04 1.803598e-02
320 3.134340e-04 7.179061e-03
321 8.799643e-04 9.942331e-02
322 4.774698e-05 5.612208e-03
323 1.744987e-04 5.752916e-03
324 8.317634e-05 3.240270e-03
325 4.647470e-05 2.846252e-03
326 2.834767e-04 1.496315e-02
327 1.481272e-03 2.897533e-02
328 4.536565e-04 1.610399e-02
329 2.419223e-04 8.287477e-03
330 6.376879e-05 4.513871e-03
331 2.126316e-04 5.784036e-03
332 6.825872e-04 1.466456e-02
333 8.688374e-05 8.226320e-03
334 4.590171e-04 2.128158e-02
335 2.283390e-05 1.623292e-03
336 2.079677e-05 1.524090e-03
337 1.841962e-05 2.982921e-03
338 1.425362e-04 6.712499e-03
339 2.848539e-04 1.098589e-02
340 1.335743e-04 6.440988e-03
341 2.969102e-05 2.698975e-03
342 3.338431e-05 2.301904e-03
343 2.864542e-04 1.312693e-02
344 1.808987e-05 2.923265e-03
345 3.937038e-04 1.018928e-02
346 6.925292e-04 1.448580e-02
347 2.587439e-05 2.614660e-03
348 1.271927e-04 7.435734e-03
349 3.102610e-05 3.085397e-03
350 1.362344e-05 1.789317e-03
351 2.875869e-03 3.680913e-02
352 8.317188e-04 1.981571e-02
353 3.387444e-06 1.123202e-03
354 1.281330e-03 2.112627e-02
355 1.303653e-04 7.468416e-03
356 2.450672e-04 1.359641e-02
357 5.499951e-04 2.432116e-02
358 2.377783e-05 1.965568e-03
359 1.076699e-04 1.978385e-03
360 3.336650e-05 4.937854e-03
361 8.590517e-04 2.242221e-02
362 1.801815e-04 4.144029e-03
363 4.672516e-04 1.280669e-02
364 5.739591e-04 1.158229e-02
365 1.819413e-04 1.248315e-02
366 3.176390e-05 3.616440e-03
367 1.118967e-04 5.648324e-03
368 6.747374e-05 4.344409e-03
369 3.561325e-05 4.515430e-03
370 1.143784e-04 6.297690e-03
371 4.558215e-04 1.625926e-02
372 8.161789e-04 1.712448e-02
373 2.169841e-04 1.908377e-02
374 9.948727e-05 4.067921e-03
375 2.214811e-06 1.155684e-03
376 2.871283e-05 2.308677e-03
377 6.400158e-04 1.510716e-02
378 6.530210e-05 4.029538e-03
379 1.790795e-05 1.311734e-03
380 1.023129e-04 5.029722e-03
381 6.525516e-04 1.536940e-02
382 8.785082e-05 4.336923e-03
383 2.593204e-03 3.815060e-02
384 1.066460e-04 4.796738e-03
385 1.612690e-03 3.338488e-02
386 2.507994e-05 2.110319e-03
387 2.503831e-05 2.331714e-03
388 2.570712e-05 2.414669e-03
389 9.900160e-05 4.031631e-03
390 3.246412e-05 4.018098e-03
391 4.456563e-05 2.818998e-03
392 3.399890e-04 8.013398e-03
393 9.133537e-06 2.014759e-03
394 2.503944e-03 5.708080e-02
395 9.814524e-06 1.230985e-03
396 1.912162e-04 6.100618e-03
397 2.152270e-04 7.324970e-03
398 2.551295e-05 1.935858e-03
399 9.286172e-05 3.534579e-03
400 3.168050e-03 1.041169e-01
401 1.112542e-04 5.266028e-03
402 2.194073e-03 4.620358e-02
403 1.615697e-04 9.560005e-03
404 9.315315e-05 1.049616e-02
405 1.589261e-05 2.508682e-03
406 1.294846e-03 4.491100e-02
407 8.580818e-04 2.108129e-02
408 1.353637e-03 2.852422e-02
409 6.124790e-04 1.436933e-02
410 4.024303e-04 7.426186e-03
411 6.895340e-05 4.357682e-03
412 1.839577e-04 6.287917e-03
413 9.122683e-04 1.882474e-02
414 9.069437e-05 3.447318e-03
415 7.606090e-06 1.437442e-03
416 8.069162e-04 3.413552e-02
417 1.012704e-05 1.277106e-03
418 7.725724e-05 3.471828e-03
419 1.141477e-03 2.149619e-02
420 6.540960e-05 4.911790e-03
421 2.443440e-05 2.137248e-03
422 3.040450e-04 1.378604e-02
423 3.942609e-05 2.086790e-03
424 1.280919e-04 6.974228e-03
425 7.503291e-05 6.241286e-03
426 2.127333e-05 1.556752e-03
427 7.062559e-04 4.041816e-02
428 7.156053e-05 5.701704e-03
429 8.519104e-04 1.982670e-02
430 6.607083e-06 1.190431e-03
431 3.251511e-05 3.447961e-03
432 5.270766e-04 1.944405e-02
433 3.317185e-06 1.106994e-03
434 4.456563e-05 2.818998e-03
435 3.749762e-05 3.566752e-03
436 1.631087e-05 1.998949e-03
437 2.699631e-03 2.504120e-02
438 9.009511e-05 3.671163e-03
439 2.945598e-05 3.195440e-03
440 2.116162e-05 3.675512e-03
441 2.209915e-04 8.629658e-03
442 5.552443e-05 3.399198e-03
443 1.665751e-05 3.138482e-03
444 1.999978e-04 7.001446e-03
445 6.071348e-04 3.709675e-02
446 2.135014e-04 5.933624e-03
447 2.072348e-05 1.487004e-03
448 2.191131e-05 1.798473e-03
449 1.409411e-05 1.912863e-03
450 1.012046e-05 2.688575e-03
451 5.698952e-06 1.087852e-03
452 4.177165e-05 3.890508e-03
453 2.837699e-05 2.167712e-03
454 2.455015e-04 1.491453e-02
455 1.939875e-04 7.573191e-03
456 5.541840e-05 3.412383e-03
457 7.474518e-05 2.744891e-03
458 2.346818e-04 3.164359e-03
459 3.124657e-04 5.250851e-03
460 2.785852e-05 2.369717e-03
461 1.770272e-04 1.788766e-02
462 1.959583e-04 6.999977e-03
463 4.312378e-04 3.549244e-02
464 2.943291e-05 2.654316e-03
465 7.239161e-06 1.364042e-03
466 2.194202e-05 1.803696e-03
467 4.488297e-04 1.082431e-02
468 3.782471e-05 4.530646e-03
469 1.297821e-04 6.353536e-03
470 8.594732e-05 6.941386e-03
471 8.251421e-05 3.697272e-03
472 2.160369e-05 1.913402e-03
473 5.313340e-05 4.633835e-03
474 2.295355e-05 2.078733e-03
475 3.285784e-04 7.303394e-03
476 9.521106e-06 2.009022e-03
477 2.069156e-04 7.416608e-03
478 3.291353e-05 3.170839e-03
479 1.414880e-05 1.583582e-03
480 1.616916e-04 5.124441e-03
481 1.017898e-04 4.364532e-03
482 8.223200e-04 1.736673e-02
483 3.644301e-06 1.051945e-03
484 7.778772e-06 1.537764e-03
485 1.344690e-03 2.170299e-02
486 2.594294e-05 2.514281e-03
487 3.113610e-04 9.756969e-03
488 1.594740e-05 2.013205e-03
489 1.484655e-04 3.357914e-03
490 2.780671e-04 1.286130e-02
491 7.498306e-05 6.703371e-03
492 3.657200e-05 1.772758e-03
493 1.140667e-05 1.381199e-03
494 2.321773e-04 8.205862e-03
495 1.780753e-04 1.496394e-02
496 1.121855e-03 4.650554e-02
497 6.452260e-04 3.247814e-02
498 1.456032e-04 8.559554e-03
499 5.310366e-05 2.782764e-03
500 7.303749e-05 5.964940e-03
501 1.032101e-03 3.736905e-02
502 1.516757e-04 7.149304e-03
503 2.784345e-04 5.680719e-03
504 1.030439e-03 3.470766e-02
505 2.762347e-05 2.753419e-03
506 8.868226e-05 5.354597e-03
507 1.182555e-04 5.295398e-03
508 2.630456e-05 1.942891e-03
509 2.823077e-03 4.324692e-02
510 1.348390e-04 6.766877e-03
511 3.269402e-05 2.878235e-03
512 1.187458e-05 1.446765e-03
513 3.408382e-04 8.774005e-03
514 2.632336e-04 1.321006e-02
515 5.993552e-04 1.087086e-02
516 1.395969e-04 7.828365e-03
517 4.025683e-05 2.321182e-03
518 3.160373e-05 2.558434e-03
519 1.341423e-04 3.820513e-03
520 6.885136e-06 1.371786e-03
521 1.012872e-04 4.147805e-03
522 1.651884e-05 2.511522e-03
523 7.861744e-05 4.616606e-03
524 9.002113e-05 3.882477e-03
525 2.334699e-04 7.757404e-03
526 1.409963e-04 4.329871e-03
527 3.561468e-04 7.821468e-03
528 6.159903e-05 5.143815e-03
529 1.281499e-04 8.336340e-03
530 4.777054e-05 2.729768e-03
531 4.611066e-06 1.492022e-03
532 1.025638e-04 4.901876e-03
533 2.070266e-05 1.606067e-03
534 5.650344e-04 1.388888e-02
535 1.103277e-03 3.641315e-02
536 2.704644e-04 1.557968e-02
537 1.265399e-03 5.600148e-02
538 1.048680e-03 2.639650e-02
539 3.041282e-04 2.141866e-02
540 4.640284e-04 1.661295e-02
541 9.699076e-04 2.477449e-02
542 1.764533e-05 7.214528e-03
543 1.152309e-05 1.410927e-03
544 2.137375e-04 7.502819e-03
545 1.094313e-04 4.968173e-03
546 1.307122e-04 6.313126e-03
547 4.508140e-04 8.993696e-03
548 1.398072e-04 7.723838e-03
549 2.344511e-04 1.048220e-02
550 6.187398e-05 4.844236e-03
551 9.349122e-05 3.872733e-03
552 2.184582e-05 1.624810e-03
553 4.098347e-05 4.148699e-03
554 1.941564e-05 2.586920e-03
555 9.516075e-04 2.384119e-02
556 3.011430e-05 3.578617e-03
557 2.008555e-04 4.497556e-03
558 4.817644e-05 3.084407e-03
559 1.582755e-04 7.386624e-03
560 1.756574e-05 2.556088e-03
561 4.332542e-04 2.199270e-02
562 6.168253e-06 1.267340e-03
563 4.735523e-03 1.005543e-01
564 9.299458e-04 3.155512e-02
565 1.278684e-05 1.702751e-03
566 1.056500e-04 4.403342e-03
567 2.432721e-04 9.002784e-03
568 2.149254e-04 8.067453e-03
569 6.775669e-05 2.422043e-03
570 1.699180e-04 1.025423e-02
571 1.064276e-04 4.653711e-03
572 3.592677e-04 1.856539e-02
573 2.235398e-04 8.943159e-03
574 2.195821e-05 2.057291e-03
575 2.721134e-05 2.628529e-03
576 5.694865e-05 3.462860e-03
577 1.832588e-05 2.355813e-03
578 1.994552e-05 2.829967e-03
579 4.979288e-05 2.953778e-03
580 6.174832e-05 4.389774e-03
581 1.752933e-04 1.161389e-02
582 9.225793e-05 4.477187e-03
583 1.644291e-03 5.832169e-02
584 2.168763e-04 7.586129e-03
585 4.320189e-04 1.240178e-02
586 1.980575e-04 6.854227e-03
587 8.601757e-05 5.269678e-03
588 8.541442e-04 1.953192e-02
589 1.162474e-04 2.434527e-03
590 1.708662e-04 4.563292e-03
591 1.961055e-04 8.462761e-03
592 1.492769e-03 2.641124e-02
593 9.900160e-05 4.031631e-03
594 4.308369e-04 1.499441e-02
595 2.251061e-05 3.394288e-03
596 5.630763e-06 1.146274e-03
597 9.868303e-06 1.240751e-03
598 1.955620e-04 5.178064e-03
599 1.093548e-04 4.021949e-03
600 2.871283e-05 2.308677e-03
601 4.072837e-05 2.191756e-03
602 3.915562e-05 2.074589e-03
603 7.973954e-05 7.864974e-03
604 1.291430e-05 1.701543e-03
605 9.908567e-05 5.096401e-03
606 1.116929e-04 5.339068e-03
607 3.215370e-05 3.521669e-03
608 2.341460e-05 2.061285e-03
609 1.101862e-04 5.197240e-03
610 1.136029e-04 4.249640e-03
611 1.674158e-05 2.107350e-03
612 3.099050e-04 1.265112e-02
613 3.384451e-05 3.345908e-03
614 8.177554e-05 2.503381e-03
615 2.372394e-05 4.021991e-03
616 4.419372e-05 2.600248e-03
617 9.087544e-05 8.431844e-03
618 1.211401e-04 4.865103e-03
619 3.778228e-05 2.017026e-03
620 1.751948e-05 2.736932e-03
621 7.482797e-06 1.870556e-03
622 1.298890e-04 4.164527e-03
623 4.680684e-05 2.618280e-03
624 3.631556e-05 1.554788e-03
625 8.050923e-05 4.277235e-03
626 2.577551e-05 2.549933e-03
627 2.431477e-05 2.180652e-03
628 4.182048e-05 2.332526e-03
629 8.461769e-06 1.026525e-03
630 4.994333e-05 1.554058e-03
631 3.691086e-05 2.343946e-03
632 3.291833e-06 1.029384e-03
633 4.535037e-04 1.385764e-02
634 7.401325e-05 2.434679e-03
635 8.000128e-05 6.607692e-03
636 3.926091e-04 9.351074e-03
637 1.830007e-04 6.661923e-03
638 1.452520e-05 1.805754e-03
639 7.033534e-06 1.411514e-03
640 2.545641e-05 2.041636e-03
641 6.657637e-06 1.328882e-03
642 5.216494e-05 3.400559e-03
643 1.437533e-03 3.819926e-02
644 3.443332e-04 9.714726e-03
645 1.287141e-04 7.206480e-03
646 4.956658e-05 3.068096e-03
647 1.790795e-05 1.311734e-03
648 1.642592e-04 4.970837e-03
649 1.132658e-03 1.768890e-02
650 3.734662e-05 1.836814e-03
651 7.683125e-05 6.451906e-03
652 3.389259e-04 9.277233e-03
653 3.869427e-05 3.958456e-03
654 1.514162e-05 1.921747e-03
655 6.187234e-05 4.366703e-03
656 1.922967e-05 1.465922e-03
657 4.256420e-05 2.712443e-03
658 8.542891e-05 3.272475e-03
659 3.726314e-05 3.854826e-03
660 1.410213e-04 8.747095e-03
661 5.819473e-05 3.186305e-03
662 7.702078e-05 1.865956e-02
663 2.324780e-03 2.856385e-02
664 1.867577e-04 8.703161e-03
665 1.133134e-04 6.237354e-03
666 6.202030e-05 5.299993e-03
667 1.096206e-05 1.178004e-03
668 2.114956e-04 5.920838e-03
669 4.574453e-04 1.369681e-02
670 7.576842e-05 5.574631e-03
671 2.682816e-04 4.523389e-03
672 3.795401e-04 1.047552e-02
673 1.153769e-04 4.975701e-03
674 1.182183e-05 1.368163e-03
675 3.894428e-04 1.139951e-02
676 8.485390e-06 1.871906e-03
677 2.405697e-06 1.287029e-03
678 2.650834e-05 2.574124e-03
679 4.395648e-04 1.384637e-02
680 1.589807e-04 4.540912e-03
681 1.687141e-04 5.212030e-03
682 5.217341e-05 3.639642e-03
683 3.033802e-04 1.197685e-02
684 6.656285e-05 5.579894e-03
685 9.627115e-06 1.968748e-03
686 2.152270e-04 7.324970e-03
687 2.471327e-03 5.378105e-02
688 2.068082e-04 6.098306e-03
689 1.999638e-04 4.736401e-03
690 2.123321e-05 1.534687e-03
691 1.751336e-04 9.662348e-03
692 3.396927e-05 1.545848e-03
693 1.674525e-04 5.052345e-03
694 2.553045e-04 8.714089e-03
695 3.032044e-04 1.127779e-02
696 1.589484e-03 3.649607e-02
697 4.114197e-05 4.677650e-03
698 1.109524e-03 3.722398e-02
699 6.542664e-06 1.321843e-03
700 6.194380e-04 2.274097e-02
701 4.744170e-05 3.170036e-03
702 3.387444e-06 1.123202e-03
703 1.724647e-05 2.561599e-03
704 5.990122e-06 1.134785e-03
705 2.058596e-04 5.099515e-03
706 1.021811e-05 1.186776e-03
707 1.118918e-04 4.302217e-03
708 3.974100e-05 4.467315e-03
709 1.751900e-05 2.269585e-03
710 2.355112e-05 2.222095e-03
711 6.276714e-06 1.086682e-03
712 5.374442e-05 2.795041e-03
713 4.519507e-05 2.398681e-03
714 1.024887e-05 2.290614e-03
715 6.492546e-05 5.174579e-03
716 6.571343e-05 4.265429e-03
717 3.851249e-05 2.237131e-03
718 1.064735e-05 2.418308e-03
719 7.326736e-04 3.571726e-02
720 4.410562e-06 1.106775e-03
721 1.141747e-05 1.213873e-03
722 1.613096e-05 2.493008e-03
723 1.732566e-04 5.360292e-03
724 1.412360e-05 1.732526e-03
725 1.215465e-05 1.228816e-03
726 2.410461e-04 6.958987e-03
727 5.735941e-05 3.249725e-03
728 5.605686e-05 2.750298e-03
729 4.372725e-05 5.372257e-03
730 1.072978e-05 1.393287e-03
731 1.026555e-03 1.557358e-02
732 6.735446e-06 1.256412e-03
733 1.009184e-06 9.006878e-04
734 1.633745e-05 2.316738e-03
735 4.495575e-05 2.305049e-03
736 4.371266e-05 4.860859e-03
737 6.912041e-06 1.270785e-03
738 3.659868e-04 1.023294e-02
739 2.419687e-05 1.883039e-03
740 8.006587e-05 5.049791e-03
741 5.949528e-05 4.795096e-03
742 5.580550e-05 4.001210e-03
743 7.534667e-04 1.758148e-02
744 1.531854e-05 2.065935e-03
745 2.308005e-05 1.774608e-03
746 6.287403e-05 2.105640e-03
747 5.987222e-05 3.830856e-03
748 2.454581e-04 6.438504e-03
749 1.275296e-03 1.687164e-02
750 1.506649e-05 2.077710e-03
751 1.085637e-04 5.458023e-03
752 1.165688e-05 1.510469e-03
753 2.265995e-05 1.962023e-03
754 3.188074e-04 1.767999e-02
755 2.901696e-05 3.096853e-03
756 4.028893e-05 2.228838e-03
757 5.913379e-06 1.153251e-03
758 9.502094e-05 5.446658e-03
759 1.635631e-05 1.186268e-03
760 6.522477e-06 1.503224e-03
761 2.973435e-05 3.491660e-03
762 5.112730e-05 2.831810e-03
763 2.138157e-05 1.603222e-03
764 7.090028e-05 5.889686e-03
765 8.976506e-05 9.196360e-03
766 4.845833e-05 2.752893e-03
767 4.828683e-05 3.819297e-03
768 8.039866e-05 2.999455e-03
769 5.323115e-05 4.027889e-03
770 1.638522e-04 6.263892e-03
771 1.358830e-05 1.893076e-03
772 7.180784e-06 1.320006e-03
773 2.089866e-04 6.158728e-03
774 9.656701e-06 1.179588e-03
775 3.619963e-05 3.922898e-03
776 2.190962e-04 3.849642e-03
777 3.887361e-05 1.956688e-03
778 1.964996e-04 9.792205e-03
779 4.682329e-04 9.155247e-03
780 4.735982e-05 6.538908e-03
781 9.023852e-05 3.214790e-03
782 1.875119e-05 1.425273e-03
783 3.792729e-05 3.318894e-03
784 3.992898e-05 4.632621e-03
785 6.042403e-05 1.960848e-03
786 9.235329e-05 1.054662e-02
787 8.695643e-05 3.627915e-03
788 6.909696e-05 2.505868e-03
789 5.769579e-06 1.111651e-03
790 1.269607e-04 6.255621e-03
791 4.449142e-05 3.148492e-03
792 4.066386e-05 2.372741e-03
793 5.399710e-05 3.097316e-03
794 4.165536e-05 1.993219e-03
795 2.589492e-03 6.423714e-02
796 1.905277e-05 2.595535e-03
797 3.653840e-04 1.299481e-02
798 2.036193e-04 7.929281e-03
799 2.706076e-05 2.511324e-03
800 7.124718e-05 2.257953e-03
801 1.972897e-05 1.456999e-03
802 7.152198e-04 1.782014e-02
803 3.276165e-04 9.018269e-03
804 3.215032e-05 3.403812e-03
805 2.826528e-05 2.504186e-03
806 2.031352e-04 7.100821e-03
807 2.915261e-04 2.115032e-02
808 9.509637e-06 1.584686e-03
809 2.902954e-04 6.345616e-03
810 5.660909e-05 3.210253e-03
811 1.343601e-04 3.174366e-03
812 4.459037e-05 4.703810e-03
813 4.047899e-05 4.399343e-03
814 4.980484e-05 6.344621e-03
815 1.777323e-04 3.561350e-03
816 9.379541e-05 4.243466e-03
817 7.765033e-04 1.777300e-02
818 2.202957e-05 1.809051e-03
819 4.261989e-04 1.719787e-02
820 1.467538e-04 4.493718e-03
821 2.936238e-04 1.174427e-02
822 1.672718e-05 3.235566e-03
823 8.441298e-05 3.545370e-03
824 2.411246e-04 5.085182e-03
825 1.866005e-04 5.491932e-03
826 4.303307e-05 2.897422e-03
827 9.851068e-06 2.955524e-03
828 1.562353e-04 5.819164e-03
829 5.885782e-05 4.546070e-03
830 1.908570e-04 2.977285e-02
831 6.836308e-05 2.202032e-03
832 3.540384e-05 1.435435e-03
833 2.112899e-04 8.038798e-03
834 2.202561e-04 9.075631e-03
835 1.388752e-05 1.751731e-03
836 1.686082e-06 9.201705e-04
837 1.413557e-04 8.323013e-03
838 2.575972e-05 1.810067e-03
839 1.315866e-04 7.996923e-03
840 4.464918e-04 1.191773e-02
841 3.794045e-05 4.626042e-03
842 1.397787e-03 4.327224e-02
843 9.740300e-05 4.311827e-03
844 4.708976e-04 1.349635e-02
845 2.637039e-04 1.071533e-02
846 8.165704e-05 3.497456e-03
847 3.975682e-05 4.530990e-03
848 6.520198e-04 2.903976e-02
849 3.180207e-05 4.024904e-03
850 8.443359e-04 4.912330e-02
851 2.390683e-05 4.590019e-03
852 7.510126e-04 2.079055e-02
853 3.362130e-04 2.080708e-02
854 8.969440e-04 2.054994e-02
855 1.909776e-03 2.662175e-02
856 7.199404e-05 6.258581e-03
857 5.044269e-04 1.700724e-02
858 1.110649e-04 1.034052e-02
859 1.161741e-05 3.141095e-03
860 2.260555e-04 8.173418e-03
861 4.672630e-06 1.501238e-03
862 2.567996e-04 9.281207e-03
863 5.329983e-05 3.549071e-03
864 4.354947e-05 5.224674e-03
865 2.782672e-04 1.265130e-02
866 4.230809e-04 1.580400e-02
867 2.650423e-04 2.542503e-02
868 1.235595e-05 3.122803e-03
869 5.305963e-04 2.195685e-02
870 9.039513e-04 2.239296e-02
871 1.728960e-04 1.139751e-02
872 2.372454e-03 5.682912e-02
873 8.898356e-04 1.920193e-02
874 1.804167e-04 5.446102e-03
875 2.879997e-05 2.264668e-03
876 1.107026e-06 1.044672e-03
877 1.216942e-04 6.394504e-03
878 1.844257e-03 2.681051e-02
879 1.838500e-04 6.804344e-03
880 6.453370e-05 5.385231e-03
881 2.254602e-05 1.767666e-03
882 2.868496e-04 1.382048e-02
883 4.714492e-04 8.501012e-03
884 3.476918e-04 1.608190e-02
885 2.053164e-04 1.791373e-02
886 7.884197e-05 5.063901e-03
887 1.583508e-04 3.775538e-03
888 1.150302e-04 5.311647e-03
889 3.707478e-04 6.867515e-03
890 1.580093e-04 1.013473e-02
891 1.542057e-03 4.041363e-02
892 2.825973e-05 2.328147e-03
893 4.805268e-04 1.688650e-02
894 7.008254e-05 3.789239e-03
895 2.347933e-04 7.793079e-03
896 1.641671e-03 3.128425e-02
897 4.305119e-04 1.163864e-02
898 3.274477e-05 3.330454e-03
899 2.725980e-04 9.233340e-03
900 1.559761e-04 5.094989e-03
901 2.295146e-04 1.010160e-02
902 1.167321e-05 1.662066e-03
903 9.079973e-05 3.938305e-03
904 3.955467e-04 1.630986e-02
905 5.453286e-05 3.541207e-03
906 4.255413e-05 6.069934e-03
907 7.300989e-06 1.476337e-03
908 9.112480e-05 8.020689e-03
909 3.568644e-05 5.073262e-03
910 4.373491e-05 2.963728e-03
911 1.044127e-04 9.447517e-03
912 1.190816e-04 7.501566e-03
913 2.714212e-05 2.433024e-03
914 2.894721e-05 6.738279e-03
915 1.309558e-04 6.734457e-03
916 2.297269e-05 2.215925e-03
917 9.833348e-06 2.193607e-03
918 9.047288e-06 2.278701e-03
919 3.928390e-04 2.632344e-02
920 4.810522e-05 5.719965e-03
921 1.492014e-05 1.655237e-03
922 1.409508e-04 6.262958e-03
923 2.758973e-05 4.710061e-03
924 9.301871e-04 1.939290e-02
925 3.020251e-04 9.224551e-03
926 1.192847e-04 6.366042e-03
927 7.718729e-04 2.506278e-02
928 7.992286e-04 2.447546e-02
929 2.786691e-04 9.083501e-03
930 3.167942e-04 1.720381e-02
931 7.869239e-05 7.133404e-03
932 1.337982e-04 7.641081e-03
933 1.510252e-05 2.333376e-03
934 2.571368e-05 3.964382e-03
935 2.575214e-05 2.571749e-03
936 3.719280e-04 5.624413e-03
937 7.555737e-05 4.883756e-03
938 8.343705e-06 1.586341e-03
939 4.107105e-05 4.041218e-03
940 1.101295e-03 2.220881e-02
941 1.386069e-05 1.686726e-03
942 4.673969e-04 5.918505e-03
943 1.166585e-04 1.286503e-02
944 5.078794e-06 1.870501e-03
945 6.263794e-05 3.320041e-03
946 1.447634e-05 1.851768e-03
947 1.141611e-04 1.187254e-02
948 4.548075e-06 1.433394e-03
949 1.371529e-04 6.766414e-03
950 3.477228e-04 1.604659e-02
951 5.743730e-04 1.230652e-02
952 1.535616e-04 1.138207e-02
953 9.273278e-06 2.254608e-03
954 3.257240e-04 1.585291e-02
955 2.714212e-05 2.433024e-03
956 2.367457e-05 2.227535e-03
957 1.314399e-04 5.981252e-03
958 6.473897e-05 3.678625e-03
959 1.271971e-04 6.328032e-03
960 9.279159e-06 2.246258e-03
961 6.989240e-05 5.905452e-03
962 1.464690e-04 7.863906e-03
963 2.594013e-05 2.518032e-03
964 1.174587e-05 1.315320e-03
965 5.723288e-05 3.223487e-03
966 1.824322e-05 2.754698e-03
967 2.170739e-05 3.408745e-03
968 6.035633e-05 1.855921e-03
969 2.187757e-04 2.987169e-03
970 5.824814e-05 3.954503e-03
971 2.556091e-05 4.778346e-03
972 1.458833e-04 8.510107e-03
973 3.959450e-05 1.724398e-03
974 4.045111e-05 1.771600e-03
975 2.690976e-04 4.065990e-03
976 1.087413e-04 5.840558e-03
977 1.868387e-05 2.940730e-03
978 2.374699e-04 4.584870e-03
979 2.195445e-05 1.537175e-03
980 1.647202e-04 4.072893e-03
981 2.539796e-04 4.801999e-03
982 5.502089e-06 1.081859e-03
983 2.833067e-05 2.289738e-03
984 2.589954e-04 7.261412e-03
985 5.756588e-04 2.633635e-02
986 7.614883e-04 1.301865e-02
987 3.973792e-05 4.623438e-03
988 1.945090e-05 1.570758e-03
989 8.892193e-05 4.321829e-03
990 2.197103e-05 1.487605e-03
991 1.093691e-03 2.154536e-02
992 4.483613e-05 2.820731e-03
993 7.623021e-05 6.850326e-03
994 6.896117e-06 1.260605e-03
995 2.189025e-04 9.609961e-03
996 6.535281e-04 1.773873e-02
997 6.381352e-05 4.116997e-03
998 8.602466e-06 2.246341e-03
999 1.309231e-04 6.344681e-03
1000 6.896117e-06 1.260605e-03
1001 7.305490e-05 6.675850e-03
1002 5.278336e-04 2.301085e-02
1003 1.027260e-04 3.724551e-03
1004 2.477158e-04 7.553453e-03
1005 5.584224e-06 1.141072e-03
1006 4.453906e-04 1.015251e-02
1007 1.696180e-05 2.180444e-03
1008 5.457604e-05 3.234221e-03
1009 1.890394e-05 1.404829e-03
1010 8.428198e-05 3.574061e-03
1011 1.161826e-04 1.249371e-02
1012 1.222077e-03 5.272486e-02
1013 4.321702e-05 5.999383e-03
1014 3.101810e-05 3.404215e-03
1015 3.477173e-04 8.990636e-03
1016 3.213485e-05 2.498615e-03
1017 5.709416e-05 1.752388e-03
1018 1.304752e-03 2.357275e-02
1019 8.098559e-06 1.632931e-03
1020 1.345189e-04 8.655981e-03
1021 1.307516e-04 5.884233e-03
1022 4.042682e-06 1.225517e-03
1023 3.398360e-04 7.432784e-03
1024 6.984641e-05 2.211591e-03
1025 1.096094e-05 1.333742e-03
1026 2.163712e-05 1.642988e-03
1027 8.626396e-05 5.522350e-03
1028 2.650757e-03 4.983671e-02
1029 1.493247e-05 2.528383e-03
1030 9.233566e-06 2.236809e-03
1031 1.024220e-04 4.365741e-03
1032 1.397184e-03 2.203308e-02
1033 1.002452e-05 1.222534e-03
1034 1.856501e-04 7.042459e-03
1035 8.173003e-05 3.578626e-03
1036 3.086560e-04 8.826801e-03
1037 1.152033e-05 2.814671e-03
1038 9.754232e-06 2.074092e-03
1039 8.139394e-05 3.081356e-03
1040 1.769937e-05 2.303296e-03
1041 6.767854e-04 1.344868e-02
1042 4.466491e-05 2.239802e-03
1043 3.387444e-06 1.123202e-03
1044 1.461643e-05 1.964524e-03
1045 1.519939e-05 1.874695e-03
1046 2.498951e-06 1.238721e-03
1047 5.709434e-06 1.099428e-03
1048 4.841051e-05 3.446201e-03
1049 3.347017e-06 1.070378e-03
1050 7.567671e-04 2.420163e-02
1051 4.235048e-04 1.819690e-02
1052 1.153390e-05 1.525527e-03
1053 8.957692e-05 3.747388e-03
1054 1.975241e-05 1.385606e-03
1055 3.347017e-06 1.070378e-03
1056 7.994755e-05 3.120135e-03
1057 1.419462e-04 3.570741e-03
1058 6.344589e-06 1.149195e-03
1059 1.951015e-04 5.398851e-03
1060 8.461769e-06 1.026525e-03
1061 1.435566e-05 1.098320e-03
1062 3.347017e-06 1.070378e-03
1063 1.771334e-04 1.604497e-02
1064 2.105737e-04 6.392502e-03
1065 4.764717e-06 1.675245e-03
1066 5.564782e-06 9.478971e-04
1067 2.181797e-04 3.766788e-03
1068 1.021811e-05 1.186776e-03
1069 2.017077e-05 1.420202e-03
1070 3.347017e-06 1.070378e-03
1071 1.021811e-05 1.186776e-03
1072 1.210093e-05 1.596952e-03
1073 1.892755e-06 1.063906e-03
1074 1.311120e-05 1.580420e-03
1075 4.575641e-05 2.540532e-03
1076 2.456828e-05 2.161421e-03
1077 4.595792e-05 2.863462e-03
1078 9.525578e-05 3.664029e-03
1079 3.449652e-05 1.746890e-03
1080 1.514635e-04 7.816501e-03
1081 1.673044e-04 8.743123e-03
1082 2.288447e-05 2.062481e-03
1083 1.549848e-05 1.772853e-03
1084 3.347017e-06 1.070378e-03
1085 3.387444e-06 1.123202e-03
1086 8.497621e-06 1.886817e-03
1087 6.591861e-06 1.180700e-03
1088 1.298507e-05 1.708905e-03
1089 5.990122e-06 1.134785e-03
1090 3.163122e-06 1.068024e-03
1091 5.778396e-06 1.167017e-03
1092 1.021811e-05 1.186776e-03
1093 1.637619e-04 5.643347e-03
1094 1.017282e-04 4.228388e-03
1095 8.874780e-06 1.742682e-03
1096 1.151857e-04 5.728281e-03
1097 1.358634e-04 1.720117e-02
1098 7.246578e-05 6.401012e-03
1099 1.813900e-05 2.674223e-03
1100 3.419517e-06 1.009800e-03
1101 2.378030e-04 9.722420e-03
1102 7.412750e-05 6.462240e-03
1103 1.077823e-05 2.580508e-03
1104 2.483763e-04 1.121012e-02
1105 1.521819e-05 1.828884e-03
1106 2.858438e-04 5.229270e-03
1107 2.434426e-05 1.917587e-03
1108 5.799555e-05 4.030265e-03
1109 5.263262e-06 1.682582e-03
1110 5.762320e-05 4.387175e-03
1111 2.071791e-05 1.556452e-03
1112 8.343746e-06 1.646710e-03
1113 1.443115e-04 7.742706e-03
1114 9.057341e-05 3.251939e-03
1115 4.335476e-04 4.992870e-03
1116 4.795404e-06 1.833426e-03
1117 3.389761e-04 7.359405e-03
1118 5.600050e-05 3.325349e-03
1119 2.393305e-04 1.250964e-02
1120 2.048190e-04 6.606402e-03
1121 1.751528e-05 2.649929e-03
1122 1.350580e-04 7.196029e-03
1123 1.761933e-05 2.238414e-03
1124 1.413021e-04 8.713619e-03
1125 1.232851e-05 2.744152e-03
1126 2.584841e-05 5.571178e-03
1127 2.359139e-05 3.797355e-03
1128 8.115882e-04 1.973951e-02
1129 1.581154e-05 2.343199e-03
1130 1.816802e-04 7.101139e-03
1131 2.812178e-04 6.481141e-03
1132 3.291715e-05 3.341953e-03
1133 1.124233e-05 1.405271e-03
1134 3.919413e-05 4.473932e-03
1135 9.074127e-05 3.244632e-03
1136 9.789846e-05 4.517518e-03
1137 3.327914e-04 8.575523e-03
1138 7.698256e-06 1.744778e-03
1139 3.098713e-05 2.358352e-03
1140 5.683408e-06 2.025701e-03
1141 5.391279e-05 2.966557e-03
1142 1.159059e-04 5.454834e-03
1143 5.725109e-04 2.847969e-02
1144 5.610582e-05 3.833192e-03
1145 1.716671e-04 5.586247e-03
1146 8.174977e-04 2.443255e-02
1147 2.601744e-04 1.315368e-02
1148 1.600457e-05 2.194307e-03
1149 3.361947e-04 7.222633e-03
1150 2.465080e-05 1.804770e-03
1151 1.671827e-04 5.376527e-03
1152 8.086342e-05 1.096340e-02
1153 7.309691e-05 4.138319e-03
1154 7.697230e-06 1.655501e-03
1155 2.637971e-04 6.067442e-03
1156 1.193252e-05 1.450322e-03
1157 1.187106e-04 6.310847e-03
1158 1.759239e-05 2.946818e-03
1159 7.170657e-06 1.414541e-03
1160 1.569950e-05 2.153126e-03
1161 2.025293e-04 7.314513e-03
1162 8.058993e-04 1.887933e-02
1163 1.467534e-05 1.900928e-03
1164 4.368679e-04 2.189657e-02
1165 7.277290e-04 2.747524e-02
1166 4.256598e-05 2.416472e-03
1167 3.545683e-04 1.222217e-02
1168 9.560732e-05 4.837468e-03
1169 6.309483e-05 5.505113e-03
1170 5.616224e-05 4.321984e-03
1171 7.340054e-05 5.976810e-03
1172 4.925804e-04 1.638300e-02
1173 1.892755e-06 1.063906e-03
1174 4.294805e-04 1.089970e-02
1175 5.153611e-05 3.565142e-03
1176 1.126815e-05 1.393410e-03
1177 3.060063e-04 1.151509e-02
1178 1.212793e-03 2.507537e-02
1179 6.387533e-05 5.800959e-03
1180 8.777181e-05 3.476283e-03
1181 1.021811e-05 1.186776e-03
1182 6.579010e-05 5.621144e-03
1183 1.664531e-04 4.994323e-03
1184 2.043863e-04 6.905957e-03
1185 2.419048e-04 5.899565e-03
1186 2.267386e-04 8.793881e-03
1187 5.195539e-05 1.550436e-03
1188 7.831684e-06 1.592415e-03
1189 3.831691e-05 1.521054e-03
1190 1.323155e-05 1.813683e-03
1191 1.502660e-05 1.915874e-03
1192 1.003752e-03 2.402077e-02
1193 2.579533e-05 2.750426e-03
1194 1.915124e-04 5.985504e-03
1195 1.293046e-04 7.305102e-03
1196 3.153344e-05 3.733025e-03
1197 2.539129e-05 2.420850e-03
1198 1.011500e-05 1.161257e-03
1199 1.534371e-04 9.883544e-03
1200 1.727507e-04 1.095608e-02
1201 1.960370e-06 1.073870e-03
1202 5.800415e-05 3.520825e-03
1203 3.947495e-04 1.174082e-02
1204 3.008208e-05 2.685975e-03
1205 5.474055e-06 1.870449e-03
1206 6.269931e-04 1.285174e-02
1207 3.011590e-05 2.406394e-03
1208 2.701025e-05 2.532032e-03
1209 8.379071e-04 9.532336e-03
1210 2.117672e-05 3.078472e-03
1211 1.955743e-04 5.665523e-03
1212 1.602053e-05 2.005929e-03
1213 2.711005e-05 2.714248e-03
1214 1.120685e-05 1.309783e-03
1215 1.519492e-05 1.847376e-03
1216 9.383429e-06 1.967748e-03
1217 8.206618e-04 1.464244e-02
1218 5.106574e-05 2.626614e-03
1219 2.834309e-05 2.175722e-03
1220 1.578047e-04 1.191122e-02
1221 2.144001e-04 8.506717e-03
1222 2.671405e-04 1.407947e-02
1223 2.459056e-04 9.666054e-03
1224 7.624827e-05 6.439867e-03
1225 2.098582e-05 1.445068e-03
1226 1.063100e-05 1.199372e-03
1227 6.921021e-05 2.628031e-03
1228 3.475270e-05 4.031815e-03
1229 1.150186e-04 5.119467e-03
1230 5.852123e-05 3.511497e-03
1231 4.576053e-04 1.279147e-02
1232 5.462334e-05 4.060296e-03
1233 1.153135e-04 4.599740e-03
1234 2.839045e-05 7.025719e-03
1235 9.753115e-04 1.608023e-02
1236 7.470975e-05 2.878601e-03
1237 2.807855e-03 2.849350e-02
1238 1.267972e-04 6.481738e-03
1239 5.414244e-05 3.900762e-03
1240 6.045209e-05 1.832115e-03
1241 1.377751e-05 1.698196e-03
1242 3.283590e-03 3.849924e-02
1243 1.307482e-04 8.140882e-03
1244 9.478199e-06 2.486584e-03
1245 7.856771e-05 2.941297e-03
1246 8.015426e-06 1.785779e-03
1247 1.594041e-05 2.919159e-03
1248 1.799048e-04 1.457635e-02
1249 1.614090e-04 5.119213e-03
1250 5.289609e-05 4.897647e-03
1251 8.120280e-05 3.327199e-03
1252 1.784351e-05 2.923582e-03
1253 9.216101e-04 2.450248e-02
1254 3.412192e-05 3.243796e-03
1255 9.431141e-05 4.435679e-03
1256 1.737774e-05 1.168421e-03
1257 1.248100e-03 1.661820e-02
1258 2.280108e-05 3.407385e-03
1259 1.816216e-04 7.147035e-03
1260 1.204111e-03 2.299396e-02
1261 3.861150e-05 2.239888e-03
1262 1.678397e-04 4.090159e-03
1263 6.562904e-04 1.642522e-02
1264 2.339831e-04 9.914021e-03
1265 1.121748e-04 5.565736e-03
1266 4.805413e-04 1.845798e-02
1267 2.116207e-04 7.432786e-03
1268 1.196485e-04 7.068904e-03
1269 1.169738e-04 5.811154e-03
1270 3.022275e-04 5.399538e-03
1271 1.908901e-04 6.875347e-03
1272 5.778396e-06 1.167017e-03
1273 1.270013e-04 7.781616e-03
1274 1.534265e-04 9.991268e-03
1275 1.417024e-04 7.166381e-03
1276 2.879973e-04 6.442055e-03
1277 3.533290e-04 5.708035e-03
1278 1.772512e-04 1.294318e-02
1279 2.145865e-05 1.674115e-03
1280 1.607293e-03 1.789051e-02
1281 4.072837e-05 2.191756e-03
1282 4.652268e-05 3.084306e-03
1283 1.796722e-04 1.275949e-02
1284 3.085659e-05 1.409450e-03
1285 1.761093e-04 5.201794e-03
1286 3.047352e-05 2.629916e-03
1287 1.655830e-04 3.980558e-03
1288 9.590127e-05 2.649322e-03
1289 6.951970e-05 4.915400e-03
1290 2.281586e-04 1.865707e-02
1291 7.231792e-05 2.709118e-03
1292 1.336368e-03 5.259981e-02
1293 1.490036e-05 2.767462e-03
1294 5.086704e-05 2.772077e-03
1295 2.955359e-05 2.201554e-03
1296 1.758609e-04 6.636561e-03
1297 3.016074e-04 1.601619e-02
1298 5.348534e-05 7.728337e-03
1299 3.209677e-05 1.550530e-03
1300 1.182463e-05 1.317571e-03
1301 2.735386e-05 2.472434e-03
1302 2.362702e-04 8.162517e-03
1303 7.172868e-05 5.166381e-03
1304 8.527741e-05 3.373575e-03
1305 2.185526e-04 9.856921e-03
1306 3.099997e-05 1.284724e-03
1307 4.847370e-05 2.650302e-03
1308 2.570567e-05 1.955311e-03
1309 2.463707e-04 1.784457e-02
1310 6.912041e-06 1.270785e-03
1311 1.384747e-03 1.875606e-02
1312 1.380843e-03 2.472236e-02
1313 6.850433e-06 1.346403e-03
1314 5.310651e-05 3.397908e-03
1315 2.288751e-05 1.955858e-03
1316 1.790795e-05 1.311734e-03
1317 1.156344e-05 1.134280e-03
1318 3.472684e-04 2.149056e-02
1319 8.862125e-04 1.672371e-02
1320 3.198275e-05 2.748500e-03
1321 7.815513e-05 6.535067e-03
1322 1.966346e-06 1.087488e-03
1323 1.790795e-05 1.311734e-03
1324 1.500477e-04 4.061170e-03
1325 1.284749e-04 6.376948e-03
1326 5.156289e-05 3.159631e-03
1327 1.670501e-04 7.210122e-03
1328 3.133522e-05 1.612661e-03
1329 6.660029e-05 4.363259e-03
1330 3.638767e-05 4.524134e-03
1331 2.110178e-05 1.511162e-03
1332 6.378728e-06 1.189621e-03
1333 2.163005e-05 1.549117e-03
1334 6.430122e-05 1.898516e-03
1335 1.339241e-04 5.984095e-03
1336 2.735386e-05 2.472434e-03
1337 2.681591e-05 2.235068e-03
1338 4.462942e-05 1.967993e-03
1339 8.692277e-05 4.080176e-03
1340 5.399710e-05 3.097316e-03
1341 4.190979e-04 9.147914e-03
1342 1.790795e-05 1.311734e-03
1343 1.790795e-05 1.311734e-03
1344 2.735386e-05 2.472434e-03
1345 1.572826e-04 1.009880e-02
1346 7.305909e-05 2.109827e-03
1347 1.048967e-05 1.130476e-03
1348 3.997829e-05 5.486509e-03
1349 1.884804e-03 4.511614e-02
1350 5.490520e-05 3.005399e-03
1351 7.699439e-05 2.769353e-03
1352 5.371624e-05 3.801647e-03
1353 9.684492e-05 4.527405e-03
1354 5.648941e-05 3.340815e-03
1355 5.415512e-05 3.257746e-03
1356 1.820054e-04 6.720810e-03
1357 7.477320e-05 3.682110e-03
1358 2.433252e-05 2.319805e-03
1359 1.193317e-05 1.470358e-03
1360 7.066963e-05 2.314480e-03
1361 5.707760e-05 3.574889e-03
1362 7.211677e-05 2.583305e-03
1363 7.893610e-05 3.172012e-03
1364 2.449369e-04 3.858573e-03
1365 3.459822e-05 3.508966e-03
1366 7.274284e-05 2.939176e-03
1367 1.049810e-05 1.220616e-03
1368 4.327239e-04 1.411297e-02
1369 9.484842e-06 2.383210e-03
1370 1.195674e-05 1.337245e-03
1371 1.891824e-04 5.491296e-03
1372 4.351161e-05 2.901499e-03
1373 3.315696e-05 1.635983e-03
1374 1.587340e-05 2.305415e-03
1375 5.767034e-05 3.270794e-03
1376 4.130532e-03 7.842314e-02
1377 1.045913e-04 4.545134e-03
1378 5.778396e-06 1.167017e-03
1379 1.707624e-05 1.209006e-03
1380 1.082317e-03 2.028991e-02
1381 2.735386e-05 2.472434e-03
1382 3.583564e-06 1.064130e-03
1383 1.927841e-04 6.459809e-03
1384 5.648941e-05 3.340815e-03
1385 5.648941e-05 3.340815e-03
1386 5.648941e-05 3.340815e-03
1387 5.700384e-05 3.377828e-03
1388 3.365422e-05 1.628236e-03
1389 6.869414e-05 1.822132e-03
1390 1.905109e-05 1.144182e-03
1391 9.526612e-05 3.606364e-03
1392 1.021811e-05 1.186776e-03
1393 1.224512e-04 5.139474e-03
1394 9.713284e-05 4.202481e-03
1395 4.348066e-04 5.401940e-03
1396 3.356374e-04 1.147288e-02
1397 1.053716e-05 2.309869e-03
1398 1.540802e-04 9.562229e-03
1399 1.451542e-04 9.903486e-03
1400 5.514052e-05 3.398643e-03
1401 6.865055e-04 1.493884e-02
1402 5.513822e-05 1.321390e-03
1403 3.097042e-05 3.341274e-03
1404 1.069882e-05 1.368036e-03
1405 5.283249e-05 3.162718e-03
1406 1.094834e-04 6.111641e-03
1407 3.202527e-05 1.552162e-03
1408 1.529133e-03 2.948307e-02
1409 8.679342e-04 2.252495e-02
1410 1.474786e-04 4.360196e-03
1411 4.048602e-05 1.920423e-03
1412 3.000335e-05 2.687978e-03
1413 2.041357e-06 1.067407e-03
1414 2.064209e-05 1.701982e-03
1415 2.027699e-05 1.573166e-03
1416 2.594240e-05 2.349740e-03
1417 1.692404e-05 1.299138e-03
1418 3.194505e-05 3.231583e-03
1419 6.052226e-05 2.267207e-03
1420 8.645578e-05 3.609806e-03
1421 3.215493e-05 3.332635e-03
1422 9.193330e-05 3.802361e-03
1423 4.072837e-05 2.191756e-03
1424 3.773687e-05 1.804245e-03
1425 3.773687e-05 1.804245e-03
1426 3.773687e-05 1.804245e-03
1427 3.773687e-05 1.804245e-03
1428 4.891764e-05 2.852352e-03
1429 5.343636e-05 3.657674e-03
1430 2.969405e-04 5.830185e-03
1431 2.088533e-04 1.604195e-02
1432 3.948288e-04 1.088257e-02
1433 8.391716e-05 3.511071e-03
1434 3.551433e-05 1.630092e-03
1435 1.982551e-05 1.262718e-03
1436 6.849090e-05 2.479358e-03
1437 2.148400e-05 1.523741e-03
1438 4.453729e-05 2.191809e-03
1439 4.244057e-04 1.183959e-02
1440 3.743600e-05 2.106144e-03
1441 1.250862e-05 1.424375e-03
1442 8.564248e-05 3.367733e-03
1443 3.267366e-05 3.146276e-03
1444 9.254002e-06 2.286641e-03
1445 7.869263e-05 3.845661e-03
1446 1.298507e-05 1.708905e-03
1447 1.240891e-03 2.513154e-02
1448 2.110178e-05 1.511162e-03
1449 2.735386e-05 2.472434e-03
1450 8.901876e-05 3.879051e-03
1451 7.050265e-05 5.798135e-03
1452 4.791048e-04 7.079783e-03
1453 3.934120e-05 2.326792e-03
1454 3.356307e-05 1.605111e-03
1455 2.665326e-05 2.499238e-03
1456 1.021811e-05 1.186776e-03
1457 2.127333e-05 1.556752e-03
1458 2.195445e-05 1.537175e-03
1459 3.383345e-05 1.667386e-03
1460 1.914223e-04 6.308201e-03
1461 1.021811e-05 1.186776e-03
1462 1.021811e-05 1.186776e-03
1463 1.049810e-05 1.220616e-03
1464 2.110178e-05 1.511162e-03
1465 5.778396e-06 1.167017e-03
1466 2.273789e-04 8.359628e-03
1467 6.545253e-05 2.293530e-03
1468 4.858987e-05 3.280056e-03
1469 1.502003e-04 5.025464e-03
1470 2.051098e-05 3.155992e-03
1471 1.394512e-04 4.338660e-03
1472 8.876108e-05 3.674960e-03
1473 4.165536e-05 1.993219e-03
1474 2.557707e-04 1.001536e-02
1475 7.256388e-06 1.545304e-03
1476 3.265995e-04 6.420137e-03
1477 5.202625e-06 1.664899e-03
1478 1.819430e-04 5.548028e-03
1479 1.440801e-04 7.001656e-03
1480 6.014396e-04 7.681984e-03
1481 3.158209e-04 1.591871e-02
1482 1.480305e-04 5.887152e-03
1483 2.599939e-05 2.319455e-03
1484 3.598341e-04 3.229559e-02
1485 4.062394e-04 1.115802e-02
1486 5.123337e-04 1.745745e-02
1487 4.493857e-06 1.717763e-03
1488 6.639659e-05 4.359676e-03
1489 6.183821e-06 1.163055e-03
1490 2.583928e-05 2.277482e-03
1491 1.291845e-03 2.427859e-02
1492 4.573556e-05 5.627936e-03
1493 1.490837e-04 3.450100e-03
1494 1.707385e-05 2.391310e-03
1495 9.180546e-05 3.449353e-03
1496 4.319062e-05 2.394049e-03
1497 7.108743e-04 1.339324e-02
1498 6.127144e-05 4.164481e-03
1499 1.531422e-05 2.584696e-03
1500 2.410259e-05 2.318487e-03
1501 2.213463e-05 4.277412e-03
1502 2.882639e-04 7.065744e-03
1503 8.566710e-04 1.276649e-02
1504 1.091062e-04 4.766345e-03
1505 4.865851e-05 2.795746e-03
1506 2.671785e-05 2.452507e-03
1507 7.470975e-05 2.878601e-03
1508 4.168818e-04 1.130671e-02
1509 4.012029e-05 2.216485e-03
1510 8.942608e-05 4.023797e-03
1511 3.375777e-05 3.228644e-03
1512 1.196254e-04 2.748050e-03
1513 8.031221e-05 3.175189e-03
1514 8.513398e-05 4.164081e-03
1515 1.106426e-03 1.398046e-02
1516 1.342056e-04 6.577365e-03
1517 4.220883e-04 8.734782e-03
1518 1.756696e-04 3.193735e-03
1519 1.827797e-04 5.645049e-03
1520 1.781917e-05 1.188212e-03
1521 1.000547e-04 3.950056e-03
1522 1.141169e-04 5.605896e-03
1523 4.682558e-05 3.179734e-03
1524 2.339183e-04 6.756690e-03
1525 2.742977e-04 8.918694e-03
1526 2.092819e-04 7.569263e-03
1527 2.040783e-04 7.190867e-03
1528 9.900160e-05 4.031631e-03
1529 3.303926e-05 3.004617e-03
1530 2.853813e-04 9.116113e-03
1531 1.115113e-04 4.631282e-03
1532 5.648941e-05 3.340815e-03
1533 1.129016e-04 3.629413e-03
1534 1.091062e-04 4.766345e-03
1535 1.021811e-05 1.186776e-03
1536 2.027699e-05 1.573166e-03
1537 2.735386e-05 2.472434e-03
1538 4.587474e-05 2.438447e-03
1539 1.707624e-05 1.209006e-03
1540 2.263716e-05 4.564620e-03
1541 9.641840e-04 2.660229e-02
1542 7.783330e-04 1.837759e-02
1543 5.941476e-04 3.508918e-02
1544 9.900160e-05 4.031631e-03
1545 2.432559e-04 5.341004e-03
1546 4.218401e-05 2.359874e-03
1547 7.944214e-04 1.342615e-02
1548 1.763742e-04 4.084387e-03
1549 4.410878e-05 2.621869e-03
1550 5.518661e-05 3.676986e-03
1551 1.723101e-05 2.521334e-03
1552 8.092927e-04 1.564805e-02
1553 1.493663e-03 2.849659e-02
1554 6.485603e-05 5.943803e-03
1555 6.916425e-04 1.245897e-02
1556 1.754780e-04 6.834404e-03
1557 7.736288e-04 1.936045e-02
1558 1.204296e-04 6.863738e-03
1559 6.692940e-05 5.789855e-03
1560 1.827239e-04 7.627291e-03
1561 4.806386e-04 2.509085e-02
1562 2.226004e-05 5.302794e-03
1563 7.880505e-05 8.008543e-03
1564 5.902176e-04 1.806153e-02
1565 2.224213e-04 9.419200e-03
1566 2.275791e-05 4.503469e-03
1567 3.018932e-03 3.074146e-02
1568 2.146288e-04 8.617612e-03
1569 7.643650e-05 2.729795e-03
1570 2.817699e-04 9.693368e-03
1571 1.178094e-05 1.600036e-03
1572 1.663196e-05 1.983693e-03
1573 4.222509e-04 1.729802e-02
1574 6.871730e-05 5.970136e-03
1575 5.970295e-04 8.560427e-03
1576 1.831777e-04 7.228834e-03
1577 1.938194e-03 3.181873e-02
1578 1.326756e-04 2.621403e-03
1579 4.876405e-05 2.938187e-03
1580 1.625800e-03 1.776322e-02
1581 8.666435e-05 3.428196e-03
1582 1.933691e-05 2.659709e-03
1583 5.378212e-04 1.181645e-02
1584 1.070388e-04 5.375948e-03
1585 3.413427e-04 2.676729e-02
1586 1.181021e-04 5.218569e-03
1587 8.685381e-06 1.821091e-03
1588 3.746027e-05 1.713687e-03
1589 6.836789e-06 2.809133e-03
1590 3.069129e-05 2.248839e-03
1591 1.043202e-04 3.135954e-03
1592 2.630514e-05 2.419320e-03
1593 1.682037e-05 1.930660e-03
1594 1.011262e-04 6.584884e-03
1595 1.475212e-05 2.095315e-03
1596 4.801075e-04 1.608822e-02
1597 1.073641e-04 4.479333e-03
1598 3.303926e-05 3.004617e-03
1599 1.294808e-03 2.686142e-02
1600 1.747461e-04 4.948063e-03
1601 3.242442e-05 2.293260e-03
1602 2.447449e-03 4.587521e-02
1603 1.071117e-04 5.802884e-03
1604 4.999641e-05 2.524709e-03
1605 1.844400e-05 1.375412e-03
1606 2.038884e-03 7.257033e-02
1607 7.921043e-05 5.538598e-03
1608 5.319129e-05 3.390622e-03
1609 2.270076e-04 1.093261e-02
1610 9.272799e-04 2.493586e-02
1611 1.344621e-04 7.719446e-03
1612 2.075841e-05 3.209469e-03
1613 3.505057e-06 1.156231e-03
1614 1.886700e-04 5.239782e-03
1615 1.682107e-03 2.660823e-02
1616 9.960965e-06 2.138867e-03
1617 1.844008e-05 3.126789e-03
1618 1.100159e-05 1.271627e-03
1619 1.055197e-04 1.390531e-02
1620 9.558818e-04 2.712237e-02
1621 9.383489e-04 3.982213e-02
1622 9.109307e-05 3.896718e-03
1623 7.714387e-04 2.775434e-02
1624 8.920017e-04 1.887453e-02
1625 4.036930e-05 3.456885e-03
1626 2.759649e-04 1.321346e-02
1627 1.305116e-04 6.806703e-03
1628 5.624988e-04 1.540388e-02
1629 8.086258e-04 2.177776e-02
1630 1.453515e-03 2.231050e-02
1631 6.445633e-04 2.110622e-02
1632 4.685284e-04 2.156150e-02
1633 1.791235e-05 2.662444e-03
1634 4.266892e-05 5.108557e-03
1635 2.347444e-06 1.070711e-03
1636 1.623971e-05 2.411243e-03
1637 4.838996e-06 1.450336e-03
1638 2.528180e-05 2.075513e-03
1639 5.325062e-06 1.747729e-03
1640 3.901056e-04 1.001776e-02
1641 1.029907e-04 3.548214e-03
1642 6.554845e-04 1.464348e-02
1643 2.387797e-04 7.290293e-03
1644 1.199355e-04 6.393107e-03
1645 5.216192e-05 2.611832e-03
1646 6.101736e-03 9.173719e-02
1647 2.342557e-04 3.694423e-03
1648 2.438445e-05 2.190965e-03
1649 1.589651e-03 4.955108e-02
1650 2.500855e-04 1.102441e-02
1651 1.217375e-05 3.326870e-03
1652 5.092214e-04 2.675667e-02
1653 9.130092e-04 3.481332e-02
1654 2.349004e-04 1.421525e-02
1655 7.303597e-04 2.370086e-02
1656 3.024123e-04 8.282931e-03
1657 2.650232e-04 6.745382e-03
1658 2.044912e-05 3.808449e-03
1659 1.494048e-04 3.778534e-03
1660 5.239740e-05 3.326692e-03
1661 8.006811e-05 2.524082e-03
1662 5.403436e-05 3.178479e-03
1663 1.052151e-03 2.314749e-02
1664 4.178025e-05 4.506161e-03
1665 3.923106e-05 3.836819e-03
1666 2.994111e-04 1.013665e-02
1667 6.264337e-04 1.500240e-02
1668 3.523843e-07 8.788284e-04
1669 1.495373e-04 8.091659e-03
1670 1.540385e-05 1.729072e-03
1671 6.930475e-05 6.978417e-03
1672 6.945739e-04 2.610386e-02
1673 1.573423e-04 9.777684e-03
1674 2.914398e-05 6.457372e-03
1675 3.814022e-05 4.336948e-03
1676 2.679239e-05 2.160367e-03
1677 1.234480e-04 5.860771e-03
1678 4.989967e-05 3.131834e-03
1679 1.804282e-05 1.235244e-03
1680 1.369629e-04 3.408525e-03
1681 2.245565e-04 7.504511e-03
1682 5.681656e-05 8.139500e-03
1683 1.021811e-05 1.186776e-03
1684 3.402016e-05 1.754602e-03
1685 1.313514e-04 6.879287e-03
1686 6.664804e-05 6.673233e-03
1687 2.063541e-04 1.654474e-02
1688 1.161865e-04 4.906517e-03
1689 1.162697e-04 5.179180e-03
1690 6.633106e-06 1.234117e-03
1691 8.590898e-06 1.430780e-03
1692 4.562910e-05 2.691680e-03
1693 4.915805e-05 6.949263e-03
1694 3.723004e-04 9.473329e-03
1695 1.021811e-05 1.186776e-03
1696 1.884757e-03 4.388043e-02
1697 1.023119e-04 3.713283e-03
1698 3.033687e-04 1.934268e-02
1699 1.950979e-03 2.571000e-02
1700 2.394580e-05 3.224688e-03
1701 1.668728e-04 1.034087e-02
1702 9.860076e-04 1.182017e-02
1703 6.963432e-04 1.301671e-02
1704 5.778396e-06 1.167017e-03
1705 1.707624e-05 1.209006e-03
1706 1.942512e-05 1.492686e-03
1707 3.761991e-04 6.472858e-03
1708 2.752590e-05 6.010647e-03
1709 1.408732e-04 7.145435e-03
1710 9.729166e-05 8.986922e-03
1711 2.558385e-04 5.726351e-03
1712 2.802478e-04 1.443068e-02
1713 7.033817e-05 5.555580e-03
1714 2.607047e-04 9.506470e-03
1715 6.221137e-05 4.401974e-03
1716 3.570736e-05 3.114489e-03
1717 1.844980e-04 6.794431e-03
1718 1.007727e-04 7.692764e-03
1719 1.087810e-04 5.273474e-03
1720 8.749224e-05 5.891538e-03
1721 4.409488e-04 2.002148e-02
1722 8.535542e-05 5.746377e-03
1723 1.414041e-03 3.742576e-02
1724 2.405626e-05 1.782284e-03
1725 9.467178e-05 7.015449e-03
1726 3.703529e-04 1.519410e-02
1727 1.687503e-04 6.688173e-03
1728 1.291436e-04 7.074719e-03
1729 1.799881e-05 3.075603e-03
1730 2.344745e-04 9.686567e-03
1731 6.736513e-05 4.094968e-03
1732 2.306840e-05 1.439225e-03
1733 2.082599e-06 9.889739e-04
1734 2.352237e-04 4.021387e-03
1735 2.404278e-04 4.251546e-03
1736 3.494127e-06 1.012138e-03
1737 1.338948e-04 3.803646e-03
1738 7.690056e-06 1.567275e-03
1739 1.139854e-04 6.214378e-03
1740 8.823071e-04 2.487729e-02
1741 3.177180e-05 3.726183e-03
1742 2.625980e-04 1.179242e-02
1743 2.726596e-04 1.132764e-02
1744 1.172126e-04 4.069506e-03
1745 1.618040e-04 4.365185e-03
1746 1.075778e-05 1.197581e-03
1747 1.475853e-04 4.421112e-03
1748 3.194896e-03 6.978162e-02
1749 1.230164e-04 3.444424e-03
1750 1.020302e-04 5.200812e-03
1751 5.104575e-05 4.086008e-03
1752 2.277322e-05 1.547670e-03
1753 1.177221e-04 5.216084e-03
1754 5.204554e-05 4.306269e-03
1755 7.237439e-05 2.574001e-03
1756 4.027530e-04 1.227680e-02
1757 1.527028e-04 1.024155e-02
1758 7.762718e-05 2.893422e-03
1759 7.695597e-06 3.435323e-03
1760 8.437165e-04 3.096035e-02
1761 2.538218e-05 5.643349e-03
1762 4.041248e-05 2.400075e-03
1763 7.661466e-05 7.318080e-03
1764 5.532312e-05 3.465134e-03
1765 2.365757e-04 9.603018e-03
1766 6.826174e-05 2.333433e-03
1767 2.781601e-05 2.701282e-03
1768 2.930057e-04 6.180797e-03
1769 8.806864e-05 3.141050e-03
1770 1.061534e-04 4.506341e-03
1771 6.354384e-05 5.653152e-03
1772 1.846915e-03 2.073162e-02
1773 1.143750e-03 3.873622e-02
1774 1.755676e-05 2.371269e-03
1775 2.437339e-05 2.042331e-03
1776 6.268935e-05 1.285191e-02
1777 1.143729e-05 3.287677e-03
1778 2.465046e-05 4.217578e-03
1779 8.868150e-05 8.788073e-03
1780 1.644554e-05 2.413838e-03
1781 3.807207e-06 1.223926e-03
1782 3.881482e-05 2.431080e-03
1783 9.020789e-05 4.526117e-03
1784 2.768899e-04 8.516123e-03
1785 2.500038e-05 2.020365e-03
1786 3.062280e-04 1.483536e-02
1787 1.563114e-04 1.014951e-02
1788 1.964407e-05 3.471681e-03
1789 5.305654e-04 1.981265e-02
1790 3.992884e-06 1.438033e-03
1791 3.624284e-05 1.629834e-03
1792 3.348758e-05 1.918593e-03
1793 3.146900e-05 8.385393e-03
1794 1.630100e-04 1.167930e-02
1795 7.717356e-06 1.397501e-03
1796 7.286144e-04 3.158924e-02
1797 2.500505e-04 8.534125e-03
1798 8.113627e-05 3.039418e-03
1799 1.242570e-05 1.870271e-03
1800 2.889115e-04 1.735876e-02
1801 2.394368e-05 1.797095e-03
1802 1.860356e-04 6.786921e-03
1803 1.252107e-05 1.672057e-03
1804 2.131023e-05 1.561419e-03
1805 6.395595e-05 1.027222e-02
1806 4.705660e-05 2.658118e-03
1807 6.894767e-06 1.236264e-03
1808 4.306401e-03 5.513552e-02
1809 6.810677e-05 4.762731e-03
1810 3.943497e-04 7.670837e-03
1811 1.537354e-04 4.466095e-03
1812 5.220522e-05 3.165207e-03
1813 5.057428e-05 6.213411e-03
1814 2.270362e-05 1.693925e-03
1815 4.054856e-04 1.175009e-02
1816 9.677728e-05 8.388745e-03
1817 1.860722e-05 2.470219e-03
1818 3.110113e-05 3.537326e-03
1819 5.732584e-06 1.959276e-03
1820 7.825949e-06 1.311955e-03
1821 1.165448e-05 3.143718e-03
1822 1.692878e-04 1.110932e-02
1823 2.959111e-04 9.800680e-03
1824 6.185718e-04 2.172061e-02
1825 1.691829e-04 1.632006e-02
1826 1.770921e-04 5.436730e-03
1827 8.071077e-05 7.525359e-03
1828 3.988755e-05 4.693058e-03
1829 7.470693e-05 5.987719e-03
1830 2.718824e-05 2.419258e-03
1831 6.314259e-06 1.241250e-03
1832 1.571502e-04 9.345416e-03
1833 3.830045e-05 1.895299e-03
1834 4.348156e-05 2.161799e-03
1835 2.940155e-05 2.593958e-03
1836 5.489043e-04 1.512891e-02
1837 2.447529e-04 9.995955e-03
1838 3.770711e-05 1.590730e-03
1839 3.119929e-04 1.486902e-02
1840 1.776163e-04 7.234210e-03
1841 1.470550e-04 8.496986e-03
1842 1.091899e-04 5.240014e-03
1843 6.826169e-05 4.218424e-03
1844 8.718045e-06 2.127383e-03
1845 9.184714e-05 3.937697e-03
1846 3.432061e-05 2.925142e-03
1847 6.628988e-04 1.716825e-02
1848 2.224071e-05 1.634986e-03
1849 1.540408e-04 7.779086e-03
1850 1.496069e-04 1.185280e-02
1851 8.437482e-04 2.285330e-02
1852 1.369400e-04 7.681931e-03
1853 1.174743e-04 6.493664e-03
1854 1.041475e-03 2.280430e-02
1855 5.323824e-04 1.761385e-02
1856 8.890224e-06 1.974486e-03
1857 3.616249e-05 4.069976e-03
1858 5.468614e-05 1.776328e-03
1859 2.586519e-05 2.295137e-03
1860 1.253500e-04 4.930366e-03
1861 1.187288e-04 4.736639e-03
1862 5.236406e-04 1.998057e-02
1863 2.518536e-05 2.161688e-03
1864 2.110735e-05 1.589953e-03
1865 2.049016e-04 6.813014e-03
1866 7.150139e-04 1.220803e-02
1867 1.072059e-05 2.399821e-03
1868 2.830379e-05 2.270495e-03
1869 1.442053e-03 1.347889e-02
1870 4.599306e-05 3.019406e-03
1871 1.985177e-04 7.830075e-03
1872 7.730289e-05 5.312920e-03
1873 4.480984e-06 1.471505e-03
1874 2.088461e-05 1.670512e-03
1875 3.824524e-04 8.545059e-03
1876 2.417093e-05 1.921124e-03
1877 1.407986e-05 1.757023e-03
1878 7.071447e-05 4.142008e-03
1879 8.445191e-05 8.242403e-03
1880 2.445422e-05 1.915712e-03
1881 3.930607e-04 1.040382e-02
1882 1.409411e-05 1.912863e-03
1883 6.534099e-05 4.710401e-03
1884 3.083705e-05 1.447734e-03
1885 6.856619e-05 3.795581e-03
1886 2.677986e-05 3.246732e-03
1887 2.705095e-05 5.929250e-03
1888 2.217210e-05 1.975452e-03
1889 3.347017e-06 1.070378e-03
1890 7.576842e-05 5.574631e-03
1891 1.537528e-03 2.852307e-02
1892 1.339332e-04 6.546715e-03
1893 4.207737e-04 9.937401e-03
1894 1.972945e-03 2.456641e-02
1895 3.907998e-04 9.187469e-03
1896 1.576394e-04 5.617018e-03
1897 3.030690e-05 2.769572e-03
1898 5.681053e-04 1.829783e-02
1899 6.795063e-05 3.686883e-03
1900 3.013694e-05 2.333349e-03
1901 1.484104e-05 2.123887e-03
1902 1.079246e-05 1.345868e-03
1903 4.198966e-05 5.128706e-03
1904 3.381415e-05 1.793566e-03
1905 1.352736e-05 1.906517e-03
1906 5.050669e-05 3.443810e-03
1907 3.122398e-05 2.981378e-03
1908 1.072576e-05 1.125604e-03
1909 1.546875e-05 2.419540e-03
1910 2.305418e-04 9.596276e-03
1911 6.613161e-05 3.659721e-03
1912 3.431531e-04 6.108988e-03
1913 2.443166e-05 2.171341e-03
1914 2.504387e-05 2.060401e-03
1915 1.728139e-04 5.075322e-03
1916 1.053747e-03 1.487636e-02
1917 3.246808e-03 3.104421e-02
1918 6.320941e-04 1.088035e-02
1919 1.065249e-04 5.207778e-03
1920 2.455034e-05 1.842390e-03
1921 2.525215e-06 1.208923e-03
1922 2.016600e-05 1.466575e-03
1923 1.250862e-05 1.424375e-03
1924 2.027699e-05 1.573166e-03
1925 1.179075e-05 1.330778e-03
1926 1.419254e-04 3.908341e-03
1927 9.532756e-05 3.755205e-03
1928 1.274337e-05 1.386325e-03
1929 4.876012e-05 2.817058e-03
1930 5.603785e-05 3.366841e-03
1931 8.129444e-05 6.765705e-03
1932 1.171512e-04 5.365449e-03
1933 1.434930e-04 7.889784e-03
1934 3.133344e-04 1.981319e-02
1935 1.712748e-04 4.225930e-03
1936 9.259260e-05 3.808813e-03
1937 4.201791e-05 2.413901e-03
1938 1.045598e-05 1.262990e-03
1939 9.329379e-04 1.561466e-02
1940 2.919399e-04 1.392133e-02
1941 9.337445e-05 3.829954e-03
1942 1.241582e-03 2.709536e-02
1943 5.562742e-04 1.027245e-02
1944 3.746191e-04 6.639510e-03
1945 8.311619e-05 6.317445e-03
1946 4.552800e-05 2.725154e-03
1947 1.361927e-05 1.472228e-03
1948 1.140667e-05 1.381199e-03
1949 1.107556e-03 4.251592e-02
1950 1.176066e-04 5.270763e-03
1951 4.138160e-04 9.230616e-03
1952 6.749531e-05 5.091536e-03
1953 3.246324e-04 6.068055e-03
1954 1.549710e-04 3.344337e-03
1955 5.289282e-05 3.158735e-03
1956 1.533854e-04 8.240705e-03
1957 6.427101e-05 4.047793e-03
1958 1.110875e-04 5.537748e-03
1959 4.481213e-04 1.314890e-02
1960 1.020841e-04 4.680601e-03
1961 4.168905e-04 1.202494e-02
1962 3.751027e-04 9.638611e-03
1963 2.416436e-04 7.733065e-03
1964 4.343066e-05 1.629878e-03
1965 1.645396e-04 4.088513e-03
1966 1.033490e-04 3.780203e-03
1967 2.243228e-04 2.264832e-02
1968 1.211050e-05 1.520764e-03
1969 1.724017e-04 9.007433e-03
1970 1.222909e-04 7.947080e-03
1971 2.056200e-04 9.217234e-03
1972 2.657652e-05 2.705051e-03
1973 2.954202e-04 7.704190e-03
1974 1.774262e-05 2.920325e-03
1975 4.591988e-04 1.670916e-02
1976 3.627506e-04 7.088513e-03
1977 2.820272e-05 2.421442e-03
1978 1.110997e-05 3.370255e-03
1979 2.123184e-04 1.905401e-02
1980 5.802021e-06 1.059605e-03
1981 2.504190e-04 9.189490e-03
1982 2.017077e-05 1.420202e-03
1983 2.040957e-05 1.651032e-03
1984 2.167753e-04 1.053701e-02
1985 2.752135e-05 2.840432e-03
1986 1.261456e-05 3.254916e-03
1987 3.390808e-04 1.333336e-02
1988 3.829446e-04 8.180180e-03
1989 5.990122e-06 1.134785e-03
1990 2.132031e-05 1.861311e-03
1991 3.737250e-05 4.298716e-03
1992 9.091441e-04 1.013659e-02
1993 1.834620e-06 1.108104e-03
1994 5.729517e-06 1.100818e-03
1995 1.311265e-04 2.956792e-03
1996 2.423200e-05 2.566105e-03
1997 1.707624e-05 1.209006e-03
1998 2.735386e-05 2.472434e-03
1999 8.142751e-05 2.977832e-03
2000 1.370451e-05 1.925040e-03
2001 8.699816e-06 2.300501e-03
