2 4.560095e-04 4.357056e-02
3 3.556441e-03 1.535753e-01
4 1.006114e-03 9.480788e-02
5 8.255356e-04 2.915981e-02
6 4.362822e-03 1.303013e-01
7 1.792066e-04 1.107568e-02
8 5.383065e-04 2.016305e-02
9 7.578043e-05 6.283009e-03
10 1.947351e-04 6.913640e-03
11 8.302447e-04 5.233155e-02
12 3.259347e-05 6.062259e-03
13 1.677022e-03 5.201759e-02
14 2.536952e-04 2.136535e-02
15 7.229850e-05 2.374691e-02
16 3.460545e-04 2.759043e-02
17 5.969611e-05 4.421335e-03
18 2.309488e-04 6.422503e-02
19 3.545783e-04 2.383764e-02
20 9.124454e-04 7.069972e-02
21 6.678481e-04 2.717456e-02
22 2.611192e-04 8.327108e-03
23 1.348430e-03 4.374967e-02
24 1.969425e-04 4.302503e-02
25 5.831960e-05 1.202563e-02
26 9.158080e-04 1.248066e-01
27 7.563213e-04 1.354412e-02
28 1.007114e-04 1.140560e-02
29 3.609765e-03 1.542785e-01
30 8.402230e-05 5.436899e-03
31 9.692657e-05 1.582302e-02
32 4.054298e-04 2.824132e-02
33 4.758837e-05 3.093906e-03
34 3.469166e-05 2.704419e-03
35 1.689452e-03 6.575393e-02
36 7.459921e-05 9.916486e-03
37 2.291717e-03 1.272689e-01
38 2.289380e-03 1.042206e-01
39 2.389064e-03 1.816329e-01
40 4.681872e-04 5.551227e-02
41 4.230169e-05 4.545564e-03
42 2.217612e-03 1.424887e-01
43 3.058194e-05 5.101388e-03
44 7.547271e-06 2.142433e-03
45 1.318127e-05 2.158194e-03
46 5.150732e-06 1.291564e-03
47 1.682191e-05 4.335748e-03
48 2.673519e-05 4.779708e-03
49 4.990041e-05 5.987170e-03
50 3.460757e-04 1.066777e-02
51 8.215018e-06 2.691345e-03
52 2.511767e-05 4.244980e-03
53 1.609838e-05 3.698072e-03
54 2.673879e-05 3.575951e-03
55 1.262439e-05 2.768892e-03
56 1.243969e-04 7.894564e-03
57 1.025307e-04 5.315479e-03
58 9.700451e-07 1.614908e-03
59 3.629456e-05 5.969790e-03
60 1.842797e-06 2.158366e-03
61 6.374452e-06 3.614629e-03
62 1.291104e-06 1.194459e-03
63 1.222497e-05 4.371848e-03
64 3.281249e-05 6.177156e-03
65 6.543575e-06 1.977586e-03
66 1.278892e-05 2.431782e-03
67 4.071561e-05 3.584026e-03
68 5.326933e-05 5.132426e-03
69 3.772037e-05 3.994984e-03
70 1.218159e-03 3.103324e-02
71 3.963486e-06 4.219242e-03
72 3.873290e-05 4.673910e-03
73 1.353664e-05 2.673381e-03
74 1.198819e-05 5.250631e-03
75 3.825495e-05 3.307462e-03
76 1.946349e-05 4.004078e-03
77 7.048345e-06 3.666913e-03
78 1.530282e-04 1.120725e-02
79 7.080363e-05 5.341942e-03
80 6.545580e-04 2.746745e-02
81 7.141600e-06 2.664415e-03
82 3.685158e-04 1.246906e-02
83 8.859658e-06 2.141716e-03
84 1.446025e-04 6.916672e-03
85 5.344833e-05 6.261253e-03
86 1.033164e-04 5.104316e-03
87 3.080392e-04 1.247745e-02
88 4.674556e-06 2.649175e-03
89 4.940908e-05 6.094163e-03
90 5.384895e-04 3.153441e-02
91 6.069967e-05 3.657820e-03
92 1.034836e-03 2.117834e-02
93 1.629648e-04 6.657340e-03
94 4.515567e-05 5.311744e-03
95 2.806367e-05 4.682378e-03
96 3.499817e-05 2.871833e-03
97 1.634834e-05 9.238903e-03
98 2.561961e-05 3.788034e-03
99 2.058013e-03 1.262233e-01
100 1.248821e-03 6.436693e-02
101 1.163089e-03 5.019625e-02
102 3.348233e-05 2.326903e-03
103 1.599894e-03 2.583694e-02
104 5.208338e-05 2.283986e-02
105 2.819277e-04 1.089123e-02
106 3.324651e-04 1.505578e-02
107 6.505281e-05 9.013237e-03
108 5.662605e-04 4.398174e-02
109 1.540329e-04 6.929159e-03
110 3.647152e-05 2.625464e-03
111 7.152460e-05 6.411372e-03
112 2.100114e-04 1.197239e-02
113 4.215710e-04 1.920154e-02
114 5.155005e-05 7.509716e-03
115 8.602423e-05 7.064676e-03
116 4.055462e-04 1.871418e-02
117 3.929900e-05 3.151687e-03
118 1.463900e-05 3.293517e-03
119 1.390318e-03 1.545171e-02
120 1.548444e-04 6.100968e-03
121 4.626796e-05 4.861170e-03
122 2.082130e-05 3.192846e-03
123 2.498698e-04 1.250147e-02
124 8.561975e-05 3.615615e-03
125 1.439440e-03 4.267069e-02
126 8.189674e-06 3.863850e-03
127 6.162471e-05 9.906058e-03
128 4.249732e-03 1.340995e-01
129 4.275950e-03 8.574457e-02
130 9.341518e-04 3.143014e-02
131 2.377993e-03 5.064630e-02
132 2.480240e-04 1.375914e-02
133 8.279378e-03 1.469239e-01
134 1.468821e-04 5.517613e-03
135 2.355155e-04 1.750875e-02
136 1.700232e-06 2.173753e-03
137 1.286490e-04 9.887594e-03
138 8.907759e-06 2.885926e-03
139 4.284197e-05 4.597338e-03
140 2.031367e-04 1.334114e-02
141 4.359175e-05 5.735498e-03
142 3.438468e-04 1.802120e-02
143 7.174113e-04 5.368180e-02
144 2.321925e-04 1.602099e-02
145 2.038341e-04 1.864823e-02
146 5.836150e-05 8.255429e-03
147 2.657161e-04 1.290955e-02
148 2.610784e-05 3.396442e-03
149 3.108836e-04 2.826609e-02
150 5.036367e-04 2.852772e-02
151 5.738250e-05 1.236413e-02
152 2.706204e-04 2.544753e-02
153 3.282862e-05 6.644738e-03
154 9.186964e-05 7.691501e-03
155 3.277509e-05 2.004143e-03
156 1.081831e-04 5.547561e-03
157 8.367872e-05 6.754818e-03
158 1.852553e-06 3.750075e-03
159 1.893006e-04 1.170075e-02
160 4.459493e-05 7.799182e-03
161 3.506376e-05 3.045774e-03
162 1.927498e-04 6.724545e-03
163 1.432534e-04 6.419950e-03
164 1.544388e-05 3.195861e-03
165 3.573707e-06 1.413348e-03
166 6.028768e-06 1.607403e-03
167 3.390233e-05 5.320262e-03
168 9.953294e-06 3.026304e-03
169 9.881684e-05 4.902190e-03
170 4.855564e-05 2.532740e-03
171 6.406651e-04 1.518507e-02
172 7.036315e-04 4.027788e-02
173 1.574884e-04 1.467361e-02
174 6.604813e-04 3.552615e-02
175 1.910151e-06 1.197863e-03
176 1.294983e-04 6.854969e-03
177 4.206174e-06 3.041256e-03
178 1.079033e-05 6.821736e-03
179 1.504937e-05 7.588004e-03
180 1.238220e-06 1.237989e-03
181 3.575654e-04 5.642649e-02
182 9.160667e-05 1.041730e-02
183 6.507696e-05 7.308755e-03
184 6.786384e-05 5.355712e-03
185 2.159910e-06 1.463659e-03
186 2.391155e-04 1.799046e-02
187 2.115414e-03 2.093834e-01
188 1.096429e-04 1.291356e-02
189 2.741357e-05 3.929601e-03
190 1.885752e-05 3.770312e-03
191 9.289257e-06 6.150339e-03
192 1.995345e-05 4.329806e-03
193 2.160547e-05 4.905984e-03
194 1.995345e-05 4.329806e-03
195 7.439742e-05 6.403212e-03
196 7.448476e-05 4.437509e-03
197 1.120183e-04 1.569325e-02
198 9.060048e-05 8.147426e-03
199 1.007278e-04 1.179381e-02
200 3.599049e-04 2.928067e-02
201 8.714215e-04 3.668883e-02
202 6.397091e-05 6.922786e-03
203 7.846659e-04 5.912992e-02
204 1.735206e-05 3.602732e-03
205 4.160787e-05 1.068580e-02
206 1.502940e-04 9.186377e-03
207 1.115086e-04 2.635851e-02
208 5.577355e-04 4.549534e-02
209 2.870559e-04 1.646720e-02
210 5.480383e-04 3.680359e-02
211 2.677055e-04 1.648599e-02
212 2.819017e-05 3.742130e-03
213 7.102891e-05 6.394078e-03
214 7.053479e-05 9.096293e-03
215 4.365739e-05 1.023557e-02
216 4.483896e-04 2.236455e-02
217 1.081154e-05 1.976942e-03
218 1.633081e-05 3.493722e-03
219 1.036867e-05 1.699663e-03
220 1.009315e-03 9.679873e-02
221 3.000862e-05 4.568951e-03
222 1.270009e-04 9.470280e-03
223 1.939549e-04 1.113937e-02
224 7.366506e-06 2.099233e-03
225 6.117178e-06 3.098892e-03
226 9.248441e-05 8.094239e-03
227 1.068642e-05 3.865498e-03
228 2.533185e-05 4.082492e-03
229 1.027452e-04 1.226117e-02
230 2.668113e-03 9.507557e-02
231 2.035916e-06 2.000556e-03
232 3.592307e-03 1.123882e-01
233 1.463768e-05 7.670424e-03
234 1.946330e-05 2.296640e-03
235 5.336023e-06 7.127807e-03
236 3.087125e-05 5.176044e-03
237 9.923565e-04 3.706326e-02
238 1.115128e-05 4.607101e-03
239 2.110284e-05 3.195231e-03
240 9.914914e-05 4.053331e-02
241 2.029973e-03 1.354287e-01
242 1.277069e-04 1.203289e-02
243 9.015438e-06 3.728042e-03
244 9.599827e-06 1.528444e-03
245 2.829052e-06 1.190664e-03
246 1.646505e-03 4.744068e-02
247 8.003528e-05 7.377935e-03
248 1.253592e-03 1.235926e-01
249 6.310660e-04 4.152721e-02
250 6.187959e-04 2.627624e-02
251 1.940901e-06 1.231614e-03
252 1.787966e-05 7.777596e-03
253 2.474253e-05 3.509737e-03
254 6.363259e-05 9.778030e-03
255 3.200828e-05 6.404798e-03
256 3.529007e-06 2.333417e-03
257 1.226812e-05 3.655378e-03
258 2.850013e-04 3.321832e-02
259 1.958104e-06 1.306250e-03
260 3.764627e-05 7.856310e-03
261 5.777442e-05 3.292487e-03
262 5.966234e-06 1.405429e-03
263 1.607270e-05 1.664788e-03
264 1.513941e-04 2.294366e-02
265 5.108529e-04 5.288680e-02
266 1.238626e-04 7.728160e-03
267 1.393834e-04 1.593402e-02
268 3.837388e-05 4.200036e-03
269 5.182862e-04 2.419730e-02
270 5.517148e-06 3.340289e-03
271 4.598502e-05 1.215106e-02
272 4.872994e-05 4.428954e-03
273 1.012509e-03 6.966628e-02
274 1.727518e-06 1.835320e-03
275 1.384960e-04 2.012160e-02
276 7.919635e-05 1.315505e-02
277 1.479166e-05 3.852167e-03
278 1.252492e-04 1.802887e-02
279 1.101513e-05 3.407565e-03
280 3.517221e-05 2.025321e-02
281 1.957005e-04 2.116470e-02
282 6.747175e-06 1.698369e-03
283 7.623340e-06 5.923573e-03
284 1.125495e-05 4.523205e-03
285 4.468729e-05 5.312519e-03
286 3.003612e-05 4.949083e-03
287 3.469603e-05 4.463369e-03
288 4.344290e-06 1.932776e-03
289 1.652261e-03 2.832084e-02
290 9.354564e-07 1.401239e-03
291 1.882626e-04 1.129781e-02
292 1.072225e-03 6.563812e-02
293 1.386526e-05 4.593465e-03
294 2.535433e-05 3.256026e-03
295 6.378996e-05 1.570327e-02
296 8.322894e-04 6.942269e-02
297 1.155734e-04 1.259432e-02
298 1.784438e-05 4.684016e-03
299 2.795365e-06 3.333440e-03
300 1.013088e-04 1.188673e-02
301 1.396241e-03 4.486154e-02
302 1.228782e-05 2.530845e-03
303 5.323830e-05 1.803334e-02
304 9.461358e-05 1.106175e-02
305 5.916086e-05 3.024636e-03
306 1.669472e-05 2.513166e-03
307 6.963065e-04 2.624994e-02
308 6.091592e-05 1.007761e-02
309 4.726416e-04 4.424471e-02
310 6.012966e-05 7.689871e-03
311 5.355375e-05 4.936958e-03
312 1.802905e-05 2.557258e-03
313 1.881923e-03 9.612748e-02
314 1.630305e-05 1.750404e-03
315 5.159988e-06 4.552458e-03
316 3.135544e-04 2.427019e-02
317 1.741991e-03 3.418255e-02
318 8.859579e-04 3.181084e-02
319 2.286171e-04 3.131138e-02
320 1.859245e-04 1.956674e-02
321 8.056565e-04 1.188961e-01
322 8.680475e-06 6.693939e-03
323 1.682880e-04 1.257010e-02
324 2.687796e-05 4.800230e-03
325 1.524834e-05 3.740605e-03
326 5.357718e-04 2.515641e-02
327 5.603683e-03 1.526189e-01
328 6.072465e-04 3.009877e-02
329 6.334865e-04 2.855671e-02
330 1.728452e-05 5.872216e-03
331 7.149916e-05 1.935917e-02
332 1.121445e-03 6.427849e-02
333 1.081113e-04 1.099833e-02
334 1.778666e-04 3.436830e-02
335 6.504786e-06 2.012270e-03
336 8.688697e-05 2.507358e-03
337 6.732680e-05 4.088845e-03
338 1.143289e-04 9.405278e-03
339 6.530666e-04 2.149287e-02
340 7.247353e-05 9.696470e-03
341 9.961313e-05 5.385984e-03
342 1.762744e-05 3.117772e-03
343 4.191314e-04 2.166850e-02
344 3.627907e-05 3.763596e-03
345 3.118464e-04 2.593083e-02
346 6.639879e-04 3.559971e-02
347 2.263075e-05 3.488241e-03
348 1.059977e-04 1.038178e-02
349 4.618306e-05 4.055189e-03
350 1.298879e-05 2.383362e-03
351 3.803720e-03 1.731717e-01
352 1.285124e-03 4.354297e-02
353 1.910151e-06 1.197863e-03
354 4.632068e-04 3.769060e-02
355 3.224335e-04 1.413305e-02
356 1.256646e-04 1.703197e-02
357 1.797386e-04 3.782405e-02
358 2.270050e-05 2.572179e-03
359 1.514627e-04 5.863354e-03
360 3.497006e-05 6.567171e-03
361 2.648822e-04 4.720049e-02
362 1.668493e-04 1.283475e-02
363 8.542578e-05 1.678262e-02
364 4.990860e-04 3.109496e-02
365 1.501841e-04 1.987238e-02
366 1.283683e-04 6.546816e-03
367 1.498709e-04 1.118112e-02
368 1.464911e-04 7.724878e-03
369 8.263312e-05 6.268931e-03
370 2.071644e-04 1.030671e-02
371 6.567274e-04 3.489731e-02
372 8.893547e-05 3.409662e-02
373 1.264661e-04 2.288187e-02
374 4.546857e-05 5.647663e-03
375 2.080795e-06 1.229742e-03
376 1.005237e-05 2.819133e-03
377 6.237330e-04 3.369989e-02
378 5.975030e-05 5.541708e-03
379 9.301694e-06 1.699273e-03
380 2.297413e-04 9.681741e-03
381 1.294426e-03 4.249982e-02
382 5.054144e-05 5.402750e-03
383 3.804530e-04 6.171891e-02
384 4.092017e-05 7.015864e-03
385 1.961514e-03 1.023920e-01
386 6.004631e-05 3.151346e-03
387 4.089818e-04 7.534096e-03
388 1.523213e-05 3.102328e-03
389 5.721253e-05 6.816675e-03
390 2.829239e-06 4.291998e-03
391 6.579332e-05 5.485293e-03
392 1.701033e-04 1.540510e-02
393 9.631173e-06 2.257740e-03
394 1.951268e-03 1.236987e-01
395 3.569840e-06 1.413482e-03
396 1.846824e-04 1.483760e-02
397 1.281276e-04 1.434468e-02
398 5.410943e-06 2.251063e-03
399 5.983633e-05 5.726544e-03
400 4.328219e-03 2.330337e-01
401 1.053870e-04 8.435643e-03
402 9.321362e-04 9.485363e-02
403 1.394867e-04 1.401611e-02
404 8.601436e-05 1.449278e-02
405 1.463971e-05 2.957426e-03
406 6.760263e-04 7.048015e-02
407 8.013120e-04 4.892671e-02
408 1.697321e-03 1.045805e-01
409 3.677668e-04 2.961244e-02
410 8.202515e-05 1.185440e-02
411 1.495060e-04 6.530874e-03
412 6.360545e-05 9.065422e-03
413 2.002436e-03 6.182176e-02
414 2.701027e-05 4.956941e-03
415 6.701098e-06 1.687224e-03
416 3.489318e-04 5.424603e-02
417 9.371120e-06 1.705844e-03
418 1.869858e-04 7.537873e-03
419 4.244717e-03 1.109302e-01
420 2.188066e-05 6.122277e-03
421 6.853374e-05 4.303089e-03
422 5.715829e-05 1.756771e-02
423 3.456900e-05 3.113918e-03
424 1.192659e-04 1.224344e-02
425 1.419426e-05 7.365113e-03
426 1.846458e-05 2.032737e-03
427 9.279055e-04 7.077680e-02
428 8.798314e-05 8.241786e-03
429 4.991062e-04 3.821068e-02
430 5.728732e-06 1.341487e-03
431 5.859728e-06 3.933216e-03
432 8.805839e-04 4.622159e-02
433 1.872493e-06 1.178485e-03
434 1.633317e-05 3.812805e-03
435 1.273068e-05 4.674611e-03
436 3.387894e-06 2.175049e-03
437 2.306459e-04 5.225933e-02
438 1.826699e-05 4.974085e-03
439 1.564032e-05 3.838259e-03
440 6.973928e-06 3.939199e-03
441 2.901918e-04 2.287508e-02
442 3.083315e-05 5.091697e-03
443 2.220852e-05 3.656706e-03
444 3.042977e-04 1.556788e-02
445 4.771986e-04 4.888808e-02
446 1.118422e-04 1.144552e-02
447 1.209186e-05 2.112024e-03
448 6.847691e-06 2.062201e-03
449 2.671067e-06 2.128591e-03
450 5.953814e-06 2.979752e-03
451 1.215232e-06 1.150067e-03
452 1.130964e-05 4.312335e-03
453 5.760408e-06 2.593859e-03
454 1.418176e-04 2.224249e-02
455 6.697973e-04 2.023664e-02
456 3.219673e-05 4.541990e-03
457 1.157907e-04 7.640240e-03
458 8.820133e-05 9.590574e-03
459 1.056607e-04 9.006927e-03
460 1.423453e-05 3.029382e-03
461 1.883100e-04 2.130829e-02
462 7.205452e-04 1.803962e-02
463 2.176965e-04 5.094145e-02
464 1.549319e-05 3.159765e-03
465 7.713032e-06 1.641605e-03
466 7.445769e-06 2.557821e-03
467 4.148020e-04 2.983276e-02
468 1.399412e-05 5.441455e-03
469 4.380481e-04 1.842518e-02
470 7.005389e-05 9.795464e-03
471 1.278596e-04 8.423860e-03
472 2.046138e-05 2.676559e-03
473 4.521068e-05 6.754909e-03
474 5.295791e-05 3.270908e-03
475 1.269710e-04 1.157509e-02
476 3.380439e-06 2.146657e-03
477 1.435308e-04 1.586425e-02
478 1.602555e-06 3.540849e-03
479 1.979649e-06 1.732111e-03
480 4.216589e-05 8.140379e-03
481 3.095759e-05 6.716723e-03
482 4.615872e-04 3.359390e-02
483 1.820572e-06 1.130333e-03
484 4.386383e-06 1.709212e-03
485 4.350216e-04 3.434654e-02
486 2.167235e-05 3.532848e-03
487 4.425843e-04 2.336639e-02
488 2.239781e-05 3.118418e-03
489 4.813662e-05 5.952572e-03
490 2.362673e-04 2.110754e-02
491 2.730790e-05 7.757928e-03
492 3.171009e-05 2.608894e-03
493 1.071647e-05 1.762609e-03
494 2.188753e-04 1.519408e-02
495 4.587056e-04 2.278727e-02
496 7.680509e-04 7.267193e-02
497 9.122941e-04 7.051818e-02
498 5.233744e-04 1.449798e-02
499 7.817586e-05 4.111280e-03
500 3.544450e-05 8.749443e-03
501 1.345584e-03 6.583746e-02
502 7.820690e-05 9.032446e-03
503 3.775595e-04 1.340264e-02
504 1.447431e-03 6.516544e-02
505 3.981403e-05 3.863386e-03
506 7.881210e-05 8.548003e-03
507 6.240519e-05 7.183187e-03
508 6.357881e-05 3.481944e-03
509 2.421431e-03 1.120603e-01
510 2.653716e-05 8.614395e-03
511 2.707021e-05 3.857785e-03
512 9.006856e-06 1.696677e-03
513 1.265296e-04 1.610296e-02
514 3.256050e-05 1.573145e-02
515 2.259823e-04 2.316217e-02
516 4.851691e-04 1.917564e-02
517 3.593899e-05 3.470726e-03
518 4.285228e-05 3.489718e-03
519 7.467142e-05 6.308674e-03
520 1.426297e-06 1.471948e-03
521 5.774792e-04 1.212817e-02
522 5.989973e-06 2.788033e-03
523 6.784772e-05 6.476827e-03
524 5.700991e-04 8.311073e-03
525 2.331329e-04 1.765467e-02
526 1.883376e-04 1.092525e-02
527 8.607595e-04 2.765137e-02
528 5.366570e-05 6.434711e-03
529 6.586844e-04 1.994023e-02
530 1.200785e-04 5.805789e-03
531 6.306774e-07 1.565072e-03
532 3.563920e-05 7.502326e-03
533 1.879469e-05 2.249257e-03
534 7.413170e-04 3.747230e-02
535 5.916843e-04 7.313936e-02
536 2.355614e-04 2.536810e-02
537 1.048695e-03 7.991723e-02
538 9.314970e-04 5.259408e-02
539 3.010558e-04 3.289326e-02
540 1.374566e-04 2.338844e-02
541 1.214821e-03 5.214454e-02
542 3.647418e-05 8.056355e-03
543 1.580720e-05 1.756848e-03
544 1.724939e-04 1.360290e-02
545 9.764158e-05 7.594522e-03
546 6.824655e-05 9.670034e-03
547 3.132393e-04 2.214889e-02
548 1.871904e-05 9.998552e-03
549 5.446866e-04 1.966312e-02
550 7.404296e-06 5.407971e-03
551 2.928407e-05 4.726110e-03
552 1.749538e-05 2.105481e-03
553 3.216264e-05 4.772309e-03
554 5.838642e-06 2.914231e-03
555 2.954539e-04 4.127438e-02
556 2.944138e-05 4.727616e-03
557 7.950808e-04 1.823270e-02
558 4.334214e-05 6.020599e-03
559 1.195479e-04 1.242679e-02
560 8.995267e-06 2.933136e-03
561 7.879995e-05 2.701004e-02
562 3.434340e-06 1.372313e-03
563 4.199975e-03 2.309583e-01
564 6.059508e-03 1.455689e-01
565 1.788110e-05 2.197131e-03
566 8.612470e-05 8.147851e-03
567 3.478233e-04 1.758770e-02
568 8.014688e-04 1.853263e-02
569 5.252994e-05 3.840818e-03
570 8.678156e-04 2.087703e-02
571 3.561616e-04 9.567321e-03
572 7.852286e-05 2.443156e-02
573 4.645047e-04 2.044218e-02
574 2.869555e-05 2.778434e-03
575 1.511067e-05 3.457986e-03
576 7.797336e-05 5.575413e-03
577 2.390688e-06 2.615727e-03
578 8.549171e-06 3.148534e-03
579 1.101068e-04 5.935789e-03
580 2.268729e-05 5.293874e-03
581 2.847669e-04 1.715863e-02
582 1.601211e-04 8.249305e-03
583 3.844385e-04 9.536543e-02
584 3.065911e-04 1.553494e-02
585 1.576396e-04 2.297295e-02
586 2.748073e-04 1.451493e-02
587 2.924534e-05 6.111899e-03
588 2.533998e-04 4.448881e-02
589 6.386095e-05 4.922825e-03
590 5.528097e-05 9.458556e-03
591 1.632482e-04 1.760568e-02
592 2.076448e-03 7.410279e-02
593 5.539156e-05 6.108004e-03
594 1.040642e-03 4.002712e-02
595 1.165638e-05 3.757608e-03
596 2.023803e-06 1.252864e-03
597 9.273644e-06 1.596019e-03
598 1.047063e-04 1.032136e-02
599 5.854990e-05 6.897990e-03
600 6.314429e-06 2.641249e-03
601 2.341245e-05 3.025030e-03
602 9.238063e-05 3.779444e-03
603 1.121189e-04 1.169816e-02
604 2.718849e-06 1.902316e-03
605 3.523805e-04 1.132467e-02
606 5.896426e-05 9.252116e-03
607 1.783585e-05 4.322445e-03
608 8.978689e-05 3.930790e-03
609 5.387006e-05 8.526424e-03
610 3.569326e-05 6.574858e-03
611 2.041457e-06 2.282921e-03
612 1.764574e-04 2.314013e-02
613 3.084850e-05 4.680790e-03
614 3.213422e-05 4.199247e-03
615 3.933328e-05 5.273857e-03
616 1.062378e-04 4.474276e-03
617 3.041624e-05 1.078112e-02
618 4.378933e-05 7.229869e-03
619 2.308781e-05 3.096557e-03
620 1.629487e-05 3.324392e-03
621 1.995812e-05 2.253734e-03
622 4.240784e-04 1.170379e-02
623 7.519922e-05 4.779394e-03
624 2.201965e-05 2.499170e-03
625 8.307181e-05 7.999518e-03
626 4.051084e-05 3.907085e-03
627 9.821269e-06 2.991679e-03
628 6.657992e-05 5.193631e-03
629 5.315066e-06 1.402570e-03
630 7.152865e-05 3.463539e-03
631 9.085702e-05 5.169334e-03
632 3.145293e-06 1.125434e-03
633 1.650182e-03 4.103253e-02
634 2.648196e-04 6.158239e-03
635 2.384233e-05 7.703548e-03
636 1.291784e-04 1.595914e-02
637 5.076121e-05 9.001739e-03
638 1.709883e-06 1.976295e-03
639 8.279766e-07 1.494095e-03
640 1.960161e-06 2.271012e-03
641 7.438927e-07 1.415563e-03
642 1.765406e-05 4.528440e-03
643 2.725362e-04 5.364857e-02
644 1.893004e-04 1.949952e-02
645 2.022472e-04 1.311738e-02
646 1.378563e-04 1.008467e-02
647 4.330999e-05 2.653864e-03
648 2.332580e-04 1.049329e-02
649 9.249640e-04 6.421585e-02
650 2.146847e-05 2.600899e-03
651 2.662514e-05 7.720001e-03
652 3.604269e-04 1.987414e-02
653 7.936066e-06 4.532865e-03
654 1.974231e-05 2.530477e-03
655 3.390324e-05 5.464506e-03
656 1.792594e-05 2.395064e-03
657 1.157563e-04 6.489868e-03
658 1.319521e-04 8.376893e-03
659 3.198257e-05 4.934335e-03
660 4.716264e-04 2.075833e-02
661 3.345287e-05 4.376928e-03
662 5.522855e-05 2.043023e-02
663 2.296217e-03 8.494004e-02
664 2.676818e-04 1.568382e-02
665 2.590430e-05 7.791625e-03
666 4.818518e-05 6.825268e-03
667 1.680025e-05 1.686746e-03
668 1.855082e-04 1.052928e-02
669 1.604281e-04 2.828142e-02
670 3.935547e-05 6.834696e-03
671 9.133875e-05 1.137994e-02
672 1.881998e-04 1.803147e-02
673 4.171849e-05 6.773172e-03
674 6.571278e-06 1.638201e-03
675 8.752231e-04 3.860040e-02
676 1.245799e-05 2.099853e-03
677 5.040703e-07 1.324820e-03
678 4.360797e-05 3.604909e-03
679 1.041423e-03 5.140223e-02
680 1.946140e-04 1.141716e-02
681 9.594250e-05 7.535988e-03
682 1.774554e-05 4.827835e-03
683 3.130010e-04 2.119283e-02
684 2.510970e-04 1.094574e-02
685 1.115596e-06 2.126301e-03
686 1.191374e-04 1.111247e-02
687 2.970173e-03 1.094492e-01
688 1.165898e-04 1.429127e-02
689 6.382187e-05 8.282068e-03
690 4.378981e-06 1.821774e-03
691 9.158918e-05 1.410075e-02
692 1.236045e-05 2.233669e-03
693 2.393574e-04 1.051029e-02
694 3.508846e-04 1.633370e-02
695 2.230052e-04 1.811687e-02
696 3.628432e-03 9.802601e-02
697 3.990454e-05 6.567288e-03
698 1.447421e-03 8.971057e-02
699 2.293734e-06 1.449964e-03
700 1.294356e-04 3.222726e-02
701 7.127936e-05 5.873018e-03
702 1.187574e-06 1.189536e-03
703 9.762617e-06 2.993688e-03
704 2.068246e-06 1.240272e-03
705 1.173579e-04 1.066091e-02
706 5.717052e-06 1.401082e-03
707 1.253954e-04 9.715197e-03
708 5.302396e-06 4.842989e-03
709 1.519202e-05 2.638948e-03
710 3.653847e-05 3.960313e-03
711 7.366615e-07 1.166686e-03
712 1.882560e-05 3.725795e-03
713 2.519349e-05 3.636846e-03
714 1.399745e-06 2.388166e-03
715 2.069487e-05 6.885490e-03
716 6.108452e-05 5.958056e-03
717 2.045793e-05 3.002810e-03
718 2.434407e-06 2.611200e-03
719 6.229890e-04 4.864059e-02
720 8.929342e-07 1.175255e-03
721 1.067291e-05 1.515149e-03
722 4.225942e-06 2.671180e-03
723 1.271780e-04 1.204338e-02
724 6.918522e-06 2.302306e-03
725 1.674328e-06 1.361317e-03
726 1.294672e-04 1.310922e-02
727 1.375373e-05 4.046307e-03
728 3.025908e-05 3.631893e-03
729 1.350671e-05 6.446230e-03
730 9.250382e-06 1.653161e-03
731 3.221248e-04 3.345314e-02
732 7.300207e-07 1.334267e-03
733 2.123554e-07 9.103293e-04
734 9.389419e-06 2.572230e-03
735 5.799436e-06 3.031084e-03
736 6.310437e-06 5.169568e-03
737 5.131288e-07 1.332561e-03
738 5.445179e-04 1.947482e-02
739 2.084773e-05 2.696443e-03
740 1.219094e-04 6.888727e-03
741 5.005049e-05 5.904202e-03
742 9.123049e-05 5.449787e-03
743 1.065590e-03 5.096119e-02
744 2.954827e-06 2.447634e-03
745 1.400002e-05 2.122318e-03
746 1.399485e-04 5.448707e-03
747 1.404956e-05 4.779777e-03
748 2.237472e-04 1.673115e-02
749 1.658864e-03 6.306468e-02
750 2.526655e-05 2.493181e-03
751 2.448769e-05 6.990863e-03
752 2.746535e-06 1.754198e-03
753 8.302560e-06 2.631899e-03
754 3.240936e-04 3.610814e-02
755 6.699730e-05 4.456046e-03
756 5.512714e-05 5.387298e-03
757 5.692943e-06 1.331779e-03
758 4.025250e-05 7.540384e-03
759 3.629416e-05 1.993399e-03
760 6.055962e-06 1.777178e-03
761 7.234432e-05 4.511396e-03
762 1.296184e-04 6.200910e-03
763 3.158546e-06 1.878244e-03
764 5.499804e-05 8.156663e-03
765 1.288932e-05 1.014897e-02
766 4.458422e-05 3.729282e-03
767 1.724207e-05 4.843860e-03
768 7.106435e-05 4.711748e-03
769 5.519022e-05 5.810678e-03
770 5.690258e-04 1.406736e-02
771 1.409866e-05 2.616746e-03
772 2.662613e-06 1.478989e-03
773 1.290147e-04 1.101508e-02
774 9.081896e-06 1.497878e-03
775 9.146651e-05 6.006445e-03
776 1.429625e-04 9.358006e-03
777 1.011706e-04 3.592480e-03
778 1.867503e-04 1.641316e-02
779 2.765465e-04 2.316149e-02
780 1.962470e-05 7.881181e-03
781 1.354549e-04 6.576799e-03
782 2.704068e-05 1.930168e-03
783 3.803792e-05 4.163205e-03
784 2.036791e-05 5.448186e-03
785 9.538675e-05 3.528167e-03
786 3.217952e-05 1.286365e-02
787 7.419020e-05 6.452140e-03
788 1.209475e-04 6.391333e-03
789 2.125802e-06 1.201248e-03
790 1.820662e-04 1.234522e-02
791 2.712268e-05 3.994615e-03
792 2.337536e-05 3.204695e-03
793 4.963993e-05 4.979710e-03
794 2.493021e-05 3.006946e-03
795 2.411624e-03 1.589556e-01
796 1.097604e-05 2.968108e-03
797 9.079728e-04 3.873317e-02
798 8.289581e-04 2.844398e-02
799 1.000170e-05 2.937910e-03
800 6.815421e-05 4.344704e-03
801 3.138090e-05 3.193577e-03
802 1.660574e-04 2.326597e-02
803 4.057424e-05 1.364493e-02
804 8.020354e-05 4.969917e-03
805 2.875145e-05 3.155974e-03
806 2.823130e-04 1.480840e-02
807 1.583006e-04 3.347020e-02
808 2.193888e-05 2.223593e-03
809 1.140309e-03 2.430240e-02
810 3.576825e-05 4.577305e-03
811 3.071758e-04 8.719189e-03
812 2.290874e-05 5.483013e-03
813 5.980691e-06 5.159754e-03
814 6.814919e-06 6.982222e-03
815 1.651403e-04 9.840847e-03
816 1.598071e-04 9.486056e-03
817 1.159148e-03 5.230609e-02
818 2.064830e-05 2.434953e-03
819 8.155096e-04 3.449886e-02
820 1.484652e-04 1.089071e-02
821 7.120242e-05 1.696294e-02
822 3.900764e-06 3.405601e-03
823 1.143759e-04 7.376330e-03
824 8.135162e-05 1.119224e-02
825 1.913346e-04 1.293612e-02
826 2.440837e-05 3.817019e-03
827 4.734411e-06 3.065182e-03
828 1.373891e-04 1.209308e-02
829 1.956215e-05 5.143370e-03
830 3.860182e-04 3.654648e-02
831 2.765030e-05 4.121632e-03
832 3.292722e-05 2.905229e-03
833 1.837566e-04 1.381049e-02
834 8.014494e-05 1.353545e-02
835 7.983151e-06 2.035860e-03
836 1.464074e-06 9.699375e-04
837 4.776348e-05 1.234254e-02
838 1.460494e-05 2.233231e-03
839 7.422607e-05 1.231797e-02
840 1.413585e-04 1.878715e-02
841 1.490284e-04 8.916549e-03
842 2.209777e-03 9.491467e-02
843 8.297018e-05 7.329903e-03
844 8.998411e-05 1.941650e-02
845 3.312142e-04 2.121351e-02
846 2.844409e-05 5.178715e-03
847 2.774057e-05 5.124485e-03
848 3.260367e-04 3.997733e-02
849 1.648141e-05 4.716789e-03
850 1.199329e-03 6.878569e-02
851 3.728449e-05 6.378652e-03
852 6.811628e-04 4.641247e-02
853 3.597051e-04 3.450183e-02
854 3.311444e-04 3.405966e-02
855 1.060961e-03 6.203171e-02
856 1.074670e-04 1.107212e-02
857 4.092271e-04 2.795616e-02
858 6.039273e-05 1.241591e-02
859 1.815638e-05 3.696603e-03
860 4.694660e-04 1.779217e-02
861 1.119473e-06 1.582262e-03
862 5.451153e-05 1.460414e-02
863 2.880202e-04 6.310768e-03
864 1.492101e-05 6.084816e-03
865 2.858497e-04 2.245181e-02
866 9.643005e-04 4.379137e-02
867 3.067256e-03 6.114588e-02
868 7.451595e-05 4.255418e-03
869 7.179901e-05 2.895326e-02
870 7.200438e-05 3.341362e-02
871 1.126462e-04 1.642296e-02
872 6.410065e-04 9.668801e-02
873 5.064918e-04 4.504051e-02
874 6.885464e-04 1.406694e-02
875 1.798668e-05 2.948779e-03
876 2.372183e-07 1.058269e-03
877 1.786962e-05 8.390740e-03
878 6.738070e-04 8.090989e-02
879 4.407273e-04 1.344653e-02
880 3.827750e-05 6.699308e-03
881 7.540921e-06 2.051077e-03
882 3.701426e-04 2.685850e-02
883 1.119399e-03 4.390533e-02
884 2.943992e-04 2.390035e-02
885 1.246363e-04 2.438753e-02
886 5.447786e-05 6.757033e-03
887 4.950669e-05 9.338244e-03
888 1.088974e-04 9.206242e-03
889 1.310901e-04 1.552663e-02
890 1.447464e-04 1.571279e-02
891 8.070606e-04 8.222852e-02
892 5.509834e-06 2.656038e-03
893 1.008186e-04 2.398956e-02
894 2.394602e-05 4.788120e-03
895 1.369595e-04 1.141430e-02
896 2.242676e-04 4.833850e-02
897 4.313366e-04 2.262954e-02
898 1.997940e-05 4.225506e-03
899 3.146039e-05 1.196696e-02
900 1.536940e-04 9.676837e-03
901 2.093858e-04 1.588125e-02
902 2.774485e-06 1.883953e-03
903 2.348984e-04 1.167627e-02
904 4.223869e-05 2.040592e-02
905 3.343966e-05 5.264103e-03
906 2.526022e-05 6.923131e-03
907 6.448480e-06 1.700941e-03
908 4.817493e-06 8.551250e-03
909 1.283827e-04 1.120293e-02
910 6.467222e-05 5.912912e-03
911 2.558323e-04 1.430083e-02
912 1.727608e-05 8.949603e-03
913 1.516873e-05 2.965374e-03
914 1.048841e-05 7.139376e-03
915 9.752241e-05 9.633270e-03
916 4.383064e-06 2.723419e-03
917 2.184081e-06 2.322736e-03
918 5.957350e-06 2.459382e-03
919 9.719679e-04 5.398005e-02
920 3.495728e-06 6.301135e-03
921 1.762169e-05 2.187588e-03
922 1.345030e-04 1.078070e-02
923 7.688715e-06 5.013866e-03
924 7.957293e-04 4.235161e-02
925 4.127003e-04 2.260169e-02
926 2.579730e-04 1.754425e-02
927 3.842947e-04 4.117742e-02
928 2.025483e-04 3.355265e-02
929 2.749678e-04 1.908471e-02
930 6.318742e-05 2.378702e-02
931 4.782265e-05 8.883255e-03
932 1.125161e-04 1.206223e-02
933 1.400237e-05 2.765586e-03
934 8.653541e-06 4.333353e-03
935 1.463696e-05 3.061077e-03
936 1.236846e-04 1.341691e-02
937 6.152935e-06 5.472201e-03
938 1.358924e-05 1.858640e-03
939 1.062334e-04 5.510011e-03
940 5.100370e-04 4.216030e-02
941 1.913117e-05 2.350436e-03
942 1.228944e-03 3.054263e-02
943 4.668203e-05 1.562429e-02
944 1.118128e-06 1.939118e-03
945 1.001905e-04 5.626250e-03
946 3.538045e-06 2.045064e-03
947 2.348593e-05 1.397196e-02
948 3.355983e-07 1.470574e-03
949 7.210857e-05 1.201847e-02
950 4.881300e-04 3.909891e-02
951 2.369542e-04 2.245083e-02
952 2.237134e-04 1.948391e-02
953 1.995271e-06 2.388920e-03
954 1.876566e-04 2.158539e-02
955 1.732800e-05 3.127040e-03
956 6.117820e-05 4.033670e-03
957 1.200994e-04 9.936575e-03
958 9.971084e-05 6.675597e-03
959 1.267313e-04 1.223226e-02
960 1.457855e-06 2.359776e-03
961 3.976922e-05 8.215107e-03
962 1.136362e-05 1.017630e-02
963 2.086264e-05 2.968133e-03
964 6.898984e-06 1.580494e-03
965 9.157351e-05 5.318337e-03
966 5.168993e-05 3.595120e-03
967 5.618204e-05 4.712226e-03
968 1.022718e-04 4.757818e-03
969 3.484074e-04 9.979661e-03
970 8.952318e-05 6.839034e-03
971 2.666142e-05 5.421098e-03
972 3.865613e-04 1.690949e-02
973 9.270667e-05 4.544372e-03
974 2.535628e-05 3.130208e-03
975 4.513490e-04 1.586808e-02
976 7.738313e-04 1.821577e-02
977 3.027629e-05 3.676683e-03
978 2.387626e-04 1.211328e-02
979 1.309275e-05 2.115675e-03
980 1.685406e-04 9.436004e-03
981 4.878380e-05 8.183187e-03
982 2.814684e-06 1.211027e-03
983 2.128158e-05 2.946505e-03
984 2.251491e-04 1.154418e-02
985 5.005539e-04 4.288496e-02
986 1.263674e-03 5.361332e-02
987 1.320879e-05 5.602974e-03
988 2.979100e-06 1.911190e-03
989 8.567316e-05 6.249587e-03
990 1.827771e-06 1.831858e-03
991 1.518567e-03 6.373172e-02
992 3.098745e-05 3.690755e-03
993 9.648037e-06 7.898792e-03
994 4.958367e-07 1.332236e-03
995 8.178487e-05 1.267378e-02
996 1.625595e-03 5.098217e-02
997 2.270240e-05 5.032785e-03
998 8.025706e-06 2.499129e-03
999 1.122907e-04 9.520374e-03
1000 4.958367e-07 1.332236e-03
1001 2.427577e-05 7.863974e-03
1002 2.770528e-04 3.630092e-02
1003 9.095848e-05 6.725331e-03
1004 2.415353e-04 2.406900e-02
1005 9.690131e-06 1.467818e-03
1006 1.006712e-03 4.217255e-02
1007 1.454788e-05 2.591873e-03
1008 2.039429e-05 4.349141e-03
1009 6.584167e-06 1.702601e-03
1010 1.296515e-04 6.237649e-03
1011 2.443825e-05 1.513134e-02
1012 7.627079e-04 7.631163e-02
1013 4.203442e-05 8.183654e-03
1014 2.834238e-05 4.363038e-03
1015 1.694524e-04 2.014965e-02
1016 6.886166e-05 4.428174e-03
1017 2.121893e-04 5.880558e-03
1018 4.548358e-04 4.250545e-02
1019 4.940744e-06 1.799674e-03
1020 1.987151e-05 1.038624e-02
1021 7.656585e-05 9.897676e-03
1022 1.208633e-06 1.364825e-03
1023 1.243214e-04 1.120928e-02
1024 9.926758e-05 5.139858e-03
1025 1.334096e-06 1.484202e-03
1026 2.607760e-06 1.888192e-03
1027 1.137289e-05 6.356190e-03
1028 3.706938e-04 6.976812e-02
1029 2.180197e-05 3.231823e-03
1030 4.851338e-06 2.406616e-03
1031 5.908585e-05 6.415892e-03
1032 1.913419e-03 6.586011e-02
1033 5.879108e-06 1.418490e-03
1034 8.479087e-05 1.002382e-02
1035 1.442400e-04 7.971425e-03
1036 2.390977e-04 1.566401e-02
1037 1.756689e-06 2.968643e-03
1038 1.080238e-05 2.497929e-03
1039 2.583553e-05 4.168837e-03
1040 5.123128e-06 2.733743e-03
1041 7.201265e-04 3.523692e-02
1042 6.219881e-05 3.684364e-03
1043 1.912154e-06 1.196206e-03
1044 4.812872e-06 2.439820e-03
1045 5.630466e-06 2.140525e-03
1046 3.538393e-07 1.270893e-03
1047 3.488396e-06 1.188484e-03
1048 6.420277e-06 4.150531e-03
1049 1.154810e-06 1.115515e-03
1050 1.880325e-03 1.004799e-01
1051 1.386263e-04 2.473318e-02
1052 9.282578e-06 1.737104e-03
1053 1.273225e-05 4.849893e-03
1054 6.815107e-06 1.651984e-03
1055 1.154810e-06 1.115515e-03
1056 7.225453e-05 4.657429e-03
1057 8.159689e-05 6.474861e-03
1058 3.837449e-06 1.391600e-03
1059 2.358823e-04 1.230417e-02
1060 4.912268e-06 1.258399e-03
1061 1.341651e-05 1.565771e-03
1062 1.154810e-06 1.115515e-03
1063 1.010775e-04 2.045390e-02
1064 3.061357e-04 1.188042e-02
1065 2.965954e-06 1.757883e-03
1066 4.728338e-06 1.093599e-03
1067 8.450092e-05 8.596811e-03
1068 6.115412e-06 1.435444e-03
1069 1.207195e-05 1.911079e-03
1070 2.044988e-06 1.122585e-03
1071 3.718082e-06 1.393675e-03
1072 1.168726e-05 2.177298e-03
1073 4.606643e-06 1.236788e-03
1074 4.523713e-06 1.757236e-03
1075 1.506080e-05 3.304977e-03
1076 1.215263e-05 2.618302e-03
1077 1.601762e-05 3.557692e-03
1078 9.437845e-05 6.034768e-03
1079 3.645879e-05 2.947624e-03
1080 4.001826e-04 2.015973e-02
1081 3.424905e-04 1.820345e-02
1082 1.196327e-05 2.715628e-03
1083 9.129151e-06 2.155188e-03
1084 1.946585e-06 1.138249e-03
1085 8.381400e-06 1.385507e-03
1086 1.246039e-05 2.466508e-03
1087 2.217445e-06 1.274320e-03
1088 3.142060e-05 2.251423e-03
1089 2.066752e-06 1.215566e-03
1090 2.990698e-06 1.146099e-03
1091 5.299437e-06 1.327305e-03
1092 9.128342e-06 1.481301e-03
1093 1.438844e-04 1.015860e-02
1094 6.554951e-05 6.629642e-03
1095 9.977289e-06 1.954362e-03
1096 1.064762e-04 1.065859e-02
1097 5.080782e-04 2.853853e-02
1098 1.699579e-05 7.291116e-03
1099 1.411374e-05 3.151955e-03
1100 7.082396e-07 1.087730e-03
1101 1.753898e-04 1.510280e-02
1102 9.871273e-05 9.553266e-03
1103 8.371178e-06 3.034547e-03
1104 1.254775e-04 1.562512e-02
1105 2.932725e-06 2.003185e-03
1106 2.450944e-04 1.705273e-02
1107 7.993670e-06 2.306028e-03
1108 2.754348e-05 5.775777e-03
1109 1.429757e-06 1.773248e-03
1110 2.926134e-05 6.791231e-03
1111 4.552640e-06 1.785385e-03
1112 1.780331e-06 1.753888e-03
1113 7.486715e-05 1.093071e-02
1114 1.318175e-04 6.072604e-03
1115 3.760557e-04 1.463839e-02
1116 6.332194e-07 1.956860e-03
1117 7.669218e-04 1.957167e-02
1118 2.013184e-05 4.193612e-03
1119 1.467943e-04 2.002937e-02
1120 5.699012e-04 2.218482e-02
1121 5.760715e-05 3.653403e-03
1122 1.665944e-04 1.066049e-02
1123 1.123681e-05 2.782471e-03
1124 4.208658e-05 1.197754e-02
1125 6.954973e-06 3.103233e-03
1126 1.669074e-05 6.171308e-03
1127 3.023322e-06 4.044155e-03
1128 1.613156e-04 3.093878e-02
1129 1.923541e-05 3.296675e-03
1130 3.457694e-05 9.427518e-03
1131 6.051482e-04 2.418214e-02
1132 1.930393e-05 4.003557e-03
1133 6.169212e-06 1.831261e-03
1134 5.793645e-05 6.009376e-03
1135 4.645110e-05 4.934599e-03
1136 1.318406e-04 8.695983e-03
1137 1.289487e-04 1.463890e-02
1138 9.048392e-07 1.844023e-03
1139 5.926083e-05 3.439295e-03
1140 1.203691e-06 2.113296e-03
1141 1.670674e-05 4.038394e-03
1142 2.951493e-04 1.021702e-02
1143 2.431679e-04 4.120980e-02
1144 3.340058e-05 5.663105e-03
1145 1.478783e-04 1.722579e-02
1146 5.973521e-04 4.684662e-02
1147 2.069026e-04 2.214399e-02
1148 1.239304e-06 2.312528e-03
1149 2.539427e-04 1.762233e-02
1150 8.807081e-06 2.193661e-03
1151 5.862146e-05 8.313124e-03
1152 4.746579e-04 1.645803e-02
1153 4.362990e-06 4.857475e-03
1154 4.497032e-06 1.810259e-03
1155 6.137992e-04 2.557846e-02
1156 1.732489e-05 2.002207e-03
1157 2.412390e-04 1.100541e-02
1158 9.599522e-06 3.595725e-03
1159 3.620169e-07 1.487847e-03
1160 8.380438e-06 2.404889e-03
1161 1.680650e-04 1.136874e-02
1162 7.981701e-04 4.383595e-02
1163 3.399729e-05 2.572624e-03
1164 4.332020e-04 3.401496e-02
1165 2.028864e-03 6.703276e-02
1166 2.417868e-05 4.041920e-03
1167 3.140948e-04 3.608397e-02
1168 5.774656e-05 7.815000e-03
1169 3.204708e-05 7.177057e-03
1170 2.026747e-05 5.222185e-03
1171 3.514963e-05 8.161047e-03
1172 4.261042e-04 3.655792e-02
1173 6.530510e-07 1.089431e-03
1174 1.761386e-03 4.343069e-02
1175 1.758246e-04 6.921782e-03
1176 1.041410e-05 1.642403e-03
1177 1.434634e-04 1.857583e-02
1178 4.714714e-04 5.075884e-02
1179 9.643595e-05 9.345383e-03
1180 2.798909e-05 5.509490e-03
1181 3.855229e-06 1.292670e-03
1182 1.474252e-05 6.819499e-03
1183 2.599190e-04 1.119994e-02
1184 1.165986e-04 1.108858e-02
1185 2.781721e-05 9.288492e-03
1186 1.416748e-04 1.316689e-02
1187 4.619633e-05 2.563335e-03
1188 2.603812e-06 1.784079e-03
1189 1.043207e-05 2.044557e-03
1190 7.065054e-07 1.968645e-03
1191 3.219966e-06 2.100434e-03
1192 4.883739e-04 7.060784e-02
1193 5.721853e-06 3.089480e-03
1194 2.618902e-04 1.563299e-02
1195 4.909534e-04 2.047862e-02
1196 1.578578e-05 4.492690e-03
1197 9.690040e-06 2.782559e-03
1198 9.481547e-06 1.479163e-03
1199 2.508447e-04 1.617097e-02
1200 1.056224e-03 2.423825e-02
1201 6.865488e-07 1.113221e-03
1202 3.348520e-05 5.180515e-03
1203 3.197065e-04 1.968509e-02
1204 1.820659e-05 3.577321e-03
1205 7.152453e-07 1.932221e-03
1206 5.858709e-04 3.475714e-02
1207 1.206435e-05 2.934577e-03
1208 1.355399e-05 3.117896e-03
1209 3.237639e-04 2.497504e-02
1210 1.121621e-04 5.177851e-03
1211 1.482024e-04 9.953113e-03
1212 4.992661e-06 2.478067e-03
1213 3.876495e-05 4.272701e-03
1214 6.490167e-05 2.250943e-03
1215 5.078921e-06 2.111984e-03
1216 3.418561e-06 2.123262e-03
1217 2.573369e-04 2.344177e-02
1218 3.026717e-05 3.634696e-03
1219 6.080240e-05 3.156981e-03
1220 1.243771e-04 1.516456e-02
1221 5.681546e-05 1.327915e-02
1222 1.611088e-04 2.006174e-02
1223 2.121612e-04 1.456747e-02
1224 2.031619e-05 7.489874e-03
1225 1.206356e-05 1.874423e-03
1226 3.366293e-06 1.356304e-03
1227 2.371305e-05 3.697663e-03
1228 4.813108e-05 5.891016e-03
1229 1.121147e-04 9.035774e-03
1230 5.813231e-05 5.471737e-03
1231 9.295527e-05 2.320988e-02
1232 1.044587e-05 5.159805e-03
1233 1.111419e-04 7.467707e-03
1234 5.763465e-06 7.424065e-03
1235 2.472454e-04 3.805777e-02
1236 1.550607e-05 4.185942e-03
1237 6.018912e-04 8.409047e-02
1238 6.717986e-05 9.108391e-03
1239 3.403499e-05 5.003845e-03
1240 1.379911e-05 2.747769e-03
1241 5.239951e-06 1.965272e-03
1242 7.566445e-04 7.198727e-02
1243 3.639533e-04 1.434188e-02
1244 1.382974e-05 2.823584e-03
1245 1.970521e-05 4.146437e-03
1246 1.925316e-06 1.913791e-03
1247 9.568841e-06 3.167705e-03
1248 1.621162e-04 1.944013e-02
1249 5.372091e-05 9.145640e-03
1250 1.875147e-05 5.815807e-03
1251 2.038565e-04 8.693785e-03
1252 4.711107e-05 3.785897e-03
1253 1.468834e-03 8.738486e-02
1254 1.260660e-05 4.777955e-03
1255 9.370144e-05 7.492597e-03
1256 1.013091e-05 1.681036e-03
1257 6.962474e-04 3.769798e-02
1258 5.539801e-06 3.779774e-03
1259 1.253200e-04 1.239625e-02
1260 1.780205e-03 5.520251e-02
1261 3.658513e-05 3.558304e-03
1262 1.200784e-04 7.390193e-03
1263 3.696312e-04 2.744146e-02
1264 3.112039e-04 1.926420e-02
1265 2.272906e-05 7.502412e-03
1266 1.633395e-04 2.642824e-02
1267 1.137694e-04 1.210956e-02
1268 1.475891e-05 8.489615e-03
1269 2.737074e-05 7.556320e-03
1270 1.313569e-03 5.496203e-02
1271 2.847968e-04 1.469933e-02
1272 1.248557e-06 1.232874e-03
1273 2.050822e-04 1.344855e-02
1274 7.409987e-05 1.531198e-02
1275 2.191528e-04 1.364698e-02
1276 2.850931e-04 1.568848e-02
1277 1.000317e-03 3.216682e-02
1278 7.422806e-04 3.260802e-02
1279 4.996268e-06 1.982293e-03
1280 3.286939e-04 4.588809e-02
1281 2.478773e-05 3.440169e-03
1282 1.125989e-04 5.532793e-03
1283 6.808559e-05 1.503714e-02
1284 4.538615e-05 2.210059e-03
1285 4.185529e-04 1.359088e-02
1286 6.576764e-06 2.978124e-03
1287 9.411713e-05 6.562658e-03
1288 1.446214e-04 6.756279e-03
1289 7.022396e-05 6.371677e-03
1290 5.289891e-05 2.113885e-02
1291 2.156591e-05 3.886324e-03
1292 1.712250e-03 1.107107e-01
1293 8.822603e-06 3.081362e-03
1294 1.653446e-05 4.454323e-03
1295 1.795810e-05 2.794734e-03
1296 6.279571e-05 1.036803e-02
1297 7.208042e-04 3.266659e-02
1298 1.224533e-05 8.795343e-03
1299 2.791423e-05 2.427300e-03
1300 1.939274e-05 2.301095e-03
1301 3.565674e-06 2.865943e-03
1302 2.589039e-04 1.684827e-02
1303 2.340480e-05 5.986182e-03
1304 3.012208e-05 4.866573e-03
1305 7.126499e-05 1.238966e-02
1306 7.152121e-05 2.743543e-03
1307 2.868355e-05 3.819148e-03
1308 6.141893e-06 2.314424e-03
1309 1.454563e-04 2.584396e-02
1310 2.084125e-06 1.363664e-03
1311 1.354467e-03 7.383219e-02
1312 4.919906e-04 4.818875e-02
1313 5.644417e-06 1.569085e-03
1314 1.862889e-05 4.177050e-03
1315 8.521036e-06 2.208109e-03
1316 1.029427e-05 1.678118e-03
1317 2.083673e-06 1.274333e-03
1318 6.884284e-05 2.616337e-02
1319 1.895655e-03 5.762272e-02
1320 4.754508e-06 3.266819e-03
1321 7.413284e-05 1.006472e-02
1322 7.221235e-07 1.116252e-03
1323 6.516195e-06 1.674340e-03
1324 2.065530e-04 8.067941e-03
1325 2.718626e-05 8.586438e-03
1326 1.206522e-05 3.928913e-03
1327 9.391944e-05 1.297626e-02
1328 1.081148e-05 2.035243e-03
1329 3.787070e-05 5.501435e-03
1330 6.212048e-05 6.066163e-03
1331 4.968889e-06 1.910235e-03
1332 3.791459e-06 1.340640e-03
1333 8.399640e-05 3.578067e-03
1334 9.883478e-05 5.362345e-03
1335 7.796655e-05 9.114213e-03
1336 1.032117e-05 2.907241e-03
1337 4.504790e-05 3.005968e-03
1338 2.524250e-05 3.136829e-03
1339 2.311257e-04 8.620766e-03
1340 3.021147e-05 4.229805e-03
1341 1.495555e-03 3.366332e-02
1342 1.582883e-05 1.693129e-03
1343 1.010873e-05 1.697679e-03
1344 6.604032e-06 3.047462e-03
1345 1.416491e-05 1.173312e-02
1346 7.602792e-05 5.725494e-03
1347 1.668600e-06 1.298398e-03
1348 1.490522e-05 6.227239e-03
1349 6.616821e-04 7.216296e-02
1350 5.863097e-05 4.635166e-03
1351 3.636311e-05 3.992686e-03
1352 3.628679e-05 6.094895e-03
1353 5.751339e-05 7.227403e-03
1354 1.315256e-05 4.152086e-03
1355 5.910324e-05 4.972058e-03
1356 6.670448e-05 9.908487e-03
1357 4.296437e-05 5.099129e-03
1358 3.653754e-05 3.406294e-03
1359 7.096541e-06 1.865258e-03
1360 2.373215e-05 3.289316e-03
1361 3.378725e-05 4.548802e-03
1362 1.058907e-04 5.373715e-03
1363 2.412513e-05 4.346546e-03
1364 3.525260e-04 1.331988e-02
1365 5.503565e-06 4.062827e-03
1366 1.003620e-05 3.617822e-03
1367 9.269713e-06 1.524076e-03
1368 2.572426e-04 2.451600e-02
1369 9.628159e-07 2.443293e-03
1370 1.736615e-06 1.531893e-03
1371 7.027024e-05 1.006803e-02
1372 8.788962e-06 3.677610e-03
1373 4.555547e-05 2.558433e-03
1374 1.608747e-05 2.854017e-03
1375 4.926396e-05 4.816630e-03
1376 1.420757e-03 1.712162e-01
1377 3.694423e-05 6.376271e-03
1378 3.321674e-06 1.285239e-03
1379 2.482573e-05 1.654043e-03
1380 1.122759e-03 5.807247e-02
1381 6.400541e-06 2.880534e-03
1382 1.258821e-06 1.147257e-03
1383 6.632189e-05 1.237116e-02
1384 7.861550e-06 3.956669e-03
1385 7.861550e-06 3.956669e-03
1386 1.297671e-05 4.303957e-03
1387 1.765584e-05 4.262925e-03
1388 2.014163e-05 2.447247e-03
1389 1.723654e-05 2.546906e-03
1390 1.849877e-05 1.704178e-03
1391 2.184488e-05 5.031130e-03
1392 9.599827e-06 1.528444e-03
1393 3.017904e-05 6.946376e-03
1394 2.106276e-05 5.274458e-03
1395 3.953176e-04 2.112372e-02
1396 7.882332e-05 1.606199e-02
1397 8.551525e-06 2.589106e-03
1398 5.966520e-05 1.276076e-02
1399 6.941698e-05 1.375193e-02
1400 6.532028e-06 3.884828e-03
1401 3.633047e-04 3.712824e-02
1402 3.442571e-05 2.725248e-03
1403 1.152988e-05 3.773151e-03
1404 1.031664e-05 1.889491e-03
1405 2.583824e-06 3.679922e-03
1406 3.906287e-05 7.774968e-03
1407 1.240337e-05 2.261131e-03
1408 5.772390e-04 7.247965e-02
1409 1.753025e-04 3.708052e-02
1410 8.302438e-05 7.956063e-03
1411 8.806145e-05 3.643554e-03
1412 1.898773e-05 3.964308e-03
1413 6.460367e-07 1.132019e-03
1414 1.093043e-05 2.121808e-03
1415 4.741195e-05 2.786893e-03
1416 5.127203e-06 2.716368e-03
1417 1.618842e-05 1.790257e-03
1418 1.141439e-05 3.913432e-03
1419 1.964216e-05 3.093441e-03
1420 1.239111e-04 6.703591e-03
1421 8.823352e-05 5.644374e-03
1422 2.096090e-04 7.532465e-03
1423 2.278759e-05 3.045958e-03
1424 5.778630e-05 3.217628e-03
1425 5.778630e-05 3.217628e-03
1426 5.778630e-05 3.217628e-03
1427 3.472755e-05 2.767599e-03
1428 4.501670e-05 4.101131e-03
1429 4.554161e-05 5.219867e-03
1430 2.753146e-04 1.867878e-02
1431 1.208130e-04 1.980496e-02
1432 7.512939e-05 1.475981e-02
1433 2.734669e-05 5.254576e-03
1434 1.218400e-05 2.352432e-03
1435 1.882146e-05 2.365010e-03
1436 9.303900e-06 3.296959e-03
1437 6.654254e-06 1.857322e-03
1438 1.638375e-04 4.935133e-03
1439 1.525027e-03 5.002154e-02
1440 3.120088e-06 2.563685e-03
1441 2.519651e-06 1.613577e-03
1442 1.171470e-05 4.283063e-03
1443 7.269557e-06 3.691624e-03
1444 2.027929e-05 3.068171e-03
1445 4.921251e-05 5.268701e-03
1446 1.875815e-05 2.160882e-03
1447 1.588898e-03 1.228291e-01
1448 4.516201e-06 1.749841e-03
1449 4.020791e-06 2.814641e-03
1450 4.869340e-05 6.038514e-03
1451 1.092650e-04 8.526731e-03
1452 4.344555e-04 1.813805e-02
1453 4.590966e-06 2.903674e-03
1454 3.173352e-05 2.433550e-03
1455 6.281574e-05 3.819137e-03
1456 5.654519e-06 1.384767e-03
1457 4.601531e-06 1.840381e-03
1458 7.227638e-06 2.079902e-03
1459 5.233603e-05 3.016354e-03
1460 4.545985e-05 1.000876e-02
1461 9.661116e-06 1.438990e-03
1462 5.873818e-06 1.395831e-03
1463 2.302908e-06 1.363785e-03
1464 4.913177e-06 1.814215e-03
1465 2.106538e-06 1.305969e-03
1466 1.321016e-04 1.299435e-02
1467 5.785347e-05 3.687507e-03
1468 2.940807e-05 4.719796e-03
1469 3.451198e-05 7.445410e-03
1470 7.201378e-06 3.548446e-03
1471 2.756550e-05 6.522840e-03
1472 3.135259e-05 5.228948e-03
1473 2.420074e-05 2.842291e-03
1474 8.543141e-05 1.311542e-02
1475 2.473463e-06 1.693235e-03
1476 1.153630e-04 1.213809e-02
1477 7.045681e-07 1.731477e-03
1478 1.069392e-04 9.934192e-03
1479 1.251199e-05 8.608168e-03
1480 4.067724e-04 2.759740e-02
1481 1.158360e-04 2.205507e-02
1482 2.967059e-05 9.965918e-03
1483 9.916097e-06 2.691792e-03
1484 1.110720e-04 4.028809e-02
1485 1.422245e-04 1.838015e-02
1486 2.065723e-04 2.740934e-02
1487 2.074864e-06 1.860317e-03
1488 1.552270e-04 9.482113e-03
1489 2.373306e-06 1.291317e-03
1490 1.675805e-05 2.751805e-03
1491 1.198629e-04 3.373344e-02
1492 1.515542e-05 6.226720e-03
1493 1.369595e-04 7.613713e-03
1494 9.426331e-06 2.729434e-03
1495 2.035531e-05 4.778676e-03
1496 1.050454e-05 3.517102e-03
1497 1.008014e-03 4.137950e-02
1498 8.974312e-06 4.717135e-03
1499 2.449164e-06 2.784629e-03
1500 1.626491e-05 3.358722e-03
1501 4.345789e-06 4.604030e-03
1502 2.565344e-04 1.732342e-02
1503 6.916342e-04 3.849622e-02
1504 4.224837e-05 7.606224e-03
1505 3.009990e-05 4.359983e-03
1506 2.519798e-05 3.324621e-03
1507 6.952663e-05 5.169968e-03
1508 1.033442e-03 3.494973e-02
1509 2.377417e-05 3.220771e-03
1510 2.921536e-05 5.752178e-03
1511 2.712059e-05 3.827403e-03
1512 4.771267e-05 5.202952e-03
1513 2.978364e-05 5.437694e-03
1514 2.036548e-05 5.368526e-03
1515 1.011707e-03 3.826452e-02
1516 4.534294e-05 9.526613e-03
1517 6.513661e-04 3.121703e-02
1518 9.715624e-06 4.556799e-03
1519 4.382200e-05 8.169827e-03
1520 4.097644e-06 1.655220e-03
1521 3.777141e-05 6.226168e-03
1522 6.770294e-05 8.995339e-03
1523 4.611533e-05 5.573851e-03
1524 9.064578e-05 9.695294e-03
1525 9.603166e-05 1.379516e-02
1526 3.076270e-05 1.018746e-02
1527 7.182869e-05 9.827862e-03
1528 5.818940e-05 6.418298e-03
1529 1.988629e-05 4.096724e-03
1530 3.658476e-05 1.225294e-02
1531 3.938853e-05 6.583570e-03
1532 1.208819e-05 3.972329e-03
1533 2.415986e-05 4.891577e-03
1534 3.840171e-05 6.176160e-03
1535 3.699680e-06 1.384812e-03
1536 1.205853e-05 2.244186e-03
1537 9.953294e-06 3.026304e-03
1538 1.669252e-05 3.367334e-03
1539 9.677384e-06 1.671761e-03
1540 5.777658e-05 6.710007e-03
1541 2.044435e-03 5.596970e-02
1542 7.066401e-04 4.328400e-02
1543 5.853946e-04 6.328827e-02
1544 3.854704e-05 6.044692e-03
1545 1.786694e-04 1.396455e-02
1546 4.190432e-05 3.692301e-03
1547 6.625512e-04 3.099732e-02
1548 9.864953e-05 7.324176e-03
1549 9.572203e-06 3.085782e-03
1550 4.104724e-06 4.299495e-03
1551 2.499937e-05 3.152377e-03
1552 1.201288e-03 3.844400e-02
1553 3.067177e-03 1.252284e-01
1554 3.707117e-05 7.449666e-03
1555 5.515470e-04 3.886922e-02
1556 6.818077e-05 9.503252e-03
1557 6.755061e-04 3.457962e-02
1558 1.245645e-04 1.137975e-02
1559 5.730777e-05 8.167996e-03
1560 3.111081e-04 1.928650e-02
1561 5.611688e-04 4.335661e-02
1562 1.815661e-05 5.669584e-03
1563 8.868158e-06 8.914040e-03
1564 3.304086e-04 3.310636e-02
1565 2.625083e-05 1.181600e-02
1566 8.297350e-06 4.969678e-03
1567 3.045551e-03 1.162842e-01
1568 4.906038e-05 1.215948e-02
1569 1.983969e-05 3.874434e-03
1570 4.624742e-04 2.438915e-02
1571 2.788969e-06 1.772897e-03
1572 2.278921e-05 2.797809e-03
1573 1.546722e-03 6.777068e-02
1574 3.096196e-05 7.273035e-03
1575 1.126946e-04 1.540350e-02
1576 4.564728e-04 1.445353e-02
1577 9.224969e-04 5.782051e-02
1578 1.333589e-04 8.832759e-03
1579 1.657042e-05 3.738634e-03
1580 2.747481e-03 8.628248e-02
1581 1.203194e-04 7.425018e-03
1582 4.216748e-06 2.908157e-03
1583 2.878570e-04 2.088236e-02
1584 9.782466e-05 7.848782e-03
1585 5.025561e-04 4.211503e-02
1586 2.554608e-05 6.793177e-03
1587 3.020992e-06 1.951017e-03
1588 2.179068e-04 4.719863e-03
1589 2.172559e-06 2.882581e-03
1590 4.577358e-06 2.804713e-03
1591 5.388945e-06 4.130831e-03
1592 1.530040e-05 3.047396e-03
1593 2.138216e-05 2.542204e-03
1594 2.999165e-05 8.302865e-03
1595 5.084592e-05 2.861529e-03
1596 1.044625e-04 2.333001e-02
1597 2.564549e-05 5.793777e-03
1598 1.265010e-05 3.647765e-03
1599 7.755768e-04 5.852542e-02
1600 4.014257e-05 7.927476e-03
1601 1.963278e-05 2.832306e-03
1602 2.074178e-03 1.306291e-01
1603 1.827893e-05 7.005005e-03
1604 2.987444e-05 3.451981e-03
1605 1.524862e-05 1.794655e-03
1606 6.759160e-04 1.036167e-01
1607 2.132399e-04 1.165343e-02
1608 1.287623e-05 4.197887e-03
1609 1.184046e-04 1.986318e-02
1610 3.521259e-03 9.925530e-02
1611 3.239708e-05 9.714068e-03
1612 7.081901e-06 3.428795e-03
1613 4.745251e-07 1.199634e-03
1614 5.722687e-05 9.153977e-03
1615 9.684599e-04 6.893098e-02
1616 9.394261e-06 2.446884e-03
1617 4.309428e-06 3.325175e-03
1618 4.295176e-06 1.467562e-03
1619 3.438430e-04 1.960539e-02
1620 2.906097e-04 4.348371e-02
1621 5.340598e-04 8.731607e-02
1622 1.229334e-04 8.334579e-03
1623 1.092739e-04 3.836726e-02
1624 4.977046e-04 3.286461e-02
1625 1.358272e-05 3.992848e-03
1626 2.635440e-04 3.127514e-02
1627 1.253375e-04 1.045063e-02
1628 1.654110e-04 2.363195e-02
1629 7.084543e-04 4.249803e-02
1630 1.091971e-03 5.403853e-02
1631 2.364053e-04 3.420671e-02
1632 2.460232e-04 2.854690e-02
1633 3.902906e-06 2.929721e-03
1634 1.334830e-05 5.766703e-03
1635 7.410658e-07 1.115001e-03
1636 5.454523e-06 2.701281e-03
1637 1.662174e-06 1.554915e-03
1638 9.992579e-06 2.610373e-03
1639 5.991839e-07 1.807554e-03
1640 3.420306e-04 1.887282e-02
1641 4.045308e-04 1.419286e-02
1642 1.638117e-03 4.613118e-02
1643 2.746918e-04 1.760667e-02
1644 2.517556e-05 7.404771e-03
1645 1.709301e-05 3.952808e-03
1646 2.436287e-03 2.060753e-01
1647 1.181234e-04 7.813520e-03
1648 8.939763e-06 2.794775e-03
1649 4.740674e-04 8.018791e-02
1650 3.553806e-04 1.917234e-02
1651 6.531470e-06 3.606029e-03
1652 2.183914e-04 3.532493e-02
1653 4.188492e-04 5.253525e-02
1654 4.303937e-05 1.756426e-02
1655 3.279312e-04 3.844712e-02
1656 1.512474e-04 1.213262e-02
1657 5.931197e-05 9.039726e-03
1658 5.713661e-06 4.124357e-03
1659 1.147443e-04 8.470803e-03
1660 5.899574e-05 5.846448e-03
1661 7.209772e-05 5.383513e-03
1662 2.041618e-05 4.239207e-03
1663 2.638127e-04 3.164132e-02
1664 2.238082e-05 6.087102e-03
1665 1.493924e-05 4.393380e-03
1666 3.168174e-04 1.666630e-02
1667 2.354810e-04 2.246711e-02
1668 8.403101e-08 8.836937e-04
1669 5.338114e-05 9.859538e-03
1670 8.779523e-06 2.147617e-03
1671 9.167522e-05 9.237253e-03
1672 4.379855e-04 4.738018e-02
1673 3.497606e-05 1.137981e-02
1674 7.333018e-05 8.301088e-03
1675 1.319606e-04 6.065258e-03
1676 3.557662e-06 2.536456e-03
1677 1.081617e-05 6.712187e-03
1678 2.204458e-06 3.401818e-03
1679 8.774427e-07 1.361810e-03
1680 1.324945e-04 7.977897e-03
1681 4.965263e-05 1.511387e-02
1682 4.039021e-05 1.024848e-02
1683 4.994696e-06 1.400262e-03
1684 1.082602e-05 2.273155e-03
1685 7.404844e-05 8.573694e-03
1686 1.125196e-04 8.402095e-03
1687 1.902682e-04 2.082467e-02
1688 9.837941e-05 8.713802e-03
1689 3.275413e-04 9.060516e-03
1690 4.175629e-06 1.363778e-03
1691 1.862228e-06 1.590195e-03
1692 3.698441e-05 4.120185e-03
1693 1.319039e-04 9.798717e-03
1694 5.730771e-04 2.322305e-02
1695 7.945176e-06 1.542981e-03
1696 1.191828e-03 9.544351e-02
1697 4.555942e-05 6.029375e-03
1698 6.617466e-04 3.811420e-02
1699 2.559951e-03 9.422513e-02
1700 9.454411e-06 3.653727e-03
1701 6.968199e-04 2.099642e-02
1702 1.078258e-03 3.336596e-02
1703 9.718988e-04 3.322396e-02
1704 5.015464e-06 1.296307e-03
1705 9.816169e-06 1.558374e-03
1706 6.601628e-06 1.801615e-03
1707 5.414375e-04 1.658923e-02
1708 2.107485e-05 7.436684e-03
1709 1.645467e-05 9.082418e-03
1710 1.834980e-05 1.061487e-02
1711 2.403203e-04 1.412666e-02
1712 1.825574e-04 2.097597e-02
1713 2.171299e-05 6.406656e-03
1714 1.009844e-04 1.465271e-02
1715 1.441299e-05 5.379201e-03
1716 2.201660e-05 3.951526e-03
1717 1.557658e-04 1.154381e-02
1718 8.307120e-05 9.851318e-03
1719 2.900542e-05 6.477813e-03
1720 5.031378e-05 7.238541e-03
1721 1.004341e-04 2.527753e-02
1722 2.010128e-05 6.849945e-03
1723 9.853239e-04 7.116880e-02
1724 3.383243e-06 2.175439e-03
1725 5.070545e-05 9.008520e-03
1726 3.046881e-04 2.623699e-02
1727 9.122233e-05 1.131068e-02
1728 1.810915e-04 1.279161e-02
1729 4.070347e-06 3.254138e-03
1730 3.515575e-04 2.680525e-02
1731 1.285306e-05 4.822799e-03
1732 4.709308e-06 1.725352e-03
1733 1.060092e-07 1.008911e-03
1734 2.496339e-04 1.227017e-02
1735 1.630801e-04 1.069265e-02
1736 1.190588e-06 1.120648e-03
1737 7.337494e-05 8.046401e-03
1738 1.073052e-05 1.821065e-03
1739 5.649190e-05 8.675089e-03
1740 2.845952e-04 4.223994e-02
1741 9.081125e-06 4.150033e-03
1742 6.174033e-04 3.074371e-02
1743 1.532866e-04 1.949267e-02
1744 2.705842e-04 1.078721e-02
1745 5.821575e-05 6.854602e-03
1746 1.445167e-05 1.895594e-03
1747 1.064466e-05 6.209430e-03
1748 1.606630e-03 1.190109e-01
1749 4.142730e-05 7.128017e-03
1750 1.412114e-05 6.994146e-03
1751 1.728231e-05 5.648936e-03
1752 5.869264e-06 1.875682e-03
1753 8.638141e-04 1.640021e-02
1754 2.510675e-06 4.863515e-03
1755 4.022437e-05 3.883218e-03
1756 5.280574e-05 1.646551e-02
1757 4.588961e-05 1.266390e-02
1758 1.296946e-04 5.781428e-03
1759 1.778116e-05 3.827717e-03
1760 1.454192e-03 6.902017e-02
1761 2.330107e-05 6.439899e-03
1762 9.436393e-06 2.996475e-03
1763 2.512556e-05 1.029809e-02
1764 3.279694e-05 5.654239e-03
1765 7.584739e-05 1.437105e-02
1766 2.217681e-05 3.057100e-03
1767 6.486403e-05 4.067271e-03
1768 9.903579e-05 1.771042e-02
1769 2.341097e-04 7.682328e-03
1770 1.047400e-04 6.886023e-03
1771 5.059363e-05 6.923390e-03
1772 1.357550e-03 7.998294e-02
1773 5.982061e-04 6.136583e-02
1774 3.965949e-06 2.654279e-03
1775 6.813606e-06 2.497807e-03
1776 1.754212e-04 1.690502e-02
1777 4.809144e-05 4.421491e-03
1778 3.814661e-05 5.141178e-03
1779 8.547370e-05 1.084598e-02
1780 9.641490e-06 2.637191e-03
1781 8.204787e-07 1.272362e-03
1782 1.345132e-05 2.965357e-03
1783 1.686908e-05 6.028160e-03
1784 1.438060e-04 1.457501e-02
1785 8.275423e-06 2.644280e-03
1786 2.361353e-04 2.281048e-02
1787 1.798068e-04 2.001267e-02
1788 2.014817e-05 4.096219e-03
1789 6.333627e-05 2.689645e-02
1790 3.876632e-06 1.556400e-03
1791 5.765542e-05 3.033390e-03
1792 1.254319e-05 2.792575e-03
1793 1.234897e-05 8.931304e-03
1794 3.800313e-05 1.424584e-02
1795 4.605603e-06 1.605698e-03
1796 1.026413e-03 6.981411e-02
1797 1.292232e-04 1.286865e-02
1798 3.868316e-05 5.221646e-03
1799 4.258447e-06 2.050094e-03
1800 6.196076e-04 2.921474e-02
1801 2.241893e-05 2.233163e-03
1802 7.429769e-05 1.126344e-02
1803 2.828629e-06 1.866446e-03
1804 4.694098e-06 1.845574e-03
1805 7.852183e-06 1.092091e-02
1806 2.599557e-05 4.091605e-03
1807 2.394942e-06 1.336158e-03
1808 1.346185e-03 1.481119e-01
1809 4.090311e-05 6.554853e-03
1810 2.040825e-04 1.589141e-02
1811 2.062904e-05 6.349841e-03
1812 7.178283e-05 4.554248e-03
1813 2.596332e-05 7.348999e-03
1814 8.702631e-06 2.023756e-03
1815 8.832577e-05 1.609393e-02
1816 1.571460e-04 1.402308e-02
1817 5.878416e-06 2.819279e-03
1818 1.765962e-05 4.178158e-03
1819 8.006219e-07 2.071786e-03
1820 4.152509e-06 1.457725e-03
1821 5.485668e-06 3.292519e-03
1822 1.682269e-04 1.426588e-02
1823 5.396791e-04 2.382942e-02
1824 1.626349e-04 3.152027e-02
1825 6.206385e-04 3.085008e-02
1826 4.450284e-04 2.447352e-02
1827 6.287584e-05 1.278774e-02
1828 8.362295e-05 7.616557e-03
1829 2.567598e-05 7.194390e-03
1830 9.275489e-06 2.706520e-03
1831 5.166254e-06 1.529214e-03
1832 7.443440e-05 1.197162e-02
1833 8.527672e-05 3.616129e-03
1834 3.460907e-05 2.953644e-03
1835 8.444620e-06 3.223492e-03
1836 1.693607e-04 2.436241e-02
1837 3.510183e-04 1.992723e-02
1838 2.765289e-05 2.583456e-03
1839 1.607317e-04 2.184833e-02
1840 1.636660e-04 1.202256e-02
1841 3.523300e-04 1.891183e-02
1842 8.334241e-06 6.246952e-03
1843 2.355253e-05 5.443869e-03
1844 8.730091e-06 2.421285e-03
1845 1.249887e-04 9.750751e-03
1846 7.777264e-06 3.393794e-03
1847 2.220052e-04 2.800093e-02
1848 6.851534e-06 2.075041e-03
1849 1.282875e-04 1.172056e-02
1850 2.155637e-05 1.369603e-02
1851 1.669261e-04 3.242494e-02
1852 8.219716e-05 1.205175e-02
1853 1.546653e-04 1.040515e-02
1854 5.312995e-04 5.613031e-02
1855 1.843921e-04 2.475950e-02
1856 5.795635e-06 2.185610e-03
1857 3.162084e-06 4.356717e-03
1858 8.380574e-06 2.660374e-03
1859 9.162331e-06 2.768183e-03
1860 1.105480e-04 1.047490e-02
1861 1.745631e-05 6.951312e-03
1862 1.304460e-03 4.828646e-02
1863 7.697365e-06 2.536435e-03
1864 7.079816e-06 1.862365e-03
1865 6.212962e-05 9.441496e-03
1866 7.803240e-05 1.714590e-02
1867 3.359521e-06 2.535147e-03
1868 1.440619e-05 2.872191e-03
1869 8.366516e-04 6.140199e-02
1870 2.900706e-05 3.804810e-03
1871 4.206227e-05 9.749549e-03
1872 4.069184e-05 6.811269e-03
1873 4.260700e-06 1.697951e-03
1874 7.233086e-07 1.906271e-03
1875 3.531184e-04 2.049581e-02
1876 3.655168e-06 2.153808e-03
1877 1.772961e-05 2.214106e-03
1878 1.556689e-05 5.850158e-03
1879 5.011047e-05 9.820040e-03
1880 1.424729e-04 4.560043e-03
1881 2.388635e-04 3.552344e-02
1882 1.241954e-05 2.458640e-03
1883 5.497668e-05 8.704281e-03
1884 7.191613e-05 3.081219e-03
1885 4.018222e-05 4.700929e-03
1886 2.371744e-05 4.081674e-03
1887 1.878875e-05 6.853562e-03
1888 9.533650e-06 2.489033e-03
1889 1.887355e-06 1.144148e-03
1890 1.618806e-05 6.697422e-03
1891 9.927157e-04 6.306377e-02
1892 2.996247e-05 8.472241e-03
1893 1.629851e-04 1.634329e-02
1894 1.597191e-03 8.873377e-02
1895 3.276531e-04 2.445415e-02
1896 1.519260e-04 1.368178e-02
1897 1.108401e-05 3.496759e-03
1898 2.688323e-04 3.092858e-02
1899 6.218749e-05 5.381558e-03
1900 1.877511e-04 5.764415e-03
1901 4.642972e-06 2.364722e-03
1902 4.530025e-06 1.563650e-03
1903 3.597039e-05 6.912871e-03
1904 3.137835e-05 3.465607e-03
1905 1.287667e-05 2.227169e-03
1906 1.200644e-05 4.032020e-03
1907 1.084082e-05 3.407241e-03
1908 4.026881e-06 1.424482e-03
1909 1.422053e-05 2.958796e-03
1910 2.177416e-04 2.019571e-02
1911 6.809736e-05 5.704373e-03
1912 8.498068e-05 1.209210e-02
1913 5.091802e-05 3.129251e-03
1914 3.502090e-05 2.882933e-03
1915 2.393123e-05 6.902025e-03
1916 2.660162e-03 5.272678e-02
1917 2.159437e-03 9.479644e-02
1918 1.431442e-04 2.014514e-02
1919 9.926157e-05 8.269028e-03
1920 2.392358e-05 2.641228e-03
1921 2.236525e-06 1.277700e-03
1922 2.666160e-05 1.943916e-03
1923 6.465051e-06 1.595426e-03
1924 7.378219e-06 1.983741e-03
1925 1.042184e-05 1.581892e-03
1926 5.332918e-04 1.631043e-02
1927 1.378540e-04 7.027985e-03
1928 3.931164e-06 1.569683e-03
1929 2.480029e-05 3.745499e-03
1930 3.477177e-04 1.091563e-02
1931 4.312952e-05 8.280988e-03
1932 4.899526e-04 1.436822e-02
1933 4.863797e-05 9.795206e-03
1934 5.376488e-04 3.050751e-02
1935 6.659566e-05 1.050166e-02
1936 8.466824e-05 6.982634e-03
1937 1.525278e-05 3.177507e-03
1938 1.044096e-05 1.529538e-03
1939 1.350344e-03 3.947512e-02
1940 5.200631e-05 1.860073e-02
1941 5.870187e-05 6.985286e-03
1942 2.533343e-04 3.951441e-02
1943 1.277870e-04 1.975690e-02
1944 1.511997e-04 1.505901e-02
1945 1.242166e-04 8.792695e-03
1946 9.994900e-06 3.943941e-03
1947 7.538524e-06 1.725508e-03
1948 2.854843e-06 1.540358e-03
1949 3.579340e-04 6.158939e-02
1950 6.993956e-05 9.162682e-03
1951 4.173463e-04 1.988286e-02
1952 1.667198e-05 5.834730e-03
1953 1.547404e-04 1.226602e-02
1954 4.306709e-04 1.242973e-02
1955 2.934693e-05 4.252198e-03
1956 1.068761e-04 1.279893e-02
1957 2.147445e-05 5.134014e-03
1958 5.714139e-05 8.813880e-03
1959 1.046069e-04 1.923662e-02
1960 7.355654e-05 9.421366e-03
1961 1.495850e-04 2.005690e-02
1962 1.405938e-04 1.608972e-02
1963 1.944288e-04 1.947744e-02
1964 3.700176e-05 2.747667e-03
1965 9.788659e-05 9.268946e-03
1966 3.751639e-05 5.658402e-03
1967 4.403237e-04 3.682199e-02
1968 4.433263e-06 1.770277e-03
1969 2.387553e-04 1.315991e-02
1970 1.007705e-04 1.338984e-02
1971 9.135537e-04 3.881378e-02
1972 1.564802e-05 3.240727e-03
1973 8.133745e-04 2.227504e-02
1974 2.591036e-05 3.689274e-03
1975 4.885745e-04 4.123129e-02
1976 2.313557e-04 2.835569e-02
1977 4.457864e-05 4.068610e-03
1978 5.903403e-06 3.782147e-03
1979 1.610683e-04 2.711870e-02
1980 1.640913e-05 1.311819e-03
1981 1.089648e-04 1.370033e-02
1982 1.895026e-05 2.094662e-03
1983 7.193350e-06 1.937607e-03
1984 1.626110e-04 1.745729e-02
1985 4.341357e-05 4.191161e-03
1986 1.020051e-05 3.595250e-03
1987 1.962235e-04 1.933187e-02
1988 5.172106e-04 1.986441e-02
1989 2.261934e-06 1.228530e-03
1990 1.418905e-05 2.843117e-03
1991 9.162044e-06 4.694675e-03
1992 1.934213e-03 3.972955e-02
1993 1.176448e-06 1.135702e-03
1994 1.231177e-06 1.199719e-03
1995 5.303083e-04 1.467952e-02
1996 1.178617e-05 3.054485e-03
1997 9.816169e-06 1.558374e-03
1998 2.960768e-05 3.246978e-03
1999 7.338386e-05 4.402122e-03
2000 7.372291e-06 2.299237e-03
2001 5.088962e-06 2.437445e-03
