1 8.245670e-04 1.470194e-02
2 9.523404e-06 1.745923e-02
3 7.357904e-06 1.857290e-03
4 3.044772e-06 1.648545e-03
5 9.081992e-06 2.140928e-03
6 2.332271e-03 4.958237e-02
7 4.989731e-05 7.027345e-03
8 8.856539e-05 3.444037e-02
9 4.407710e-07 2.373834e-03
10 6.798019e-04 4.392053e-02
11 1.259699e-05 4.150953e-03
12 1.404167e-06 1.194118e-03
13 7.728344e-04 5.770327e-02
14 9.982355e-06 7.245129e-03
15 1.000005e-05 2.773933e-03
16 1.177015e-04 8.992572e-03
17 4.101254e-06 1.491440e-03
18 8.127811e-04 2.787526e-02
19 2.488713e-05 6.287322e-03
20 4.510259e-07 1.013668e-03
21 1.178093e-03 5.968144e-02
22 9.101452e-06 2.193212e-03
23 2.757836e-04 1.655605e-02
24 1.668501e-03 5.397919e-02
25 1.276840e-03 5.134007e-02
26 1.611482e-05 2.574589e-03
27 1.672662e-05 4.610810e-03
28 1.962498e-05 2.390598e-03
29 1.472894e-03 8.390035e-02
30 4.709753e-03 1.933957e-01
31 1.847098e-03 1.017992e-01
32 4.350570e-05 3.418998e-03
33 2.508568e-06 1.165749e-03
34 4.449197e-06 1.016574e-03
35 6.433313e-06 2.721027e-03
36 1.762753e-03 4.308215e-02
37 2.156341e-04 2.548297e-02
38 7.643996e-05 6.237786e-03
39 9.185408e-07 1.829693e-03
40 1.215015e-05 3.083154e-03
41 3.885697e-04 6.385036e-03
42 3.122646e-06 4.756969e-03
43 1.926894e-03 6.136104e-02
44 1.637516e-04 6.151455e-03
45 4.617586e-04 1.086876e-02
46 5.203772e-05 5.702913e-03
47 2.549388e-03 7.682758e-02
48 6.414974e-04 2.672432e-02
49 2.709499e-05 4.956377e-03
50 2.092803e-03 1.005189e-01
51 3.951071e-05 8.133272e-03
52 1.160584e-04 1.230799e-02
53 2.107021e-05 2.430393e-03
54 2.966378e-05 6.272995e-03
55 5.813645e-06 3.976805e-03
56 2.034085e-05 4.626109e-03
57 5.361162e-05 1.033078e-02
58 2.580217e-04 1.500163e-02
59 1.176969e-04 1.312199e-02
60 1.366593e-06 1.334265e-03
61 2.926654e-03 1.771023e-01
62 1.647087e-04 2.582084e-02
63 1.734413e-06 1.574959e-03
64 4.648279e-06 3.928066e-03
65 1.529973e-04 1.108744e-02
66 9.031908e-06 2.551303e-03
67 5.215744e-05 5.647329e-03
68 8.206256e-06 6.084836e-03
69 1.339922e-06 1.362085e-03
70 1.232750e-06 1.224902e-03
71 1.127503e-03 4.285864e-02
72 1.641291e-04 6.309555e-03
73 1.568139e-05 3.684506e-03
74 3.897510e-04 8.993409e-02
75 7.161341e-06 2.234336e-03
76 3.256647e-06 2.356363e-03
77 2.797522e-04 1.480794e-02
78 1.634429e-03 1.227043e-01
79 6.735411e-04 1.302346e-02
80 3.138329e-06 1.472960e-03
81 7.415425e-07 1.265828e-03
82 1.578195e-05 1.970299e-03
83 4.752491e-05 5.725649e-03
84 2.764544e-06 1.686680e-03
85 1.834803e-04 9.841086e-03
86 1.848777e-05 4.323554e-03
87 1.265438e-05 2.152294e-03
88 2.618303e-06 1.607873e-03
89 1.568886e-04 1.279393e-02
90 6.151265e-04 4.844968e-02
91 6.078091e-04 2.482834e-02
92 1.345534e-03 9.219804e-02
93 8.677869e-05 6.100860e-03
94 2.461204e-05 3.049718e-03
95 3.166812e-03 1.431553e-01
96 2.963840e-05 2.315428e-03
97 2.372746e-04 1.872794e-02
98 1.081587e-05 2.204457e-03
99 1.605745e-05 1.800863e-03
100 1.438330e-03 5.523467e-02
101 1.752058e-05 3.548683e-03
102 2.163613e-05 1.274285e-02
103 2.327686e-04 2.766478e-02
104 3.317700e-04 1.254557e-02
105 2.793495e-04 1.138905e-02
106 2.634317e-05 7.876724e-03
107 3.871577e-06 2.695829e-03
108 6.213628e-05 1.404087e-02
109 8.652400e-06 4.556033e-03
110 4.925808e-05 7.471072e-03
111 3.427425e-03 9.745468e-02
112 5.394151e-04 2.457748e-02
113 1.639512e-03 7.186115e-02
114 2.158013e-03 5.399058e-02
115 4.229325e-04 2.152728e-02
116 4.460580e-04 2.112228e-02
117 2.688340e-04 2.079929e-02
118 2.918113e-04 1.715276e-02
119 2.185626e-06 4.495300e-03
120 1.906911e-06 3.582030e-03
121 1.135158e-04 9.564558e-03
122 2.729398e-06 1.559999e-03
123 1.982917e-05 4.523778e-03
124 6.179001e-05 6.525077e-03
125 7.532873e-06 3.847456e-03
126 3.886029e-05 5.179938e-03
127 4.844712e-05 8.794493e-03
128 6.367866e-05 6.525502e-03
129 2.029165e-05 3.989688e-03
130 7.655660e-06 3.573601e-03
131 1.771868e-05 5.518324e-03
132 1.233692e-05 4.006602e-03
133 7.520883e-05 6.403518e-03
134 1.696977e-04 1.524277e-02
135 3.251829e-05 3.736881e-03
136 1.727529e-05 3.251356e-03
137 7.448943e-05 8.860445e-03
138 2.067717e-05 8.663445e-03
139 1.867989e-05 7.235548e-03
140 5.390255e-06 4.932391e-03
141 3.866733e-06 2.918034e-03
142 4.196994e-06 2.907065e-03
143 2.631495e-05 5.960312e-03
144 3.283433e-05 7.779918e-03
145 5.679820e-06 4.579153e-03
146 2.387285e-05 5.304506e-03
147 3.611591e-05 4.656139e-03
148 1.830189e-05 7.533390e-03
149 8.078275e-06 3.705830e-03
150 4.894618e-06 3.844650e-03
151 6.944646e-05 6.976679e-03
152 2.950257e-05 3.778931e-03
153 2.612370e-06 2.846795e-03
154 7.869037e-06 3.477686e-03
155 2.353627e-06 2.916641e-03
156 1.721339e-05 3.121280e-03
157 1.320720e-05 3.561459e-03
158 1.956013e-05 3.235460e-03
159 4.631160e-05 4.438594e-03
160 4.626692e-06 4.559731e-03
161 9.266255e-07 3.052205e-03
162 9.544579e-07 2.975915e-03
163 1.513159e-06 3.017184e-03
164 6.540189e-07 1.620335e-03
165 1.102435e-06 1.649836e-03
166 1.112235e-06 1.633107e-03
167 9.118964e-07 2.911962e-03
168 4.252934e-06 3.110282e-03
169 3.103675e-05 4.787098e-03
170 7.155394e-07 1.620349e-03
171 1.883131e-05 3.088130e-03
172 2.703740e-06 3.161023e-03
173 6.776086e-07 1.603892e-03
174 2.410923e-06 3.025500e-03
175 2.514816e-06 3.042174e-03
176 1.537122e-06 2.957224e-03
177 1.053729e-06 1.628197e-03
178 3.423360e-06 2.147882e-03
179 6.776086e-07 1.603892e-03
180 2.514816e-06 3.042174e-03
181 7.745968e-07 2.100177e-03
182 4.409207e-06 3.329726e-03
183 3.716034e-07 1.192228e-03
184 6.776086e-07 1.603892e-03
185 9.621618e-07 1.219506e-03
186 1.388585e-06 2.137707e-03
187 8.183857e-07 1.889385e-03
188 4.019908e-07 1.583939e-03
189 2.183686e-07 1.130147e-03
190 5.708018e-07 1.201149e-03
191 6.555206e-05 1.002528e-02
192 6.123989e-06 3.037545e-03
193 6.029597e-05 7.891370e-03
194 6.554857e-05 1.020644e-02
195 1.710632e-05 4.377647e-03
196 3.528610e-05 6.288637e-03
197 5.484873e-05 6.606191e-03
198 1.831236e-05 4.454755e-03
199 6.622904e-05 9.150686e-03
200 3.634735e-05 6.559935e-03
201 4.984091e-05 5.962281e-03
202 5.325308e-05 1.366805e-02
203 5.859034e-06 3.050817e-03
204 2.393984e-05 3.467334e-03
205 3.244743e-05 5.489331e-03
206 9.700293e-06 3.088861e-03
207 5.303019e-05 6.304736e-03
208 1.020308e-05 3.212435e-03
209 3.244743e-05 5.489331e-03
210 2.393984e-05 3.467334e-03
211 4.900797e-06 2.116700e-03
212 9.646075e-05 6.796093e-03
213 4.659293e-06 2.057344e-03
214 9.842237e-06 3.521319e-03
215 1.637317e-05 3.101656e-03
216 1.616151e-05 3.297932e-03
217 6.960855e-06 1.684502e-03
218 1.153649e-04 1.419410e-02
219 8.333362e-05 6.239971e-03
220 9.889492e-06 3.046233e-03
221 1.637317e-05 3.101656e-03
222 2.675775e-05 4.981837e-03
223 4.326780e-05 8.169346e-03
224 6.017611e-06 2.902819e-03
225 1.419588e-05 4.789482e-03
226 1.111179e-05 3.198693e-03
227 1.975494e-05 3.511378e-03
228 1.252821e-05 4.165939e-03
229 7.351073e-05 7.804439e-03
230 2.562705e-05 5.751508e-03
231 1.426371e-05 5.260885e-03
232 8.501577e-06 4.546613e-03
233 2.259329e-05 5.288184e-03
234 1.218731e-05 4.306700e-03
235 3.105135e-06 4.366063e-03
236 1.181942e-05 3.992213e-03
237 2.518524e-06 3.283136e-03
238 8.578449e-06 4.861940e-03
239 4.539220e-06 3.449984e-03
240 6.423243e-06 2.785252e-03
241 6.851218e-06 3.582985e-03
242 1.181942e-05 3.992213e-03
243 2.372083e-06 3.067916e-03
244 1.376736e-05 4.241003e-03
245 7.217347e-06 3.905622e-03
246 4.248696e-06 3.567692e-03
247 1.218731e-05 4.306700e-03
248 2.180301e-06 2.558928e-03
249 1.457239e-05 5.445735e-03
250 7.426415e-06 3.597645e-03
251 3.567093e-06 2.629853e-03
252 1.426371e-05 5.260885e-03
253 2.532344e-06 3.230787e-03
254 5.243374e-06 4.636622e-03
255 1.504052e-05 5.690705e-03
256 3.567093e-06 2.629853e-03
257 2.518524e-06 3.283136e-03
258 3.591882e-05 2.975830e-03
259 5.856414e-05 3.368701e-03
260 1.232445e-04 5.670922e-03
261 3.881201e-05 3.287789e-03
262 3.767635e-05 3.161766e-03
263 6.179703e-05 3.516649e-03
264 1.534054e-04 7.948207e-03
265 7.186658e-05 4.287777e-03
266 1.994159e-04 7.102862e-03
267 3.506741e-04 2.096797e-02
268 1.752188e-04 1.028986e-02
269 3.177054e-04 1.376691e-02
270 2.483888e-05 3.361439e-03
271 5.856414e-05 3.368701e-03
272 4.624764e-05 5.059727e-03
273 2.483888e-05 3.361439e-03
274 6.332769e-05 4.023535e-03
275 8.416199e-05 5.765169e-03
276 2.926062e-04 1.300719e-02
277 1.465846e-05 2.848461e-03
278 1.251697e-05 2.212640e-03
279 1.513297e-04 7.383029e-03
280 2.908848e-05 4.623173e-03
281 8.416199e-05 5.765169e-03
282 9.104586e-05 8.412132e-03
283 2.053043e-05 2.384950e-03
284 5.856414e-05 3.368701e-03
285 7.737090e-05 5.281511e-03
286 1.084328e-04 5.193419e-03
287 2.470877e-05 3.138745e-03
288 6.007163e-05 8.219349e-03
289 1.411157e-04 9.145070e-03
290 1.411157e-04 9.145070e-03
291 2.483888e-05 3.361439e-03
292 4.056170e-05 3.670262e-03
293 1.476291e-04 9.803707e-03
294 1.167368e-04 6.190927e-03
295 1.459028e-04 1.347373e-02
296 6.679332e-04 3.169880e-02
297 6.515927e-04 2.957474e-02
298 1.317591e-04 9.236984e-03
299 2.102081e-05 2.919349e-03
300 9.669053e-06 4.211789e-03
301 1.533512e-04 1.222549e-02
302 1.578949e-05 4.648523e-03
303 3.236288e-06 2.937038e-03
304 4.649328e-06 2.207580e-03
305 7.033895e-07 2.636771e-03
306 1.698885e-06 2.653380e-03
307 7.033895e-07 2.636771e-03
308 1.099298e-06 2.560611e-03
309 3.156205e-05 3.160046e-03
310 4.934850e-06 3.146913e-03
311 7.033895e-07 2.636771e-03
312 4.401692e-06 2.098491e-03
313 4.289996e-07 2.534252e-03
314 6.917816e-07 2.535645e-03
315 7.073167e-07 2.664198e-03
316 1.980178e-06 2.772443e-03
317 5.736731e-07 1.920707e-03
318 1.436000e-06 1.921691e-03
319 6.693070e-06 1.993547e-03
320 4.367821e-07 2.500276e-03
321 3.077271e-07 1.420398e-03
322 1.370830e-04 3.306312e-02
323 2.782692e-04 2.025509e-02
324 1.999164e-05 8.721589e-03
325 4.159529e-05 7.603173e-03
326 6.736617e-06 2.874306e-03
327 1.963142e-04 1.093489e-02
328 3.907944e-05 7.682950e-03
329 5.451007e-04 3.541693e-02
330 7.316332e-04 2.572982e-02
331 1.510463e-04 1.645324e-02
332 8.552120e-04 5.197771e-02
333 2.008166e-05 3.938254e-03
334 1.098756e-04 7.871400e-03
335 5.178463e-05 5.575119e-03
336 1.188717e-04 7.866073e-03
337 3.996066e-04 1.985922e-02
338 6.759539e-05 1.159616e-02
339 8.249209e-04 1.954721e-02
340 1.456895e-05 3.057511e-03
341 5.253818e-06 2.579768e-03
342 5.142818e-05 6.617572e-03
343 7.660767e-05 1.333106e-02
344 1.457414e-05 2.999077e-03
345 2.115954e-05 5.016191e-03
346 3.033803e-06 2.237130e-03
347 5.406151e-06 2.689387e-03
348 5.197504e-05 5.868718e-03
349 3.284187e-05 5.097971e-03
350 5.878010e-06 3.041059e-03
351 5.545856e-06 2.604496e-03
352 4.713064e-06 2.106286e-03
353 1.654990e-05 3.178956e-03
354 9.996236e-06 3.113340e-03
355 1.650800e-05 3.296008e-03
356 1.988425e-06 2.251702e-03
357 1.983669e-05 4.967761e-03
358 9.057090e-05 6.817030e-03
359 1.907905e-05 4.177481e-03
360 1.166441e-05 4.824324e-03
361 1.350273e-04 1.791756e-02
362 2.977683e-06 2.322908e-03
363 5.997937e-06 3.095625e-03
364 4.713064e-06 2.106286e-03
365 4.217926e-05 1.039645e-02
366 1.663704e-05 3.537840e-03
367 2.125525e-05 6.166114e-03
368 3.284187e-05 5.097971e-03
369 2.242825e-04 2.362687e-02
370 4.717726e-05 1.065777e-02
371 5.515065e-05 1.484139e-02
372 4.963873e-03 1.535044e-01
373 9.972741e-04 8.720093e-02
374 1.952419e-03 1.280964e-01
375 3.655576e-04 1.507016e-02
376 6.722266e-04 3.600372e-02
377 5.388395e-05 7.561457e-03
378 6.216578e-05 9.647594e-03
379 2.436313e-05 6.408282e-03
380 5.473678e-05 5.074480e-03
381 1.111120e-05 1.521998e-03
382 8.624917e-05 6.838250e-03
383 1.111120e-05 1.521998e-03
384 4.132655e-05 3.266466e-03
385 2.736738e-06 4.350534e-03
386 7.336993e-06 4.832189e-03
387 1.778361e-05 1.033318e-02
388 1.289646e-05 2.513232e-03
389 2.710511e-05 4.473395e-03
390 1.245174e-05 4.163716e-03
391 7.581179e-05 1.757329e-02
392 3.841002e-05 6.384598e-03
393 3.181351e-05 8.401863e-03
394 5.966199e-06 2.571338e-03
395 2.375485e-05 5.947415e-03
396 9.699092e-05 1.977012e-02
397 7.210303e-05 8.030079e-03
398 1.085960e-04 8.450744e-03
399 2.024538e-05 5.368488e-03
400 7.242508e-05 9.115514e-03
401 2.108099e-05 5.557610e-03
402 2.108099e-05 5.557610e-03
403 3.585139e-05 5.498251e-03
404 6.292654e-05 6.389781e-03
405 6.292654e-05 6.389781e-03
406 3.585139e-05 5.498251e-03
407 1.062327e-05 4.016582e-03
408 2.145282e-05 4.997063e-03
409 2.369906e-04 2.082682e-02
410 7.351393e-05 1.026177e-02
411 7.483762e-05 1.091119e-02
412 2.130058e-04 1.319577e-02
413 3.271163e-05 5.017051e-03
414 3.846236e-05 5.621475e-03
415 1.790693e-05 4.321160e-03
416 2.171980e-05 5.482261e-03
417 6.292654e-05 6.389781e-03
418 2.535080e-04 2.654752e-02
419 4.676741e-04 4.133706e-02
420 1.630906e-04 2.340542e-02
421 6.369475e-05 6.885922e-03
422 8.811663e-05 1.124384e-02
423 1.697427e-04 2.636986e-02
424 5.592533e-04 7.050664e-02
425 9.756542e-05 2.030214e-02
426 1.441637e-04 1.399207e-02
427 2.777084e-04 3.469975e-02
428 8.155362e-05 1.450131e-02
429 8.402491e-05 1.403938e-02
430 8.402491e-05 1.403938e-02
431 1.575164e-04 2.486934e-02
432 4.975970e-05 1.076223e-02
433 4.975970e-05 1.076223e-02
434 8.402491e-05 1.403938e-02
435 1.572382e-04 2.236387e-02
436 5.869877e-05 1.763316e-02
437 8.155362e-05 1.450131e-02
438 8.402491e-05 1.403938e-02
439 4.529221e-04 4.947314e-02
440 3.039111e-05 1.075480e-02
441 3.039111e-05 1.075480e-02
442 4.105925e-04 3.635598e-02
443 7.712723e-05 2.001755e-02
444 8.967132e-04 7.625647e-02
445 8.052532e-04 4.346783e-02
446 1.635989e-07 9.099439e-04
447 3.822932e-07 1.214579e-03
448 5.632503e-08 9.074460e-04
449 9.974279e-08 9.078550e-04
450 1.926478e-07 9.896777e-04
451 2.600585e-06 1.662992e-03
452 3.822932e-07 1.214579e-03
453 8.662837e-07 1.085446e-03
454 6.444057e-07 1.226453e-03
455 6.041065e-07 1.216001e-03
456 1.825227e-07 1.027446e-03
457 1.718102e-07 9.220252e-04
458 3.822932e-07 1.214579e-03
459 3.330891e-05 1.295441e-02
460 1.678585e-06 2.568296e-03
461 1.117723e-07 1.051397e-03
462 2.894279e-06 2.807866e-03
463 5.446856e-07 1.099329e-03
464 6.414010e-07 1.292157e-03
465 5.193930e-07 1.140947e-03
466 6.116174e-07 1.366133e-03
467 1.820359e-07 1.077727e-03
468 1.102709e-07 1.088933e-03
469 6.414010e-07 1.292157e-03
470 6.920621e-07 1.732985e-03
471 2.247970e-07 1.211540e-03
472 5.446856e-07 1.099329e-03
473 6.414010e-07 1.292157e-03
474 6.831815e-08 1.045469e-03
475 6.414010e-07 1.292157e-03
476 1.225983e-06 1.394692e-03
477 7.948374e-06 2.572376e-03
478 3.533232e-05 3.212109e-03
479 2.031730e-06 1.492022e-03
480 3.083424e-06 1.997602e-03
481 4.503867e-06 1.737889e-03
482 1.643415e-06 2.070256e-03
483 1.004499e-06 2.043483e-03
484 6.677026e-06 1.839035e-03
485 1.569610e-06 1.727675e-03
486 4.332361e-05 9.733646e-03
487 7.846155e-07 1.466100e-03
488 4.072576e-05 7.565200e-03
489 9.199933e-04 3.477627e-02
490 2.052280e-05 5.028260e-03
491 6.094557e-05 6.125597e-03
492 2.028727e-05 4.982896e-03
493 3.181990e-05 5.396368e-03
494 2.295908e-05 6.136433e-03
495 1.939358e-05 4.654418e-03
496 7.685836e-05 1.010233e-02
497 3.466401e-04 1.395601e-02
498 3.348286e-05 5.230748e-03
499 3.824047e-05 7.001097e-03
500 1.251232e-05 4.770352e-03
501 4.278451e-05 7.123768e-03
502 5.675090e-04 4.608205e-02
503 2.052280e-05 5.028260e-03
504 5.945860e-05 5.800708e-03
505 1.217514e-05 4.721342e-03
506 2.047512e-04 1.086191e-02
507 1.735378e-04 1.097354e-02
508 3.799840e-05 6.798324e-03
509 3.495141e-05 6.679249e-03
510 4.145907e-05 8.166062e-03
511 3.050317e-05 5.232703e-03
512 3.601053e-05 6.604359e-03
513 3.050317e-05 5.232703e-03
514 1.706911e-03 6.484590e-02
515 3.802927e-05 5.862910e-03
516 3.802927e-05 5.862910e-03
517 7.345145e-05 9.072315e-03
518 3.884827e-05 5.551921e-03
519 2.349620e-04 1.120031e-02
520 1.306594e-04 1.261009e-02
521 2.349620e-04 1.120031e-02
522 2.349620e-04 1.120031e-02
523 2.349620e-04 1.120031e-02
524 1.222011e-04 8.806646e-03
525 4.176245e-05 5.976427e-03
526 2.349620e-04 1.120031e-02
527 7.544026e-05 6.693127e-03
528 2.588719e-05 5.073729e-03
529 1.457088e-04 1.067583e-02
530 8.591617e-06 4.675038e-03
531 3.802927e-05 5.862910e-03
532 1.501059e-04 1.184898e-02
533 5.286535e-05 1.064362e-02
534 8.438350e-05 9.000951e-03
535 8.438350e-05 9.000951e-03
536 3.084168e-04 2.147902e-02
537 1.885125e-04 1.828854e-02
538 5.286535e-05 1.064362e-02
539 1.789815e-04 1.426604e-02
540 1.043573e-04 1.657302e-02
541 1.043573e-04 1.657302e-02
542 9.505805e-04 3.566148e-02
543 1.562378e-04 1.312890e-02
544 3.802927e-05 5.862910e-03
545 2.433408e-05 3.324845e-03
546 2.006228e-05 2.493247e-03
547 7.492951e-06 2.302682e-03
548 8.190336e-06 2.614647e-03
549 2.122658e-06 1.512052e-03
550 1.374152e-05 3.236768e-03
551 1.195769e-05 2.041007e-03
552 9.488994e-05 1.010275e-02
553 1.104782e-04 8.996137e-03
554 5.847927e-05 3.239161e-03
555 6.548165e-05 4.193456e-03
556 1.127102e-05 1.846131e-03
557 2.236638e-05 2.634134e-03
558 3.877835e-05 3.292632e-03
559 8.014458e-06 2.298100e-03
560 2.236638e-05 2.634134e-03
561 1.326884e-05 2.350708e-03
562 1.326884e-05 2.350708e-03
563 2.659257e-05 3.933297e-03
564 1.326884e-05 2.350708e-03
565 7.832252e-05 7.344062e-03
566 2.285868e-05 2.559850e-03
567 1.154393e-04 5.035025e-03
568 6.788089e-05 4.551657e-03
569 1.075222e-04 4.927874e-03
570 1.129531e-04 5.279531e-03
571 3.752570e-05 3.328060e-03
572 1.021998e-04 4.631260e-03
573 3.566818e-05 3.170714e-03
574 6.788089e-05 4.551657e-03
575 5.676130e-05 3.613451e-03
576 6.788089e-05 4.551657e-03
577 9.445025e-05 4.222091e-03
578 5.456291e-05 6.681887e-03
579 9.976289e-04 3.805694e-02
580 1.129531e-04 5.279531e-03
581 1.398402e-05 2.570675e-03
582 1.129531e-04 5.279531e-03
583 7.008452e-05 4.773190e-03
584 5.721982e-05 3.363023e-03
585 1.129531e-04 5.279531e-03
586 6.191558e-05 7.567099e-03
587 4.577621e-05 9.706719e-03
588 5.281853e-05 5.281347e-03
589 1.081957e-05 1.893489e-03
590 1.214464e-03 5.208150e-02
591 1.130953e-04 5.697417e-03
592 3.896001e-05 3.014700e-03
593 1.087365e-04 1.257917e-02
594 4.153408e-05 3.763646e-03
595 2.217183e-05 5.916025e-03
596 2.524441e-03 1.217482e-01
597 2.664001e-06 1.881948e-03
598 4.582294e-06 1.828935e-03
599 2.664001e-06 1.881948e-03
600 4.369514e-06 1.940645e-03
601 9.053148e-06 2.515607e-03
602 5.145372e-06 2.414389e-03
603 8.827060e-06 3.037577e-03
604 2.664001e-06 1.881948e-03
605 4.369514e-06 1.940645e-03
606 2.664001e-06 1.881948e-03
607 1.583288e-06 1.755251e-03
608 4.369514e-06 1.940645e-03
609 4.553300e-05 7.606641e-03
610 1.548455e-05 3.643574e-03
611 6.663201e-04 3.871736e-02
612 2.099971e-04 1.457029e-02
613 7.226556e-05 1.138129e-02
614 1.328860e-04 1.720420e-02
615 5.975861e-05 8.143720e-03
616 2.582447e-06 3.203290e-03
617 6.394782e-05 9.365748e-03
618 4.326638e-06 4.016788e-03
619 1.859433e-05 4.449010e-03
620 1.286302e-05 5.028086e-03
621 4.535770e-04 1.611912e-02
622 1.302291e-05 5.220498e-03
623 2.208689e-05 6.535144e-03
624 2.256644e-05 5.280625e-03
625 1.256215e-05 3.929665e-03
626 9.273408e-04 3.293310e-02
627 1.990480e-05 4.066061e-03
628 1.159733e-04 9.507670e-03
629 1.397534e-04 1.102933e-02
630 1.979191e-04 9.378591e-03
631 9.531631e-05 6.364373e-03
632 1.517057e-04 1.588518e-02
633 1.891156e-05 5.066569e-03
634 1.283332e-05 4.219817e-03
635 2.138603e-05 4.276209e-03
636 2.202177e-05 4.853399e-03
637 6.671290e-05 7.542791e-03
638 2.226953e-05 7.143841e-03
639 7.538874e-05 9.951939e-03
640 1.755589e-05 3.643387e-03
641 1.205736e-05 4.846016e-03
642 2.048563e-05 5.635960e-03
643 2.353827e-04 1.646360e-02
644 2.032697e-05 4.483865e-03
645 7.440348e-05 8.701948e-03
646 1.431874e-04 1.308324e-02
647 2.544913e-05 6.387887e-03
648 1.285986e-04 1.386774e-02
649 9.977776e-05 6.002719e-03
650 2.198040e-05 4.772999e-03
651 3.592349e-05 5.211255e-03
652 3.852217e-05 5.865423e-03
653 1.900079e-03 1.079730e-01
654 6.719711e-04 4.805183e-02
655 4.375626e-06 2.740625e-03
656 9.591127e-05 1.262152e-02
657 1.113544e-03 1.314000e-01
658 2.367954e-04 9.850237e-03
659 4.981058e-05 1.051057e-02
660 4.695639e-05 9.857644e-03
661 2.487247e-04 1.369008e-02
662 5.042887e-04 3.305199e-02
663 1.074690e-04 7.680262e-03
664 5.060808e-05 1.042428e-02
665 8.896988e-05 1.043700e-02
666 1.554080e-04 1.650008e-02
667 6.833170e-05 8.135855e-03
668 2.349654e-05 5.672100e-03
669 9.018835e-05 1.509034e-02
670 5.130726e-05 1.208349e-02
671 2.369687e-04 1.664487e-02
672 2.531027e-05 6.219925e-03
673 1.387938e-03 5.751703e-02
674 2.159368e-05 5.403296e-03
675 8.267362e-04 3.046114e-02
676 1.132721e-04 1.023956e-02
677 3.366656e-04 1.978699e-02
678 8.969699e-05 6.164934e-03
679 5.976143e-04 2.902039e-02
680 1.552268e-05 3.130962e-03
681 4.961510e-05 6.260501e-03
682 3.015488e-03 1.044846e-01
683 1.413363e-04 8.867636e-03
684 5.635782e-04 2.479194e-02
685 7.089746e-05 5.275061e-03
686 1.883374e-03 3.822350e-02
687 4.208613e-05 3.283437e-03
688 8.369961e-05 6.393417e-03
689 7.898659e-05 6.324267e-03
690 7.386979e-05 3.999520e-03
691 2.721716e-04 1.071734e-02
692 1.961806e-04 6.343978e-03
693 1.245173e-04 4.938844e-03
694 8.627836e-06 2.999827e-03
695 5.934933e-05 5.864590e-03
696 4.180974e-04 2.177786e-02
697 5.030748e-04 4.439765e-02
698 7.791644e-04 4.542654e-02
699 1.278744e-04 1.276864e-02
700 1.189479e-04 1.033633e-02
701 5.994104e-05 6.424704e-03
702 7.206187e-05 8.098140e-03
703 5.027260e-05 4.847539e-03
704 9.466441e-05 1.583806e-02
705 5.027260e-05 4.847539e-03
706 6.146277e-05 6.700325e-03
707 3.072793e-05 4.396389e-03
708 6.982932e-03 1.272522e-01
709 1.358663e-04 1.634395e-02
710 2.694888e-04 1.748878e-02
711 4.931437e-04 2.894845e-02
712 4.197844e-04 1.161925e-02
713 2.405979e-04 1.728656e-02
714 7.258262e-05 1.021319e-02
715 1.407832e-05 5.854968e-03
716 8.318617e-05 1.246725e-02
717 1.631468e-04 1.901961e-02
718 6.112538e-05 7.312717e-03
719 4.307088e-05 8.744698e-03
720 9.028131e-05 1.437186e-02
721 1.059688e-04 7.560231e-03
722 1.926149e-04 1.245281e-02
723 2.099519e-04 1.693051e-02
724 2.309136e-05 6.131418e-03
725 2.209231e-05 6.187192e-03
726 4.459971e-05 9.006353e-03
727 6.117518e-04 4.653237e-02
728 2.804720e-05 1.046501e-02
729 2.660412e-05 8.754775e-03
730 7.903224e-05 1.081691e-02
731 1.169763e-05 4.730304e-03
732 1.332647e-05 4.690404e-03
733 2.516856e-05 6.084077e-03
734 4.711172e-05 8.939349e-03
735 2.287643e-05 5.615702e-03
736 9.469849e-05 1.440995e-02
737 3.248770e-04 3.088422e-02
738 1.427136e-04 1.710463e-02
739 2.309136e-05 6.131418e-03
740 3.777875e-05 6.766755e-03
741 1.913796e-05 5.052153e-03
742 7.433634e-05 9.835413e-03
743 6.400579e-05 7.108765e-03
744 9.972579e-05 7.915809e-03
745 7.928015e-05 1.405080e-02
746 3.657632e-05 6.362652e-03
747 3.657632e-05 6.362652e-03
748 8.139711e-06 5.546385e-03
749 9.064664e-05 1.821908e-02
750 2.588917e-04 1.519048e-02
751 3.499920e-05 6.995379e-03
752 5.740594e-05 7.703546e-03
753 1.819295e-03 5.521347e-02
754 1.119501e-04 5.453235e-03
755 2.179422e-04 9.044868e-03
756 6.047740e-05 9.129786e-03
757 3.052775e-04 1.415036e-02
758 1.589710e-05 4.459531e-03
759 1.055341e-04 5.022914e-03
760 6.845920e-04 2.401935e-02
761 5.873668e-04 3.901101e-02
762 3.263817e-05 6.207534e-03
763 3.263817e-05 6.207534e-03
764 3.501513e-05 6.345941e-03
765 2.184476e-03 1.110263e-01
766 2.279363e-03 1.345296e-01
767 3.022373e-04 3.501267e-02
768 6.432114e-04 4.919503e-02
769 5.033718e-05 7.470820e-03
770 2.217438e-05 3.991367e-03
771 1.399913e-05 3.820115e-03
772 5.651685e-06 4.138046e-03
773 3.249231e-04 1.450710e-02
774 9.246468e-06 4.498925e-03
775 5.012476e-05 7.969276e-03
776 1.048513e-05 4.846104e-03
777 3.183847e-05 7.760548e-03
778 1.019587e-04 1.080684e-02
779 2.250947e-05 6.942770e-03
780 9.246468e-06 4.498925e-03
781 1.811365e-05 4.768597e-03
782 1.598689e-06 2.186030e-03
783 8.446604e-06 3.139184e-03
784 8.271827e-05 9.362555e-03
785 6.790028e-05 4.600696e-03
786 4.086699e-05 3.811542e-03
787 4.328514e-05 4.835152e-03
788 7.026357e-05 6.158509e-03
789 4.294694e-05 5.034715e-03
790 5.303795e-04 1.536011e-02
791 2.831286e-05 2.162887e-03
792 7.022182e-05 5.492064e-03
793 7.331933e-05 5.000527e-03
794 1.619975e-03 8.297000e-02
795 5.175072e-05 3.105127e-03
796 1.236216e-05 2.929742e-03
797 3.274863e-04 1.287066e-02
798 3.671652e-05 3.951612e-03
799 1.935543e-04 9.101912e-03
800 9.737414e-05 5.249295e-03
801 4.244950e-05 5.213466e-03
802 8.346823e-05 4.004779e-03
803 5.481710e-04 1.902615e-02
804 3.930272e-05 4.908223e-03
805 1.204160e-04 6.392327e-03
806 1.572489e-03 6.130930e-02
807 1.859612e-04 6.360746e-03
808 6.112590e-05 3.237204e-03
809 1.197679e-04 9.947188e-03
810 3.688875e-06 2.138083e-03
811 4.592338e-05 8.059635e-03
812 1.269213e-05 3.189369e-03
813 1.477185e-04 1.686527e-02
814 5.711912e-05 9.007687e-03
815 5.930327e-05 9.641277e-03
816 8.096186e-05 1.098407e-02
817 2.291374e-04 1.305703e-02
818 3.758738e-05 8.613773e-03
819 4.112305e-05 8.617119e-03
820 2.124478e-04 1.897215e-02
821 2.159431e-04 2.049267e-02
822 1.475265e-04 2.568171e-02
823 4.081288e-04 7.060628e-02
824 1.752730e-03 1.597945e-01
825 1.244068e-03 1.184666e-01
826 1.318711e-03 8.428460e-02
827 3.367347e-04 5.676409e-02
828 2.107345e-03 2.046181e-01
829 7.431611e-04 8.858035e-02
830 2.649551e-05 5.168680e-03
831 3.462681e-05 3.636999e-03
832 1.016738e-05 4.470800e-03
833 5.036928e-05 8.132596e-03
834 3.384845e-05 3.468183e-03
835 2.574688e-05 5.515463e-03
836 1.343235e-05 3.529709e-03
837 6.888770e-05 5.691339e-03
838 2.066527e-05 3.903655e-03
839 2.071010e-05 3.967374e-03
840 8.210292e-05 1.158019e-02
841 3.521991e-05 4.111327e-03
842 4.517971e-05 6.752666e-03
843 1.041552e-04 6.439121e-03
844 1.923108e-04 9.185187e-03
845 1.854239e-04 8.200711e-03
846 2.054179e-04 1.168942e-02
847 3.521991e-05 4.111327e-03
848 1.112932e-04 6.993100e-03
849 2.001699e-04 9.589959e-03
850 3.558747e-05 4.221250e-03
851 9.250558e-04 2.546283e-02
852 5.840007e-05 4.795380e-03
853 5.947283e-05 4.831245e-03
854 3.590724e-05 3.920680e-03
855 5.929174e-05 4.607400e-03
856 4.181104e-07 1.452267e-03
857 1.782732e-06 1.208929e-03
858 1.310340e-06 1.939369e-03
859 6.827711e-07 1.467591e-03
860 3.411041e-04 1.819233e-02
861 1.433544e-05 4.818388e-03
862 1.113938e-06 1.475111e-03
863 6.603154e-07 1.395136e-03
864 2.415139e-07 1.376771e-03
865 4.154880e-07 1.412928e-03
866 1.300202e-06 1.860264e-03
867 6.603154e-07 1.395136e-03
868 2.335707e-07 1.338420e-03
869 4.324612e-07 1.559900e-03
870 6.827711e-07 1.467591e-03
871 2.478457e-07 1.381595e-03
872 1.382286e-06 1.833960e-03
873 4.169945e-07 1.385864e-03
874 1.261869e-06 1.315433e-03
875 2.076165e-04 2.758939e-02
876 4.154880e-07 1.412928e-03
877 3.940289e-07 1.379431e-03
878 1.258593e-06 1.734664e-03
879 1.431636e-07 1.336843e-03
880 1.431636e-07 1.336843e-03
881 2.478457e-07 1.381595e-03
882 2.195152e-06 1.585825e-03
883 1.726819e-06 1.330810e-03
884 4.036021e-07 1.375823e-03
885 6.584906e-07 1.413563e-03
886 1.036821e-05 2.494513e-03
887 4.452220e-05 2.302909e-03
888 6.938284e-05 6.816133e-03
889 3.370726e-04 1.002928e-02
890 1.064652e-04 5.939279e-03
891 2.649319e-04 1.804921e-02
892 6.583658e-04 1.354257e-02
893 5.196465e-05 3.616387e-03
894 2.514181e-05 2.201649e-03
895 4.323555e-05 3.654036e-03
896 8.713031e-05 6.122508e-03
897 2.369863e-04 1.546082e-02
898 8.222785e-05 8.375010e-03
899 8.363843e-04 2.213924e-02
900 4.218223e-05 2.762734e-03
901 4.055475e-05 2.515793e-03
902 7.753628e-05 4.350526e-03
903 5.258822e-05 4.924104e-03
904 8.172466e-04 4.970718e-02
905 1.597165e-04 7.900851e-03
906 3.263903e-04 2.192290e-02
907 3.789322e-03 9.003326e-02
908 8.672281e-06 2.142232e-03
909 9.396383e-06 2.364396e-03
910 3.098967e-06 1.477775e-03
911 2.657419e-05 2.165393e-03
912 3.418940e-05 2.090833e-03
913 6.243854e-06 1.225899e-03
914 6.577958e-05 2.750574e-03
915 1.373668e-05 2.098303e-03
916 4.789289e-04 1.314295e-02
917 3.307202e-06 1.935144e-03
918 4.572725e-06 1.556292e-03
919 9.316951e-07 1.351293e-03
920 5.318282e-06 1.765802e-03
921 7.322072e-07 1.036293e-03
922 1.478573e-06 1.336684e-03
923 8.452749e-05 1.431669e-02
924 3.954469e-05 6.773512e-03
925 1.232656e-06 1.002288e-03
926 5.023577e-05 4.464607e-03
927 3.790601e-06 1.193859e-03
928 2.045960e-05 1.778080e-03
929 2.742750e-05 2.665869e-03
930 1.216499e-05 1.568618e-03
931 3.934140e-05 2.533154e-03
932 4.578170e-06 1.412079e-03
933 1.027747e-05 1.257623e-03
934 5.569923e-05 2.629708e-03
935 7.586841e-06 1.436059e-03
936 2.442591e-06 1.116008e-03
937 1.927918e-05 1.673464e-03
938 4.671441e-06 1.581529e-03
939 9.600628e-06 1.809643e-03
940 7.083453e-06 1.507458e-03
941 2.291510e-05 2.666639e-03
942 3.193817e-06 1.458016e-03
943 6.807797e-06 1.232127e-03
944 3.051899e-05 1.705934e-03
945 1.347422e-05 1.797255e-03
946 3.286579e-05 2.579881e-03
947 3.591126e-04 2.394936e-02
948 2.310848e-05 6.300491e-03
949 5.656349e-05 8.767010e-03
950 2.031503e-05 7.091409e-03
951 3.781389e-05 1.402725e-02
952 7.157650e-05 8.755293e-03
953 2.778869e-05 7.472328e-03
954 4.002455e-06 2.888574e-03
955 3.668433e-04 1.714619e-02
956 4.002455e-06 2.888574e-03
957 1.877801e-05 7.589901e-03
958 2.944397e-05 6.036569e-03
959 2.191532e-04 3.235453e-02
960 6.249539e-05 1.638636e-02
961 2.711071e-05 7.288004e-03
962 3.706818e-05 1.058962e-02
963 8.031020e-06 3.481683e-03
964 2.448284e-04 2.318373e-02
965 5.127146e-06 5.192866e-03
966 1.141305e-03 5.376720e-02
967 3.650726e-04 2.658633e-02
968 1.687291e-05 3.355000e-03
969 4.536714e-05 5.475929e-03
970 9.462071e-05 1.365274e-02
971 3.918848e-06 2.779650e-03
972 9.840590e-06 6.577498e-03
973 3.094010e-05 7.976035e-03
974 7.604801e-06 3.065014e-03
975 2.735261e-05 5.813397e-03
976 3.934016e-04 2.009645e-02
977 6.853382e-05 3.235172e-03
978 4.547070e-05 2.896390e-03
979 1.006001e-05 2.501944e-03
980 3.994688e-06 1.175301e-03
981 1.232536e-05 3.370561e-03
982 4.667259e-05 3.597211e-03
983 8.863602e-06 2.151448e-03
984 2.888143e-05 3.242676e-03
985 1.025261e-05 2.642341e-03
986 1.025261e-05 2.642341e-03
987 3.793396e-06 1.121708e-03
988 5.302078e-06 1.815214e-03
989 4.069870e-05 4.492111e-03
990 1.687545e-05 2.609792e-03
991 2.288791e-05 4.186753e-03
992 3.117349e-06 1.959244e-03
993 5.320019e-06 2.051596e-03
994 3.156097e-06 1.992713e-03
995 5.208223e-06 2.019691e-03
996 6.230202e-06 2.590195e-03
997 4.693549e-05 4.897375e-03
998 1.687545e-05 2.609792e-03
999 2.509512e-05 2.121171e-03
1000 4.446617e-06 1.397051e-03
1001 4.446617e-06 1.397051e-03
1002 6.827638e-05 2.752955e-03
1003 7.431068e-06 1.473147e-03
1004 1.728212e-05 2.833624e-03
1005 3.728041e-06 2.443191e-03
1006 2.204542e-05 2.543609e-03
1007 6.230202e-06 2.590195e-03
1008 8.473450e-06 2.029247e-03
1009 2.607137e-05 2.697445e-03
1010 9.417942e-06 2.351229e-03
1011 2.607137e-05 2.697445e-03
1012 1.556531e-05 2.625670e-03
1013 1.992507e-06 1.977152e-03
1014 1.645938e-05 2.585705e-03
1015 3.510681e-06 2.031628e-03
1016 1.696139e-06 1.410941e-03
1017 1.695680e-06 1.455435e-03
1018 3.681490e-06 2.352862e-03
1019 4.553769e-05 3.155120e-03
1020 1.810235e-06 1.572124e-03
1021 2.491798e-05 1.984212e-03
1022 1.450845e-06 1.087714e-03
1023 7.542662e-06 1.533694e-03
1024 2.709105e-06 1.335522e-03
1025 5.201393e-06 1.999683e-03
1026 1.718671e-03 2.007660e-01
1027 2.799137e-04 1.990141e-02
1028 2.765305e-04 2.125989e-02
1029 1.006384e-04 2.091880e-02
1030 5.769633e-04 5.170100e-02
1031 9.253210e-04 7.135384e-02
1032 2.187499e-05 5.238993e-03
1033 3.230906e-05 1.207672e-02
1034 3.031571e-04 4.016451e-02
1035 5.367855e-06 3.136003e-03
1036 2.205500e-05 7.298275e-03
1037 7.990139e-05 1.411127e-02
1038 2.198405e-06 2.645025e-03
1039 3.525923e-05 8.235308e-03
1040 9.923710e-06 7.093013e-03
1041 1.049487e-04 2.144388e-02
1042 1.406465e-05 9.068710e-03
1043 3.843480e-05 1.032171e-02
1044 9.884580e-05 1.174788e-02
1045 3.021069e-05 5.718667e-03
1046 1.058724e-04 1.307008e-02
1047 1.605774e-04 1.859749e-02
1048 1.057393e-04 2.770542e-02
1049 9.848190e-06 7.107709e-03
1050 4.980898e-04 6.687939e-02
1051 2.648302e-04 5.105887e-02
1052 5.684386e-07 1.195276e-03
1053 1.739130e-06 1.757680e-03
1054 1.056016e-04 1.622756e-02
1055 1.492834e-06 1.519443e-03
1056 1.296659e-05 4.317209e-03
1057 2.917864e-06 1.970656e-03
1058 3.269832e-06 1.906845e-03
1059 6.996498e-07 1.014712e-03
1060 4.578767e-07 9.424524e-04
1061 1.372551e-05 2.187169e-03
1062 4.611259e-06 1.642865e-03
1063 6.894046e-06 3.148982e-03
1064 1.326714e-04 9.860978e-03
1065 7.317697e-05 8.217736e-03
1066 1.049267e-06 1.545488e-03
1067 5.948890e-07 1.429309e-03
1068 3.665042e-07 1.455967e-03
1069 1.137852e-06 1.587558e-03
1070 2.581725e-05 1.237386e-02
1071 9.170684e-06 4.536032e-03
1072 5.907045e-06 2.447479e-03
1073 8.578448e-05 8.370836e-03
1074 6.563876e-07 1.016123e-03
1075 8.386299e-05 1.147349e-02
1076 1.055965e-05 2.927601e-03
1077 2.785862e-05 7.196579e-03
1078 4.752970e-06 1.525238e-03
1079 1.371010e-05 4.909948e-03
1080 2.546679e-06 1.489488e-03
1081 2.699173e-06 1.421503e-03
1082 2.722237e-06 1.424399e-03
1083 8.304619e-06 1.613755e-03
1084 9.458762e-07 1.208290e-03
1085 6.619031e-06 3.789210e-03
1086 9.458762e-07 1.208290e-03
1087 2.436096e-06 1.307882e-03
1088 5.583144e-06 4.598439e-03
1089 8.985546e-07 1.214629e-03
1090 5.376788e-07 1.184799e-03
1091 9.458762e-07 1.208290e-03
1092 2.928913e-03 1.286042e-01
1093 7.930816e-05 1.604326e-02
1094 4.857903e-05 1.140797e-02
1095 1.835969e-06 1.423332e-03
1096 1.036777e-06 1.417709e-03
1097 1.847420e-05 3.400515e-03
1098 2.979083e-05 4.433393e-03
1099 1.000184e-05 2.841250e-03
1100 1.366630e-05 1.893002e-03
1101 1.458183e-05 2.096675e-03
1102 9.090891e-06 2.083825e-03
1103 8.042078e-06 1.784827e-03
1104 5.478787e-05 1.892674e-02
1105 1.700529e-06 1.445628e-03
1106 3.511821e-06 2.080122e-03
1107 9.497396e-06 2.759013e-03
1108 5.076062e-06 1.516206e-03
1109 7.924507e-06 1.777659e-03
1110 2.429999e-05 3.897031e-03
1111 1.015130e-05 3.296353e-03
1112 1.465530e-04 9.174138e-03
1113 4.846451e-05 7.125856e-03
1114 2.242327e-06 1.893060e-03
1115 1.434357e-04 9.252024e-03
1116 1.835969e-06 1.423332e-03
1117 1.679975e-06 1.532112e-03
1118 2.751386e-05 3.766239e-03
1119 8.275888e-05 8.725325e-03
1120 2.685169e-05 2.967127e-03
1121 4.058430e-05 3.376345e-03
1122 1.439128e-05 2.605252e-03
1123 1.364977e-05 1.824046e-03
1124 1.034993e-05 2.606862e-03
1125 1.594736e-05 2.246364e-03
1126 2.473414e-05 2.855254e-03
1127 1.474225e-05 2.169313e-03
1128 2.367243e-05 2.181367e-03
1129 5.361098e-06 1.990261e-03
1130 1.516996e-05 2.857619e-03
1131 1.901133e-04 8.553229e-03
1132 2.102642e-03 6.302749e-02
1133 6.974124e-04 1.766875e-02
1134 1.146404e-04 3.772354e-03
1135 2.010362e-05 1.438000e-03
1136 2.317763e-05 1.780104e-03
1137 4.942281e-05 3.039670e-03
1138 6.642314e-05 2.988545e-03
1139 5.271328e-05 3.256979e-03
1140 2.824301e-03 6.564927e-02
1141 1.795876e-04 7.125860e-03
1142 7.887164e-05 3.100937e-03
1143 8.112072e-05 3.449918e-03
1144 6.532209e-04 1.585101e-02
1145 1.487693e-04 5.135195e-03
1146 1.128655e-03 2.178198e-02
1147 7.136750e-04 1.932893e-02
1148 1.487693e-04 5.135195e-03
1149 8.701150e-05 3.725383e-03
1150 1.677393e-04 3.339776e-03
1151 1.094083e-04 3.090778e-03
1152 6.660811e-05 3.006594e-03
1153 6.628170e-05 2.528311e-03
1154 1.114802e-04 3.351651e-03
1155 5.946871e-05 2.177541e-03
1156 1.963393e-04 1.022270e-02
1157 4.249301e-04 1.628839e-02
1158 1.450359e-04 8.653553e-03
1159 1.303041e-03 3.291449e-02
1160 8.261673e-05 4.094201e-03
1161 8.421521e-05 3.807640e-03
1162 3.149940e-04 1.176745e-02
1163 8.876917e-04 1.906981e-02
1164 1.322672e-04 4.553878e-03
1165 5.172787e-05 3.805254e-03
1166 4.554298e-04 1.802509e-02
1167 1.954273e-04 8.041689e-03
1168 8.618302e-05 4.297363e-03
1169 3.149940e-04 1.176745e-02
1170 3.149940e-04 1.176745e-02
1171 8.261673e-05 4.094201e-03
1172 2.304060e-04 9.303564e-03
1173 1.179363e-03 3.080305e-02
1174 6.324907e-04 2.683843e-02
1175 2.143217e-04 1.799972e-02
1176 8.880273e-03 3.494417e-01
1177 1.936533e-05 2.780591e-03
1178 1.396656e-04 1.132797e-02
1179 7.448903e-05 1.603283e-02
1180 6.037694e-05 1.432284e-02
1181 1.390513e-04 9.255357e-03
1182 1.443454e-04 1.113297e-02
1183 1.491798e-04 1.120900e-02
1184 3.853404e-04 2.794750e-02
1185 8.534776e-04 3.237957e-02
1186 1.588639e-04 1.007747e-02
1187 4.958718e-05 5.552010e-03
1188 8.991108e-05 7.595162e-03
1189 1.836551e-04 1.304698e-02
1190 6.288613e-04 3.318666e-02
1191 7.079209e-05 9.788295e-03
1192 4.647168e-04 1.772576e-02
1193 1.994722e-04 1.916576e-02
1194 9.002854e-04 2.807911e-02
1195 2.859205e-04 1.458408e-02
1196 2.884621e-04 1.368250e-02
1197 2.338127e-04 8.722202e-03
1198 2.848723e-04 1.645671e-02
1199 4.143013e-04 1.314752e-02
1200 4.983533e-04 1.989519e-02
1201 1.790855e-04 1.684080e-02
1202 6.627179e-05 1.083292e-02
1203 3.148090e-04 2.060516e-02
1204 4.787182e-04 2.362253e-02
1205 1.696531e-05 4.105724e-03
1206 1.236856e-04 1.031274e-02
1207 4.764261e-06 3.378310e-03
1208 2.516245e-04 1.879138e-02
1209 4.331587e-05 6.507096e-03
1210 4.126435e-05 5.878780e-03
1211 3.536456e-05 2.506805e-03
1212 1.620972e-05 2.641203e-03
1213 3.828303e-05 5.558294e-03
1214 3.945361e-05 6.553835e-03
1215 3.494318e-04 2.058310e-02
1216 6.478438e-06 4.067689e-03
1217 8.686960e-04 4.392809e-02
1218 5.546495e-05 4.797870e-03
1219 2.331447e-06 1.096059e-03
1220 1.700873e-05 2.977419e-03
1221 2.704673e-05 1.995752e-03
1222 9.606149e-04 3.748552e-02
1223 5.217268e-06 1.867579e-03
1224 1.127175e-05 1.655422e-03
1225 5.098605e-04 8.616661e-03
1226 7.787957e-06 2.187411e-03
1227 1.078895e-03 8.480228e-02
1228 4.238698e-05 3.050293e-03
1229 4.017432e-06 1.130986e-03
1230 8.844712e-06 2.103544e-03
1231 1.763320e-06 1.414074e-03
1232 3.083412e-06 1.918565e-03
1233 3.210771e-06 2.099887e-03
1234 1.573476e-05 2.631742e-03
1235 9.125087e-06 2.259062e-03
1236 9.125087e-06 2.259062e-03
1237 5.349417e-06 2.161568e-03
1238 1.520317e-05 2.398197e-03
1239 3.210771e-06 2.099887e-03
1240 3.828411e-03 1.161199e-01
1241 9.298610e-05 2.935656e-03
1242 8.216978e-06 2.235875e-03
1243 1.432666e-05 2.300471e-03
1244 3.210771e-06 2.099887e-03
1245 9.125087e-06 2.259062e-03
1246 5.403892e-06 2.105890e-03
1247 3.526589e-05 8.915627e-03
1248 9.506229e-05 2.247470e-02
1249 1.595661e-05 9.119055e-03
1250 4.033731e-05 1.094089e-02
1251 4.039817e-05 1.205855e-02
1252 4.419464e-05 1.340135e-02
1253 9.514373e-05 1.038348e-02
1254 5.217920e-05 5.533995e-03
1255 9.515855e-04 4.118188e-02
1256 6.740684e-05 3.881766e-03
1257 3.010562e-03 7.882610e-02
1258 2.708295e-04 1.380633e-02
1259 1.090208e-03 3.173311e-02
1260 1.983158e-04 8.505362e-03
1261 2.018694e-06 1.702492e-03
1262 1.882291e-04 1.360100e-02
1263 2.638522e-05 2.940646e-03
1264 6.307772e-04 1.609813e-02
1265 3.780409e-06 2.695608e-03
1266 4.807716e-05 4.868622e-03
1267 2.655402e-07 1.912576e-03
1268 1.059830e-04 3.658109e-03
1269 2.408477e-04 2.167557e-02
1270 2.660182e-04 9.825510e-03
1271 3.519551e-05 6.402706e-03
1272 3.417270e-06 2.789444e-03
1273 3.829985e-05 2.342580e-03
1274 1.829868e-04 1.250786e-02
1275 5.254065e-04 1.721154e-02
1276 6.745606e-04 2.599714e-02
1277 5.447539e-04 4.283891e-02
1278 3.030083e-04 3.180075e-02
1279 5.304918e-05 2.869360e-03
1280 1.457394e-05 6.726285e-03
1281 1.732833e-05 7.898704e-03
1282 8.167197e-05 1.016885e-02
1283 5.576922e-05 8.143427e-03
1284 5.359795e-04 2.389529e-02
1285 9.179513e-05 6.555090e-03
1286 1.214584e-04 1.793658e-02
1287 3.937945e-05 2.496691e-03
1288 8.771875e-04 3.374515e-02
1289 1.067756e-03 8.785278e-02
1290 7.286119e-06 1.523825e-03
1291 1.141466e-04 8.728224e-03
1292 5.900202e-05 3.315676e-03
1293 1.059499e-03 3.574615e-02
1294 3.341738e-06 2.186146e-03
1295 8.327654e-05 5.096738e-03
1296 1.260520e-04 5.401540e-03
1297 8.524416e-04 5.180785e-02
1298 3.455841e-04 4.119837e-02
1299 8.879447e-05 5.959277e-03
1300 1.310374e-03 6.229069e-02
1301 1.296651e-05 2.308694e-03
1302 5.477930e-05 2.351688e-03
1303 8.787778e-05 1.130266e-02
1304 4.065580e-04 1.358713e-02
1305 1.238602e-04 8.571842e-03
1306 7.418870e-05 8.204344e-03
1307 1.644833e-04 6.207750e-03
1308 2.501674e-05 8.758285e-03
1309 1.537598e-04 1.337467e-02
1310 9.293158e-04 3.265021e-02
1311 2.774644e-04 1.720557e-02
1312 3.730935e-03 4.545917e-02
1313 4.255644e-06 3.271914e-03
1314 1.406198e-04 6.467171e-03
1315 4.398993e-05 3.963549e-03
1316 8.308982e-06 4.717987e-03
1317 6.449581e-06 3.223241e-03
1318 1.714269e-06 1.824088e-03
1319 8.122129e-06 2.246401e-03
1320 2.527380e-06 4.153504e-03
1321 4.026105e-06 3.822638e-03
1322 1.623882e-06 1.466734e-03
1323 8.611550e-05 8.851824e-03
1324 1.980119e-05 1.664785e-03
1325 5.356790e-05 4.782971e-03
1326 4.886863e-05 3.236947e-03
1327 6.200242e-05 5.655327e-03
1328 2.077395e-05 2.756779e-03
1329 1.507618e-06 2.718704e-03
1330 6.463307e-05 3.675436e-03
1331 3.765376e-04 1.170345e-02
1332 5.122023e-04 3.614969e-02
1333 1.138883e-04 1.214565e-02
1334 9.873188e-05 1.726193e-02
1335 2.368185e-05 7.032319e-03
1336 3.357516e-05 6.002850e-03
1337 5.094959e-05 2.467593e-03
1338 7.918711e-05 5.103279e-03
1339 1.384310e-04 1.988680e-02
1340 3.805175e-05 8.320353e-03
1341 6.230260e-05 3.488141e-03
1342 5.872589e-06 1.545038e-03
1343 5.092926e-04 3.844389e-02
1344 9.493081e-06 4.525539e-03
1345 1.614735e-03 3.982162e-02
1346 1.354398e-04 1.725770e-02
1347 2.051787e-04 2.185443e-02
1348 2.887786e-04 1.202359e-02
1349 8.664547e-05 9.229735e-03
1350 4.763936e-04 5.545764e-02
1351 3.274374e-03 8.415386e-02
1352 5.947055e-04 1.919577e-02
1353 1.501442e-06 3.202470e-03
1354 8.913137e-06 2.670908e-03
1355 1.179110e-04 2.234755e-02
1356 5.203047e-06 4.255446e-03
1357 1.525608e-05 4.520100e-03
1358 1.676305e-04 1.825692e-02
1359 5.791998e-05 1.819980e-02
1360 2.596709e-06 1.582928e-03
1361 7.529101e-05 5.277725e-03
1362 5.777009e-06 2.403689e-03
1363 4.350606e-06 1.306329e-03
1364 3.622104e-06 1.155807e-03
1365 1.260756e-05 1.686014e-03
1366 2.285060e-05 6.244236e-03
1367 3.878430e-04 7.301430e-03
1368 3.397880e-05 2.459312e-03
1369 1.631529e-05 1.875519e-03
1370 1.244885e-06 1.077639e-03
1371 2.893737e-06 1.475324e-03
1372 1.991248e-06 1.040032e-03
1373 4.669878e-06 1.877529e-03
1374 6.005899e-06 2.941262e-03
1375 4.055087e-04 3.356052e-02
1376 1.721818e-05 1.811247e-03
1377 8.432250e-05 5.149076e-03
1378 1.295244e-04 6.805866e-03
1379 2.219781e-04 1.181308e-02
1380 2.533845e-04 2.212069e-02
1381 3.167992e-04 1.671734e-02
1382 1.847192e-05 1.767375e-03
1383 3.003903e-05 2.020462e-03
1384 3.006978e-04 4.244975e-02
1385 1.457535e-04 8.890509e-03
1386 4.929212e-04 1.854763e-02
1387 1.016351e-03 3.188539e-02
1388 1.045592e-03 3.976007e-02
1389 1.962029e-05 4.420156e-03
1390 3.723176e-04 2.486140e-02
1391 3.233260e-05 5.437634e-03
1392 5.783548e-05 1.358953e-02
1393 1.916289e-05 2.446385e-03
1394 6.596344e-05 6.753586e-03
1395 1.058847e-04 1.662965e-02
1396 3.439785e-05 3.042652e-03
1397 1.104938e-05 1.787015e-03
1398 4.224645e-04 1.669917e-02
1399 2.906259e-05 5.267177e-03
1400 2.126549e-05 2.319230e-03
1401 1.226105e-04 1.355682e-02
1402 1.219563e-05 2.374764e-03
1403 8.044542e-06 1.889120e-03
1404 4.026097e-04 1.779964e-02
1405 2.212667e-06 1.822385e-03
1406 1.355856e-05 4.828145e-03
1407 1.012478e-05 2.086089e-03
1408 3.625921e-06 2.141956e-03
1409 2.093922e-05 6.473483e-03
1410 2.270660e-04 6.293621e-03
1411 2.040018e-03 8.579338e-02
1412 3.053452e-04 2.985706e-02
1413 1.957451e-05 1.796289e-03
1414 1.111392e-03 3.432004e-02
1415 1.358739e-05 2.779094e-03
1416 5.687594e-05 2.433342e-03
1417 1.930848e-05 1.977849e-03
1418 3.657045e-05 2.521883e-03
1419 3.428856e-04 1.473797e-02
1420 9.571727e-04 2.276405e-02
1421 1.090141e-03 3.705665e-02
1422 5.783957e-05 7.194437e-03
1423 2.763744e-03 4.184623e-02
1424 5.423269e-05 7.744540e-03
1425 3.481722e-03 3.961370e-02
1426 9.532729e-04 3.121771e-02
1427 1.931443e-04 1.842535e-02
1428 1.785717e-05 1.437694e-03
1429 2.444180e-05 6.550901e-03
1430 2.479200e-04 1.252734e-02
1431 2.648506e-04 1.993594e-02
1432 1.444725e-04 7.607200e-03
1433 3.379829e-05 6.693428e-03
1434 1.280716e-04 2.698085e-02
1435 3.134503e-04 1.992778e-02
1436 2.514763e-03 5.077299e-02
1437 2.394787e-05 2.406046e-03
1438 1.621669e-05 2.367768e-03
1439 5.716856e-03 1.822349e-01
1440 5.704533e-04 1.505811e-02
1441 5.910843e-04 9.240732e-02
1442 5.701515e-06 2.013129e-03
1443 6.858972e-05 2.061981e-02
1444 7.672429e-05 2.539113e-02
1445 1.085062e-04 1.945581e-02
1446 1.389155e-05 5.049298e-03
1447 2.188646e-05 2.729749e-03
1448 2.016185e-05 6.919600e-03
1449 1.392362e-04 9.092027e-03
1450 2.464604e-04 9.375940e-03
1451 8.860808e-06 1.481827e-03
1452 7.950897e-05 9.339808e-03
1453 3.348507e-06 1.608930e-03
1454 3.062508e-05 1.083509e-02
1455 4.395893e-06 4.226148e-03
1456 3.273661e-05 4.979561e-03
1457 1.888853e-05 4.222670e-03
1458 2.099087e-06 2.813048e-03
1459 2.416667e-05 3.711938e-03
1460 4.684621e-06 4.239299e-03
1461 6.731715e-06 7.085651e-03
1462 1.523014e-05 7.157673e-03
1463 1.685479e-04 1.191336e-02
1464 3.690502e-03 1.017697e-01
1465 6.944733e-04 3.687437e-02
1466 8.611422e-04 7.675775e-02
1467 6.975600e-05 1.735110e-02
1468 1.385360e-03 5.422066e-02
1469 1.176916e-03 7.566950e-02
1470 6.881391e-05 4.941570e-03
1471 5.723234e-05 9.272854e-03
1472 4.530637e-04 1.702523e-02
1473 5.577080e-06 2.618804e-03
1474 1.813326e-05 1.173122e-02
1475 1.710465e-05 3.952108e-03
1476 1.141544e-05 3.489640e-03
1477 3.193669e-04 2.439995e-02
1478 1.087575e-04 1.748964e-02
1479 2.033026e-04 2.847436e-02
1480 3.779894e-04 2.575664e-02
1481 2.207271e-04 1.328419e-02
1482 2.033312e-04 2.998437e-02
1483 5.942459e-06 5.879379e-03
1484 4.203129e-06 4.621043e-03
1485 7.572125e-06 4.454231e-03
1486 5.881850e-04 2.123771e-02
1487 2.668935e-05 2.528290e-03
1488 5.756562e-05 5.535156e-03
1489 9.740913e-06 2.696278e-03
1490 1.816083e-05 3.301941e-03
1491 9.351350e-04 3.795682e-02
1492 5.890356e-05 4.705539e-03
1493 1.488416e-05 2.219032e-03
1494 1.168617e-04 8.591758e-03
1495 8.149793e-04 2.090615e-02
1496 1.780061e-05 1.457132e-03
1497 2.844644e-04 2.148277e-02
1498 1.737553e-03 6.216340e-02
1499 2.801570e-05 1.898533e-03
1500 1.181667e-04 5.150603e-03
1501 3.977620e-04 2.213876e-02
1502 5.339463e-04 1.483807e-02
1503 2.095360e-04 6.892426e-03
1504 3.688887e-03 6.161380e-02
1505 3.634602e-04 4.940897e-02
1506 1.591602e-05 1.338749e-03
1507 9.804503e-04 1.478892e-02
1508 3.947841e-03 1.828122e-01
1509 3.122944e-05 2.486486e-03
1510 6.297267e-06 3.047038e-03
1511 3.891477e-04 1.062964e-02
1512 3.012334e-06 9.942342e-04
1513 1.419412e-04 8.975942e-03
1514 2.975998e-05 4.148234e-03
1515 2.991599e-05 6.010571e-03
1516 2.467412e-04 2.098532e-02
1517 7.003660e-05 4.642695e-03
1518 3.677141e-04 4.496088e-02
1519 3.748290e-06 1.684864e-03
1520 1.224925e-04 9.817680e-03
1521 5.231546e-06 2.035284e-03
1522 1.100133e-05 3.788463e-03
1523 2.676927e-05 3.671625e-03
1524 3.329241e-04 1.937679e-02
1525 1.069501e-04 7.481681e-03
1526 7.967003e-05 1.071023e-02
1527 2.336013e-04 7.291239e-03
1528 2.506854e-05 5.331138e-03
1529 7.166125e-05 9.124369e-03
1530 3.431698e-05 4.216246e-03
1531 7.219231e-04 2.940803e-02
1532 4.272044e-05 6.346798e-03
1533 6.817654e-04 2.661036e-02
1534 6.505445e-04 6.463975e-02
1535 3.747579e-03 1.143376e-01
1536 1.396046e-03 1.057107e-01
1537 4.122630e-05 5.761228e-03
1538 8.096671e-04 1.469368e-01
1539 7.590993e-05 1.251844e-02
1540 1.574836e-04 4.233144e-02
1541 1.671192e-03 7.635876e-02
1542 1.652769e-03 7.345066e-02
1543 1.577036e-05 4.962686e-03
1544 7.369104e-05 1.231597e-02
1545 6.695382e-06 3.529438e-03
1546 1.374102e-04 6.356378e-03
1547 9.590782e-05 1.520308e-02
1548 2.120222e-04 3.622831e-02
1549 5.955628e-06 2.453271e-03
1550 2.003002e-04 7.431600e-03
1551 1.124885e-04 1.024553e-02
1552 5.898467e-06 1.187916e-03
1553 1.339358e-05 2.781212e-03
1554 7.575443e-04 4.314972e-02
1555 7.093764e-04 7.802285e-02
1556 1.727303e-04 1.459730e-02
1557 5.157805e-04 2.699450e-02
1558 2.409589e-03 8.402948e-02
1559 1.693489e-04 5.452132e-03
1560 1.611993e-05 3.456200e-03
1561 1.284276e-04 6.213523e-03
1562 4.663789e-05 1.151659e-02
1563 1.051693e-05 1.952068e-03
1564 8.148179e-06 6.518539e-03
1565 2.729999e-04 2.146076e-02
1566 8.765568e-05 7.814395e-03
1567 4.342248e-05 3.211284e-03
1568 8.623252e-06 1.998869e-03
1569 9.188820e-05 5.884928e-03
1570 5.037832e-04 1.410195e-02
1571 4.236307e-04 1.042158e-02
1572 1.085258e-06 1.855701e-03
1573 3.197702e-04 3.197971e-02
1574 1.388812e-05 3.752258e-03
1575 9.014726e-05 1.129017e-02
1576 5.986969e-05 1.140188e-02
1577 1.383759e-03 4.420751e-02
1578 9.777724e-06 6.127051e-03
1579 5.537211e-05 1.133030e-02
1580 1.545664e-06 2.467677e-03
1581 1.139423e-05 3.298727e-03
1582 1.244037e-05 4.722685e-03
1583 4.062906e-04 2.041083e-02
1584 8.467547e-06 5.427418e-03
1585 1.718661e-03 6.750247e-02
1586 2.073691e-03 9.008783e-02
1587 1.603769e-03 3.711185e-02
1588 2.759275e-04 1.774776e-02
1589 5.221731e-04 2.103947e-02
1590 1.875179e-03 7.131989e-02
1591 5.519927e-04 1.945622e-02
1592 1.270415e-04 1.322415e-02
1593 5.172091e-04 2.008965e-02
1594 1.936213e-04 1.178520e-02
1595 4.110082e-05 9.276990e-03
1596 3.702216e-04 8.538403e-03
1597 1.161941e-04 8.675277e-03
1598 4.873822e-04 2.126768e-02
1599 1.916652e-05 1.676527e-03
1600 7.552662e-04 2.964622e-02
1601 2.159472e-06 1.172152e-03
1602 5.411776e-04 2.999026e-02
1603 2.888451e-06 1.920696e-03
1604 1.441687e-05 2.272938e-03
1605 8.594200e-05 1.066506e-02
1606 1.208523e-06 2.917255e-03
1607 1.910480e-06 1.900977e-03
1608 2.549772e-06 1.778044e-03
1609 2.624926e-05 4.390984e-03
1610 2.540080e-04 1.338580e-02
1611 6.680851e-07 1.867215e-03
1612 8.436943e-06 1.912106e-03
1613 4.830775e-06 2.062930e-03
1614 1.914537e-05 4.585779e-03
1615 8.280880e-04 4.507871e-02
1616 3.280917e-04 2.078496e-02
1617 4.727207e-04 1.280075e-02
1618 3.993838e-04 1.991949e-02
1619 3.153805e-03 8.462287e-02
1620 3.242438e-05 7.683160e-03
1621 5.075496e-04 4.276220e-02
1622 8.816539e-06 2.971539e-03
1623 2.463361e-04 3.394923e-02
1624 2.666217e-05 4.589468e-03
1625 2.836214e-06 1.597739e-03
1626 3.766446e-05 7.370497e-03
1627 2.659558e-05 3.627668e-03
1628 2.993892e-06 1.906109e-03
1629 2.650681e-04 1.717090e-02
1630 4.138762e-06 1.603242e-03
1631 3.747724e-05 5.475300e-03
1632 6.093672e-05 8.637460e-03
1633 1.172519e-04 1.713531e-02
1634 3.055591e-03 1.073646e-01
1635 1.661795e-04 2.469410e-02
1636 4.529110e-03 2.810030e-01
1637 8.518249e-04 4.191738e-02
1638 6.635366e-05 9.569865e-03
1639 1.455791e-03 1.252770e-01
1640 9.450993e-04 2.035034e-02
1641 1.972735e-03 1.083538e-01
1642 2.194134e-04 2.806971e-02
1643 3.431288e-04 1.376454e-02
1644 6.192748e-04 4.417559e-02
1645 8.476127e-06 1.478888e-03
1646 7.912352e-05 2.423769e-03
1647 2.297063e-03 6.955774e-02
1648 2.199709e-05 4.447462e-03
1649 1.872354e-04 5.277469e-03
1650 9.158618e-04 2.868002e-02
1651 1.603304e-05 1.022175e-03
1652 1.383470e-03 7.049876e-02
1653 1.492558e-03 4.871935e-02
1654 9.089581e-06 2.516615e-03
1655 3.477158e-05 3.979189e-03
1656 4.629151e-06 3.541808e-03
1657 1.332823e-06 1.200269e-03
1658 1.433230e-05 2.434835e-03
1659 4.126338e-06 4.374432e-03
1660 4.138358e-07 1.985017e-03
1661 1.101455e-04 2.070952e-02
1662 1.056216e-05 7.660093e-03
1663 1.480169e-05 1.368090e-02
1664 4.372969e-06 6.718263e-03
1665 1.490643e-04 4.893222e-03
1666 1.849400e-04 1.381475e-02
1667 4.088868e-04 2.202698e-02
1668 6.660428e-06 1.585530e-03
1669 8.524559e-06 4.286074e-03
1670 1.552844e-05 7.295092e-03
1671 2.158596e-05 3.785634e-03
1672 1.602878e-04 2.482818e-02
1673 8.342533e-05 9.971490e-03
1674 5.268856e-06 2.330381e-03
1675 4.157559e-05 2.963613e-03
1676 2.342041e-06 1.292470e-03
1677 1.800017e-05 8.560358e-03
1678 5.504286e-04 6.407673e-02
1679 3.793994e-05 8.477016e-03
1680 2.597214e-05 8.174252e-03
1681 5.602571e-05 1.078113e-02
1682 1.326400e-05 4.727403e-03
1683 6.893430e-05 9.796568e-03
1684 8.146630e-06 4.470109e-03
1685 1.951870e-06 2.130459e-03
1686 3.527815e-05 1.094838e-02
1687 2.093879e-05 4.372710e-03
1688 3.849936e-06 1.109431e-03
1689 2.316940e-04 2.429312e-02
1690 4.498962e-05 8.195735e-03
1691 5.346702e-04 2.260228e-02
1692 1.844962e-03 1.055962e-01
1693 1.460089e-03 2.986753e-02
1694 4.270974e-04 3.966573e-02
1695 2.201098e-05 5.720667e-03
1696 6.385551e-06 2.526795e-03
1697 1.048272e-05 5.751434e-03
1698 1.256816e-04 1.858832e-02
1699 7.933402e-05 1.056791e-02
1700 3.969630e-05 5.068906e-03
1701 3.624086e-05 6.263434e-03
1702 9.273159e-06 5.604966e-03
1703 9.002820e-05 1.000711e-02
1704 7.980729e-05 5.300019e-03
1705 5.905927e-04 5.362756e-02
1706 7.084590e-05 1.117855e-02
1707 1.672091e-05 2.377397e-03
1708 9.042460e-07 2.038973e-03
1709 3.910897e-06 5.283517e-03
1710 1.583595e-06 1.363932e-03
1711 2.269449e-05 1.017760e-02
1712 1.950068e-05 3.698594e-03
1713 1.259177e-05 4.186826e-03
1714 1.439454e-05 5.526569e-03
1715 4.944143e-06 3.985824e-03
1716 4.558823e-06 5.913027e-03
1717 1.454017e-06 2.174601e-03
1718 5.531894e-05 1.578420e-02
1719 6.905083e-07 1.963165e-03
1720 2.246934e-05 3.822233e-03
1721 1.130677e-06 1.488813e-03
1722 4.954672e-05 8.477508e-03
1723 1.947731e-07 1.296718e-03
1724 3.502825e-07 1.402130e-03
1725 1.782985e-06 1.790534e-03
1726 9.652892e-05 3.213990e-02
1727 2.503127e-05 9.647170e-03
1728 5.635828e-06 2.414454e-03
1729 2.687139e-05 6.641050e-03
1730 7.483588e-06 4.092804e-03
1731 5.251928e-06 3.041686e-03
1732 6.237443e-05 1.472807e-02
1733 1.884937e-03 8.327739e-02
1734 3.061428e-03 6.490828e-02
1735 6.060836e-04 3.277841e-02
1736 5.578622e-05 6.742108e-03
1737 2.581644e-05 6.213087e-03
1738 4.998018e-04 6.683274e-02
1739 1.368637e-04 1.043485e-02
1740 5.014648e-05 9.514452e-03
1741 1.886048e-06 1.309032e-03
1742 5.072005e-06 1.442263e-03
1743 8.569195e-06 3.698655e-03
1744 1.142636e-06 2.004224e-03
1745 8.519163e-07 2.159894e-03
1746 2.368045e-05 5.568846e-03
1747 4.141469e-05 1.871124e-02
1748 5.573228e-05 4.691241e-03
1749 1.294918e-05 4.683380e-03
1750 5.110323e-05 5.901042e-03
1751 1.193244e-05 3.385560e-03
1752 1.011730e-04 5.353020e-03
1753 8.179248e-04 2.888034e-02
1754 1.016908e-03 4.791071e-02
1755 1.370259e-03 4.751034e-02
1756 1.093235e-04 1.437369e-02
1757 3.864340e-04 3.526430e-02
1758 1.876920e-03 1.108167e-01
1759 1.085808e-03 6.654571e-02
1760 5.866269e-04 4.776845e-02
1761 2.955328e-03 1.125213e-01
1762 2.417416e-03 7.990750e-02
1763 6.581085e-04 7.700733e-02
1764 6.870929e-05 1.765747e-02
1765 1.804827e-04 2.295721e-02
1766 7.017566e-04 9.219780e-02
1767 1.454012e-04 1.556072e-02
1768 2.463152e-04 1.819822e-02
1769 4.036461e-04 6.038398e-02
1770 2.416962e-04 4.250340e-02
1771 7.570256e-04 2.886132e-02
1772 2.159223e-06 4.279653e-03
1773 4.075818e-03 1.694935e-01
1774 1.253456e-03 4.259005e-02
1775 6.847699e-03 2.682229e-01
1776 3.425422e-04 1.919309e-02
1777 3.855505e-04 2.165651e-02
1778 1.843269e-03 5.722469e-02
1779 3.954189e-04 2.750724e-02
1780 3.580707e-04 1.618430e-02
1781 2.018303e-04 1.291856e-02
1782 1.040918e-04 1.825850e-02
1783 1.460608e-03 6.262990e-02
1784 3.159311e-04 3.017538e-02
1785 5.545846e-04 3.563912e-02
1786 3.262600e-05 4.438997e-03
1787 9.225723e-05 6.423343e-03
1788 9.814740e-04 8.141602e-02
1789 3.892369e-04 6.924839e-02
1790 4.211592e-05 1.122980e-02
1791 1.235565e-03 9.456125e-02
1792 1.837176e-04 3.368805e-02
1793 7.744924e-04 2.346942e-02
1794 1.555298e-04 8.629173e-03
1795 2.971052e-04 1.537515e-02
1796 1.361281e-03 5.217329e-02
1797 1.310037e-03 5.498000e-02
1798 4.437759e-04 3.388301e-02
1799 8.147222e-05 1.297749e-02
1800 1.341041e-03 6.053490e-02
1801 2.104682e-04 1.355113e-02
1802 6.810005e-04 3.605046e-02
1803 6.688770e-04 3.177823e-02
1804 6.284557e-04 3.919606e-02
1805 3.880239e-04 2.429566e-02
1806 4.720769e-04 3.757855e-02
1807 2.112060e-04 1.414595e-02
1808 1.830298e-03 6.481571e-02
1809 1.503062e-04 1.701189e-02
1810 1.864757e-05 8.632177e-03
1811 3.314097e-05 9.445596e-03
1812 8.287185e-05 1.054358e-02
1813 3.081700e-05 5.049006e-03
1814 1.364495e-04 1.678457e-02
1815 4.293967e-04 3.045480e-02
1816 1.774767e-04 9.808621e-03
1817 7.952056e-04 2.477645e-02
1818 4.438416e-04 3.283044e-02
1819 6.156550e-04 5.972803e-02
1820 1.934489e-04 2.460877e-02
1821 4.604476e-05 1.171897e-02
1822 1.288794e-04 1.340310e-02
1823 2.709368e-04 3.182563e-02
1824 9.402399e-05 1.561765e-02
1825 8.459205e-04 5.958569e-02
1826 1.111230e-04 2.242125e-02
1827 8.686546e-05 7.841979e-03
1828 8.215328e-05 1.017767e-02
1829 8.875771e-05 1.083509e-02
1830 4.094036e-03 1.077083e-01
1831 3.980376e-05 6.304849e-03
1832 1.818673e-04 2.239024e-02
1833 2.039262e-05 1.018895e-02
1834 7.965386e-05 9.013442e-03
1835 2.870226e-05 7.940257e-03
1836 5.128455e-06 5.020087e-03
1837 2.155693e-04 1.690344e-02
1838 2.143415e-04 1.515158e-02
1839 4.084718e-04 2.876818e-02
1840 4.572493e-04 3.059685e-02
1841 4.394551e-04 2.028979e-02
1842 1.304514e-04 1.455771e-02
1843 7.654921e-05 1.044046e-02
1844 1.533963e-04 1.412822e-02
1845 2.174793e-05 1.113988e-02
1846 6.903015e-06 6.488227e-03
1847 1.255563e-05 8.012767e-03
1848 1.368411e-05 1.091694e-02
1849 4.319464e-05 1.100441e-02
1850 6.831665e-05 6.966341e-03
1851 2.342589e-05 4.041258e-03
1852 6.384510e-06 3.987022e-03
1853 2.370590e-05 3.046514e-03
1854 2.093847e-04 1.268161e-02
1855 1.754531e-04 1.139275e-02
1856 4.152258e-04 2.274867e-02
1857 3.462725e-04 1.495697e-02
1858 3.298186e-04 1.667073e-02
1859 1.637648e-05 3.945158e-03
1860 1.415415e-04 1.966206e-02
1861 2.654112e-05 7.037850e-03
1862 3.266407e-05 6.668473e-03
1863 1.719742e-04 1.837049e-02
1864 6.217048e-04 2.869787e-02
1865 6.433932e-04 2.783888e-02
1866 3.880343e-04 2.151675e-02
1867 2.954326e-05 8.088870e-03
1868 1.852114e-05 9.210326e-03
1869 1.759933e-05 5.749269e-03
1870 5.597649e-05 1.161523e-02
1871 7.989494e-04 3.607798e-02
1872 7.528954e-04 5.092596e-02
1873 1.392434e-04 9.938219e-03
1874 1.274868e-03 3.146408e-02
1875 6.503355e-04 2.032046e-02
1876 2.491828e-05 5.111086e-03
1877 1.503463e-04 1.052240e-02
1878 1.641212e-05 6.073975e-03
1879 2.805840e-04 1.691409e-02
1880 8.564347e-05 9.816376e-03
1881 1.654379e-03 6.888394e-02
1882 2.977852e-04 3.569089e-02
1883 6.390397e-04 2.707389e-02
1884 2.288081e-04 1.878155e-02
1885 9.811412e-05 9.944571e-03
1886 3.900264e-04 2.056373e-02
1887 2.876016e-05 7.189810e-03
1888 9.625687e-05 1.369233e-02
1889 2.986020e-05 7.321301e-03
1890 8.614442e-06 5.307749e-03
1891 1.386152e-05 4.732772e-03
1892 1.578606e-05 5.333140e-03
1893 5.199749e-05 2.092479e-02
1894 2.840460e-04 2.493210e-02
1895 1.289641e-04 1.239786e-02
1896 8.844978e-06 4.635468e-03
1897 6.623472e-06 3.469806e-03
1898 1.421902e-05 2.950362e-03
1899 1.377143e-04 9.616094e-03
1900 1.987392e-04 1.216381e-02
1901 2.720501e-06 1.698369e-03
1902 4.462449e-04 2.360056e-02
1903 1.081720e-03 8.695682e-02
1904 1.268858e-04 1.069612e-02
1905 1.318502e-04 1.187166e-02
1906 1.387158e-03 1.321560e-01
1907 4.260250e-05 6.399751e-03
1908 4.260250e-05 6.399751e-03
1909 8.394243e-06 5.114714e-03
1910 1.402158e-04 1.263499e-02
1911 8.360559e-05 1.029998e-02
1912 3.057439e-04 2.349870e-02
1913 7.665057e-04 4.148660e-02
1914 2.733336e-04 2.204760e-02
1915 2.716858e-03 6.091225e-02
1916 6.475391e-04 2.843624e-02
1917 6.439707e-04 2.635055e-02
1918 2.783885e-04 2.155542e-02
1919 6.656322e-04 7.743360e-02
1920 5.642008e-04 2.864391e-02
1921 1.500235e-04 1.895116e-02
1922 7.913368e-04 5.574908e-02
1923 4.621888e-04 2.535129e-02
1924 8.652379e-04 7.033619e-02
1925 5.367924e-04 2.473774e-02
1926 1.790907e-04 1.342637e-02
1927 3.255197e-04 1.932985e-02
1928 1.245570e-03 5.643748e-02
1929 3.843046e-04 2.224416e-02
1930 2.889154e-05 4.434821e-03
1931 1.779280e-04 2.819262e-02
1932 1.341624e-04 2.290572e-02
1933 6.474283e-05 8.134308e-03
1934 2.389036e-05 6.581941e-03
1935 2.686711e-04 2.679377e-02
1936 3.283282e-05 1.179635e-02
1937 7.798441e-05 8.874183e-03
1938 1.357010e-04 1.564882e-02
1939 1.740361e-04 2.149799e-02
1940 1.222753e-03 5.103466e-02
1941 5.424941e-05 5.318476e-03
1942 1.142150e-03 3.431981e-02
1943 7.221324e-04 3.820756e-02
1944 4.097813e-04 1.735118e-02
1945 6.600310e-05 7.818278e-03
1946 6.599114e-04 6.562441e-02
1947 8.666816e-05 1.455299e-02
1948 1.237220e-04 1.459013e-02
1949 8.140869e-04 5.461015e-02
1950 1.342227e-04 9.135242e-03
1951 6.860496e-04 2.591281e-02
1952 1.399431e-03 2.728386e-02
1953 1.007318e-04 1.564900e-02
1954 7.360642e-05 7.264551e-03
1955 2.253443e-03 1.127152e-01
1956 1.542198e-03 1.114260e-01
1957 2.491708e-03 1.427770e-01
1958 1.136863e-03 5.888731e-02
1959 1.597059e-05 6.857746e-03
1960 2.364334e-05 6.905149e-03
1961 3.988294e-06 2.875579e-03
1962 8.028750e-06 5.506486e-03
1963 1.949729e-06 1.981086e-03
1964 6.460186e-06 3.245665e-03
1965 1.263346e-04 1.055899e-02
1966 2.888014e-05 9.001802e-03
1967 6.042526e-04 2.885617e-02
1968 2.547935e-05 7.331828e-03
1969 9.207552e-05 1.376123e-02
1970 8.302812e-06 8.868057e-03
1971 9.807761e-05 1.806535e-02
1972 3.466978e-05 6.475453e-03
1973 4.504700e-04 3.812872e-02
1974 2.284496e-04 1.913049e-02
1975 1.937513e-04 1.390518e-02
1976 2.307633e-04 1.345940e-02
1977 6.849388e-04 3.275097e-02
1978 2.106586e-04 1.550947e-02
1979 2.295626e-04 1.558327e-02
1980 7.949974e-05 8.067168e-03
1981 5.052736e-05 9.577765e-03
1982 3.248464e-04 4.463133e-02
1983 1.520827e-03 9.977053e-02
1984 5.301335e-04 5.560500e-02
1985 4.492151e-04 8.066384e-02
1986 2.185090e-04 3.551666e-02
1987 1.238879e-03 1.527993e-01
1988 7.642071e-05 2.545382e-02
1989 2.756411e-04 3.639618e-02
1990 5.323141e-04 6.447192e-02
1991 7.427519e-05 1.039057e-02
1992 1.302326e-04 1.515575e-02
1993 1.762256e-04 2.041517e-02
1994 9.384873e-05 1.319347e-02
1995 1.584144e-04 1.312079e-02
1996 3.082950e-05 9.057754e-03
1997 9.390058e-04 2.746130e-02
1998 1.927343e-03 4.445593e-02
1999 1.840886e-03 4.973351e-02
2000 1.952865e-04 1.784601e-02
