2 3.915335e-04 4.749522e-02
3 1.786762e-03 1.787380e-01
4 9.199452e-04 1.074173e-01
5 1.136632e-03 3.934486e-02
6 5.779185e-03 1.738283e-01
7 3.817474e-04 1.374524e-02
8 7.213091e-04 2.604941e-02
9 2.532504e-05 6.679920e-03
10 1.608623e-04 8.231214e-03
11 1.123907e-03 6.549992e-02
12 4.317034e-05 6.468165e-03
13 8.861247e-04 6.812465e-02
14 3.657648e-04 2.508039e-02
15 9.867994e-05 2.467903e-02
16 7.774876e-04 3.393524e-02
17 1.284620e-04 5.879385e-03
18 3.042938e-04 6.635059e-02
19 7.426334e-04 3.075702e-02
20 7.975222e-04 8.237761e-02
21 8.365389e-04 3.460362e-02
22 3.341006e-04 1.128274e-02
23 2.978947e-03 6.455835e-02
24 1.113881e-03 5.060972e-02
25 7.928849e-05 1.300308e-02
26 1.868642e-03 1.379654e-01
27 3.906460e-04 1.929677e-02
28 1.234288e-04 1.248585e-02
29 4.907883e-03 1.982978e-01
30 2.675135e-05 5.941095e-03
31 3.108709e-04 1.738509e-02
32 1.328856e-03 3.834539e-02
33 9.990133e-05 3.671575e-03
34 4.776183e-05 3.082012e-03
35 7.912794e-04 7.429106e-02
36 2.515135e-04 1.135634e-02
37 1.855505e-03 1.494610e-01
38 1.912939e-03 1.278547e-01
39 3.514752e-03 2.191416e-01
40 6.617044e-04 6.114453e-02
41 5.411428e-05 4.993689e-03
42 1.059856e-03 1.542531e-01
43 4.286373e-05 5.684266e-03
44 1.704750e-05 2.296145e-03
45 1.088848e-05 2.247379e-03
46 4.364936e-06 1.332445e-03
47 3.542247e-05 4.594625e-03
48 5.629722e-05 5.191144e-03
49 4.143733e-05 6.455883e-03
50 1.726316e-04 1.230052e-02
51 1.106680e-05 2.791130e-03
52 3.497229e-05 4.640565e-03
53 2.200489e-05 3.914001e-03
54 1.384651e-05 3.750979e-03
55 1.048330e-05 2.887472e-03
56 1.032992e-04 9.063021e-03
57 1.303757e-04 6.358052e-03
58 1.313156e-06 1.630294e-03
59 4.913215e-05 6.545452e-03
60 2.494605e-06 2.187594e-03
61 1.371740e-05 3.770322e-03
62 1.089924e-06 1.208407e-03
63 1.580295e-05 4.516221e-03
64 4.346486e-05 6.504520e-03
65 8.944417e-06 2.065355e-03
66 2.621024e-05 2.590861e-03
67 2.151696e-05 3.807716e-03
68 7.281388e-05 5.846930e-03
69 4.953253e-05 4.382944e-03
70 1.066951e-03 4.370638e-02
71 5.307371e-06 4.265611e-03
72 8.156120e-05 5.269981e-03
73 1.712285e-05 2.775412e-03
74 6.594713e-06 5.336247e-03
75 3.345296e-05 3.723769e-03
76 4.188412e-05 4.479464e-03
77 3.457044e-06 3.713755e-03
78 8.418095e-05 1.230013e-02
79 3.580180e-05 5.821842e-03
80 8.708004e-04 3.435041e-02
81 9.135867e-06 2.740070e-03
82 7.759965e-04 1.814025e-02
83 1.781504e-05 2.243703e-03
84 1.860183e-04 8.224972e-03
85 4.277763e-05 6.783570e-03
86 1.306877e-04 5.883049e-03
87 6.841673e-04 1.763038e-02
88 1.562188e-06 2.673659e-03
89 1.059786e-04 6.971781e-03
90 7.763666e-04 3.941989e-02
91 8.751369e-05 4.546689e-03
92 5.327596e-04 2.709843e-02
93 1.333699e-04 8.062696e-03
94 6.287197e-05 6.022912e-03
95 1.490878e-05 4.902835e-03
96 4.696615e-05 3.445292e-03
97 2.098192e-05 9.477049e-03
98 2.061685e-05 3.966346e-03
99 1.802554e-03 1.476339e-01
100 1.609694e-03 8.362334e-02
101 9.559789e-04 6.061341e-02
102 4.396734e-05 2.671274e-03
103 1.361669e-03 3.908665e-02
104 1.786703e-05 2.310017e-02
105 2.368439e-04 1.322083e-02
106 4.562128e-04 1.986303e-02
107 8.321857e-05 9.702378e-03
108 8.093220e-04 5.257693e-02
109 1.837320e-04 8.273948e-03
110 2.802656e-05 2.820706e-03
111 5.774608e-05 7.087960e-03
112 2.582520e-04 1.399818e-02
113 3.117238e-04 2.187887e-02
114 2.439472e-05 7.793973e-03
115 1.158306e-04 8.317971e-03
116 8.905608e-04 2.467473e-02
117 3.226860e-05 3.406794e-03
118 8.052929e-06 3.398064e-03
119 2.866633e-03 3.793829e-02
120 3.351160e-04 8.168093e-03
121 6.324370e-05 5.481764e-03
122 4.204835e-05 3.443756e-03
123 1.305259e-04 1.405184e-02
124 1.045910e-04 4.303951e-03
125 7.454047e-04 5.209302e-02
126 1.119447e-05 3.973698e-03
127 3.126214e-05 1.026943e-02
128 2.141872e-03 1.557252e-01
129 2.088032e-03 1.169848e-01
130 7.800646e-04 3.888831e-02
131 1.206353e-03 6.466809e-02
132 1.938314e-04 1.538188e-02
133 6.470354e-03 2.010931e-01
134 1.909111e-04 6.960659e-03
135 3.279172e-04 2.121794e-02
136 2.324048e-06 2.196558e-03
137 6.417352e-05 1.049455e-02
138 1.139522e-05 2.980291e-03
139 3.719847e-05 5.067547e-03
140 1.641760e-04 1.482144e-02
141 2.062866e-05 5.975872e-03
142 4.957407e-04 2.305640e-02
143 6.115276e-04 6.017636e-02
144 3.347633e-04 1.942115e-02
145 6.688631e-04 2.189326e-02
146 3.356888e-05 8.744509e-03
147 2.243123e-04 1.578026e-02
148 3.428352e-05 3.664966e-03
149 1.068297e-03 3.474998e-02
150 4.064018e-04 3.419089e-02
151 7.819577e-05 1.296109e-02
152 2.263430e-04 2.758828e-02
153 4.546946e-05 7.017164e-03
154 4.663433e-05 8.386932e-03
155 2.904163e-05 2.306059e-03
156 1.483115e-04 6.722289e-03
157 6.762949e-05 7.364602e-03
158 6.355121e-07 3.759334e-03
159 9.745670e-05 1.278370e-02
160 2.356706e-05 8.044185e-03
161 4.856525e-05 3.443557e-03
162 1.627156e-04 8.806954e-03
163 1.287970e-04 7.858886e-03
164 2.139062e-05 3.371065e-03
165 3.213065e-06 1.449245e-03
166 8.350179e-06 1.675797e-03
167 4.695661e-05 5.704869e-03
168 1.378586e-05 3.139219e-03
169 1.368668e-04 6.023224e-03
170 6.725226e-05 3.083583e-03
171 2.087012e-04 1.801277e-02
172 6.234798e-04 4.675957e-02
173 3.497879e-04 1.730810e-02
174 8.911840e-04 4.323386e-02
175 1.577894e-06 1.210787e-03
176 6.519918e-05 7.689378e-03
177 5.493643e-06 3.096281e-03
178 9.344773e-06 6.959347e-03
179 7.639271e-06 7.701924e-03
180 1.022840e-06 1.246366e-03
181 8.103805e-04 6.280088e-02
182 4.716140e-05 1.094137e-02
183 9.301057e-05 8.296548e-03
184 5.826236e-05 6.258622e-03
185 1.784209e-06 1.478273e-03
186 2.056081e-04 2.007880e-02
187 1.185347e-03 2.279609e-01
188 1.002526e-04 1.428769e-02
189 3.912039e-05 4.310262e-03
190 2.539143e-05 4.045048e-03
191 7.987547e-06 6.231467e-03
192 2.763663e-05 4.556169e-03
193 2.992477e-05 5.151089e-03
194 2.763663e-05 4.556169e-03
195 1.030446e-04 7.247218e-03
196 1.031655e-04 5.282507e-03
197 1.007140e-04 1.681844e-02
198 7.648313e-05 9.126245e-03
199 5.439943e-05 1.268684e-02
200 4.984882e-04 3.336363e-02
201 7.834816e-04 4.544199e-02
202 8.613608e-05 7.854783e-03
203 6.481788e-04 6.443895e-02
204 5.693075e-06 3.718718e-03
205 1.453907e-05 1.095164e-02
206 2.060425e-04 1.081837e-02
207 9.211249e-05 2.711297e-02
208 7.484589e-04 5.463406e-02
209 1.651114e-04 1.887278e-02
210 4.877075e-04 4.204946e-02
211 3.546144e-04 1.915683e-02
212 1.419305e-05 3.923770e-03
213 9.837898e-05 7.199870e-03
214 9.769460e-05 9.896480e-03
215 2.357778e-05 1.062262e-02
216 3.799833e-04 2.592343e-02
217 9.097153e-06 2.065491e-03
218 1.383938e-05 3.623340e-03
219 1.436118e-05 1.817291e-03
220 3.287916e-04 1.012535e-01
221 1.578814e-05 4.846681e-03
222 7.304952e-05 1.053457e-02
223 6.664921e-04 1.518455e-02
224 2.582498e-06 2.159311e-03
225 3.079847e-06 3.138308e-03
226 5.319600e-05 8.869274e-03
227 5.380349e-06 3.934355e-03
228 2.138465e-05 4.356169e-03
229 5.530816e-05 1.296954e-02
230 1.436256e-03 1.134708e-01
231 6.984142e-07 2.010732e-03
232 1.995442e-03 1.460409e-01
233 4.782085e-05 7.936393e-03
234 1.571388e-05 2.480753e-03
235 6.969327e-06 7.197613e-03
236 6.621640e-05 5.724387e-03
237 5.321218e-04 4.300819e-02
238 9.413690e-06 4.727576e-03
239 2.841473e-05 3.502680e-03
240 5.433223e-05 4.149442e-02
241 2.869028e-03 1.598491e-01
242 1.713776e-04 1.412542e-02
243 1.183863e-05 3.820768e-03
244 7.930004e-06 1.593396e-03
245 2.336958e-06 1.209805e-03
246 8.828897e-04 5.730444e-02
247 9.997389e-05 8.309427e-03
248 4.380437e-04 1.316021e-01
249 3.320164e-04 4.736773e-02
250 1.397713e-03 3.887895e-02
251 1.603295e-06 1.244746e-03
252 2.476432e-05 7.980433e-03
253 1.245725e-05 3.669163e-03
254 1.332729e-04 1.101978e-02
255 2.752294e-05 6.684346e-03
256 1.149599e-06 2.348992e-03
257 6.315937e-06 3.725562e-03
258 2.354273e-04 3.514663e-02
259 1.735054e-06 1.324287e-03
260 1.895396e-05 8.098880e-03
261 4.772496e-05 3.683387e-03
262 4.928449e-06 1.445797e-03
263 8.618510e-06 1.761075e-03
264 8.011846e-05 2.455394e-02
265 2.862503e-04 5.737309e-02
266 6.641765e-05 8.470187e-03
267 7.017608e-05 1.683212e-02
268 5.283133e-05 4.617707e-03
269 7.135518e-04 2.983846e-02
270 4.832311e-06 3.397687e-03
271 2.358317e-05 1.251257e-02
272 2.661626e-05 4.789579e-03
273 5.429281e-04 7.573194e-02
274 8.922767e-07 1.848460e-03
275 2.855584e-04 2.236159e-02
276 6.809851e-05 1.384672e-02
277 3.092703e-06 3.924114e-03
278 1.097021e-04 1.933190e-02
279 9.539460e-06 3.548043e-03
280 4.436372e-05 2.074241e-02
281 2.622190e-04 2.411792e-02
282 3.549824e-06 1.760814e-03
283 5.784969e-06 5.984327e-03
284 3.457352e-06 4.578263e-03
285 6.377076e-05 5.933040e-03
286 2.545381e-05 5.187481e-03
287 1.113911e-05 4.606036e-03
288 3.588631e-06 1.962169e-03
289 3.468558e-03 4.837742e-02
290 5.016108e-07 1.406844e-03
291 6.599977e-05 1.283320e-02
292 1.400422e-03 7.966505e-02
293 1.140257e-05 4.747964e-03
294 2.096779e-05 3.497129e-03
295 8.473940e-05 1.635408e-02
296 7.215435e-04 7.769823e-02
297 1.024083e-04 1.365896e-02
298 9.637107e-06 4.842220e-03
299 3.771772e-06 3.366061e-03
300 8.437481e-05 1.268656e-02
301 1.883941e-03 6.115545e-02
302 1.701931e-05 2.670245e-03
303 3.062208e-05 1.847948e-02
304 1.310451e-04 1.213510e-02
305 7.515730e-05 3.490621e-03
306 3.421497e-05 2.720829e-03
307 2.388657e-04 2.973008e-02
308 1.984380e-05 1.034648e-02
309 2.441232e-04 4.783966e-02
310 3.380308e-05 8.388238e-03
311 4.323714e-05 5.443551e-03
312 2.497123e-05 2.761789e-03
313 1.692008e-03 1.150308e-01
314 2.258063e-05 1.935355e-03
315 4.200214e-06 4.607541e-03
316 4.520667e-04 2.886179e-02
317 2.348024e-03 5.372579e-02
318 1.167321e-03 3.996487e-02
319 1.929941e-04 3.378128e-02
320 1.004111e-04 2.121510e-02
321 4.056280e-04 1.240873e-01
322 4.562238e-06 6.768756e-03
323 9.088628e-05 1.406210e-02
324 1.414103e-05 5.048986e-03
325 3.386717e-05 3.995681e-03
326 2.798743e-04 2.848073e-02
327 2.894347e-03 1.952410e-01
328 1.260790e-03 4.224812e-02
329 5.613251e-04 3.439224e-02
330 2.369585e-05 6.059904e-03
331 5.673156e-05 2.002023e-02
332 2.570230e-03 8.949949e-02
333 9.096805e-05 1.188378e-02
334 1.501515e-04 3.628992e-02
335 5.473320e-06 2.065545e-03
336 7.177359e-05 3.095233e-03
337 9.622613e-05 5.110788e-03
338 9.868992e-05 1.050193e-02
339 1.450487e-03 3.241747e-02
340 9.378294e-05 1.037203e-02
341 1.344075e-04 6.548453e-03
342 1.404064e-05 3.235482e-03
343 3.768345e-04 2.587855e-02
344 3.150009e-05 4.161775e-03
345 1.756179e-03 3.722660e-02
346 5.460533e-04 4.299847e-02
347 1.929065e-05 3.693112e-03
348 2.281000e-04 1.297073e-02
349 3.814984e-05 4.367663e-03
350 1.072948e-05 2.471244e-03
351 3.489686e-03 2.138849e-01
352 1.678488e-03 6.035505e-02
353 1.577894e-06 1.210787e-03
354 6.415672e-04 4.294548e-02
355 1.653583e-04 1.666788e-02
356 1.060836e-04 1.838961e-02
357 1.446409e-04 3.907503e-02
358 1.217247e-05 2.708171e-03
359 1.238407e-04 6.844257e-03
360 1.888696e-04 7.562562e-03
361 2.188078e-04 4.899268e-02
362 5.910825e-04 1.671939e-02
363 7.041610e-05 1.741453e-02
364 6.611112e-04 3.607424e-02
365 2.131768e-04 2.176540e-02
366 1.850749e-04 8.426605e-03
367 1.333724e-04 1.261570e-02
368 7.707192e-05 9.080655e-03
369 6.825967e-05 6.828026e-03
370 6.748528e-05 1.122107e-02
371 5.646998e-04 4.063292e-02
372 4.463090e-05 3.453104e-02
373 1.536573e-04 2.417071e-02
374 1.594005e-05 6.018485e-03
375 2.882016e-06 1.253348e-03
376 8.907287e-06 2.911734e-03
377 8.443509e-04 4.359282e-02
378 8.226674e-05 6.278877e-03
379 1.288336e-05 1.804797e-03
380 1.939431e-04 1.216380e-02
381 1.163799e-03 5.550193e-02
382 6.327919e-05 5.768655e-03
383 5.039646e-04 6.551462e-02
384 5.365182e-05 7.405102e-03
385 1.738075e-03 1.204610e-01
386 1.333652e-04 4.155810e-03
387 5.053561e-04 1.252619e-02
388 2.088218e-05 3.267729e-03
389 7.924253e-05 7.465726e-03
390 6.250347e-06 4.335658e-03
391 9.112740e-05 6.231690e-03
392 1.435978e-04 1.724284e-02
393 1.290480e-05 2.403079e-03
394 4.217573e-03 1.559466e-01
395 2.948891e-06 1.437636e-03
396 4.066278e-04 1.802248e-02
397 1.774639e-04 1.579823e-02
398 7.801220e-06 2.330300e-03
399 5.051265e-05 6.372998e-03
400 9.189006e-03 3.066561e-01
401 9.338218e-05 9.406443e-03
402 1.968416e-03 1.092360e-01
403 1.920311e-04 1.673393e-02
404 1.880847e-04 1.575348e-02
405 2.062120e-05 3.160256e-03
406 1.493476e-03 8.091245e-02
407 4.234689e-04 5.332908e-02
408 1.459474e-03 1.194042e-01
409 4.767453e-04 3.266785e-02
410 4.206616e-05 1.249924e-02
411 8.377389e-05 7.843832e-03
412 1.244795e-04 9.669342e-03
413 1.122041e-03 7.940710e-02
414 5.813038e-05 5.379693e-03
415 5.535489e-06 1.732564e-03
416 7.741881e-04 5.994412e-02
417 1.297952e-05 1.812156e-03
418 2.589857e-04 9.659146e-03
419 3.816359e-03 1.535671e-01
420 1.862262e-05 6.303484e-03
421 5.627340e-05 4.747972e-03
422 5.064731e-05 1.809424e-02
423 4.787998e-05 3.506088e-03
424 1.489778e-04 1.363152e-02
425 1.194347e-05 7.481366e-03
426 2.557446e-05 2.242210e-03
427 7.491536e-04 7.955434e-02
428 7.639328e-05 9.207440e-03
429 6.720406e-04 4.548220e-02
430 4.732259e-06 1.380248e-03
431 4.564503e-06 3.978935e-03
432 7.560767e-04 5.380035e-02
433 1.546786e-06 1.191154e-03
434 2.262235e-05 3.998098e-03
435 1.074699e-05 4.812149e-03
436 2.967359e-06 2.210295e-03
437 2.919018e-04 5.510937e-02
438 2.541005e-05 5.191605e-03
439 1.291980e-05 3.944081e-03
440 3.475389e-06 3.982137e-03
441 2.397149e-04 2.483852e-02
442 1.653336e-05 5.276410e-03
443 1.834550e-05 3.806969e-03
444 4.083554e-04 2.055392e-02
445 3.941933e-04 5.211680e-02
446 9.696029e-05 1.255758e-02
447 9.988565e-06 2.193837e-03
448 5.656583e-06 2.108533e-03
449 3.325620e-06 2.151176e-03
450 7.886683e-06 3.039152e-03
451 2.577399e-06 1.165425e-03
452 1.526005e-05 4.444316e-03
453 1.206467e-05 2.706270e-03
454 1.771476e-04 2.389304e-02
455 1.435320e-03 2.955949e-02
456 1.738829e-05 4.827438e-03
457 2.549444e-04 9.637076e-03
458 7.638522e-05 1.071542e-02
459 1.463460e-04 1.020560e-02
460 1.279805e-05 3.172363e-03
461 2.434243e-04 2.353217e-02
462 9.979951e-04 2.621389e-02
463 1.189057e-04 5.255251e-02
464 1.279826e-05 3.264592e-03
465 2.645930e-06 1.680155e-03
466 6.150629e-06 2.608199e-03
467 2.281830e-04 3.279515e-02
468 1.827758e-05 5.624527e-03
469 3.498464e-04 2.300648e-02
470 1.462437e-04 1.078867e-02
471 1.770927e-04 9.874372e-03
472 2.834014e-05 2.908684e-03
473 4.006066e-05 7.171379e-03
474 1.816704e-05 3.535591e-03
475 6.511639e-05 1.257328e-02
476 1.701967e-06 2.168438e-03
477 1.855392e-04 1.755931e-02
478 8.593230e-07 3.550449e-03
479 1.625499e-06 1.744962e-03
480 3.412216e-05 8.392845e-03
481 3.938947e-05 7.130394e-03
482 1.016308e-03 4.155408e-02
483 2.495876e-06 1.150102e-03
484 3.623403e-06 1.738890e-03
485 9.578169e-04 4.184858e-02
486 2.933798e-05 3.876590e-03
487 3.736209e-04 2.814793e-02
488 1.223367e-05 3.284173e-03
489 3.976359e-05 6.278263e-03
490 3.187942e-04 2.386473e-02
491 1.570720e-05 7.986773e-03
492 2.619434e-05 2.823444e-03
493 8.852414e-06 1.835116e-03
494 4.690315e-04 1.824059e-02
495 5.935790e-04 2.706306e-02
496 2.683806e-04 7.757921e-02
497 1.224263e-03 8.546649e-02
498 6.989841e-04 2.035795e-02
499 6.076615e-05 4.750342e-03
500 1.786409e-05 8.929810e-03
501 6.774679e-04 7.450760e-02
502 1.105324e-04 9.973269e-03
503 2.024551e-04 1.566450e-02
504 7.761418e-04 7.383659e-02
505 2.150212e-05 4.216367e-03
506 2.619776e-05 8.914668e-03
507 3.167776e-05 7.655579e-03
508 1.278446e-04 4.213825e-03
509 3.094711e-03 1.321614e-01
510 2.144744e-05 8.807776e-03
511 1.461964e-05 4.097783e-03
512 4.911691e-06 1.764001e-03
513 1.741930e-04 1.856831e-02
514 2.748693e-05 1.608322e-02
515 4.862987e-04 2.868168e-02
516 4.165266e-04 2.563068e-02
517 7.701425e-05 3.970957e-03
518 1.310698e-05 3.690639e-03
519 6.616549e-05 6.996529e-03
520 7.181052e-07 1.481139e-03
521 2.017890e-04 1.581784e-02
522 3.015802e-06 2.826629e-03
523 3.652271e-05 6.944601e-03
524 3.056988e-04 1.172638e-02
525 3.197447e-04 2.042962e-02
526 1.584729e-04 1.246776e-02
527 1.192200e-03 3.741632e-02
528 4.438101e-05 6.945036e-03
529 2.259595e-04 2.323234e-02
530 6.202149e-05 6.719117e-03
531 3.381821e-07 1.568850e-03
532 4.808780e-05 7.918229e-03
533 9.975312e-06 2.356553e-03
534 3.816485e-04 4.171323e-02
535 8.062947e-04 7.929470e-02
536 1.354923e-04 2.734214e-02
537 1.389148e-03 9.037985e-02
538 4.865915e-04 5.837377e-02
539 4.084881e-04 3.591562e-02
540 4.715404e-05 2.407545e-02
541 6.366677e-04 6.234641e-02
542 1.894966e-05 8.374407e-03
543 8.476145e-06 1.851545e-03
544 1.470353e-04 1.516445e-02
545 5.333176e-05 8.317115e-03
546 9.114557e-05 1.043416e-02
547 6.504283e-04 2.627352e-02
548 1.564107e-05 1.019180e-02
549 2.648377e-04 2.346666e-02
550 1.545712e-05 5.512947e-03
551 2.404530e-05 4.916206e-03
552 1.504374e-05 2.258279e-03
553 1.103329e-05 4.933057e-03
554 2.942686e-06 2.943942e-03
555 3.779583e-04 4.440428e-02
556 2.432026e-05 4.926815e-03
557 2.778257e-04 2.331268e-02
558 3.896825e-05 6.455958e-03
559 1.638918e-04 1.372493e-02
560 4.823446e-06 2.987024e-03
561 1.723092e-04 2.816499e-02
562 2.819954e-06 1.394607e-03
563 5.482495e-03 2.781096e-01
564 7.957047e-03 2.078919e-01
565 1.477081e-05 2.318115e-03
566 7.341344e-05 8.927518e-03
567 1.783793e-04 2.032213e-02
568 7.139064e-04 2.908923e-02
569 4.412974e-05 4.274878e-03
570 3.032414e-04 2.642174e-02
571 2.942098e-04 1.197710e-02
572 1.053856e-04 2.526964e-02
573 3.992029e-04 2.532832e-02
574 1.469288e-05 3.006134e-03
575 1.248227e-05 3.560225e-03
576 6.441044e-05 6.102979e-03
577 1.281936e-06 2.630049e-03
578 7.062103e-06 3.206378e-03
579 9.095451e-05 6.680769e-03
580 1.225258e-05 5.495014e-03
581 3.782880e-04 2.006393e-02
582 2.048741e-04 1.006173e-02
583 7.688744e-04 1.009931e-01
584 3.950324e-04 1.828687e-02
585 3.461693e-04 2.528988e-02
586 3.806234e-04 1.763250e-02
587 2.524489e-05 6.392423e-03
588 2.132181e-04 4.656419e-02
589 5.275279e-05 5.354907e-03
590 4.546221e-05 1.007455e-02
591 1.391542e-04 1.908353e-02
592 1.782669e-03 1.017294e-01
593 7.672039e-05 6.736398e-03
594 5.620132e-04 4.925319e-02
595 1.614473e-05 3.889845e-03
596 1.793268e-06 1.271507e-03
597 8.217270e-06 1.681446e-03
598 1.501554e-04 1.172008e-02
599 8.396418e-05 7.680127e-03
600 8.745835e-06 2.712883e-03
601 3.242754e-05 3.290634e-03
602 3.146956e-04 5.750618e-03
603 2.490204e-04 1.357370e-02
604 2.337855e-06 1.926061e-03
605 3.168199e-04 1.486422e-02
606 5.301385e-05 9.844393e-03
607 2.342116e-05 4.505890e-03
608 5.164442e-05 4.683219e-03
609 7.268660e-05 9.155079e-03
610 7.451284e-05 7.080906e-03
611 2.677827e-06 2.313157e-03
612 1.400115e-04 2.477160e-02
613 1.565914e-05 4.914305e-03
614 1.735453e-05 4.484141e-03
615 2.017186e-05 5.583079e-03
616 5.696686e-05 5.110717e-03
617 4.104048e-05 1.113608e-02
618 2.245712e-05 7.574122e-03
619 4.680672e-05 3.396649e-03
620 1.368911e-05 3.459038e-03
621 1.648654e-05 2.388771e-03
622 5.813816e-04 1.630873e-02
623 6.211884e-05 5.288191e-03
624 1.818949e-05 2.648154e-03
625 2.849751e-05 8.414710e-03
626 5.319683e-05 4.323746e-03
627 7.860499e-06 3.087656e-03
628 5.675330e-05 5.796364e-03
629 4.390547e-06 1.438531e-03
630 3.835512e-05 3.892048e-03
631 4.871939e-05 5.713633e-03
632 1.686570e-06 1.144277e-03
633 1.354973e-03 5.174459e-02
634 1.405534e-04 7.670055e-03
635 2.055962e-05 7.917071e-03
636 1.789193e-04 1.742462e-02
637 4.364801e-05 9.445068e-03
638 2.307137e-06 1.996249e-03
639 1.117185e-06 1.503757e-03
640 1.612006e-06 2.292854e-03
641 1.003731e-06 1.424244e-03
642 8.859421e-06 4.614674e-03
643 1.383432e-04 5.571161e-02
644 1.677369e-04 2.124331e-02
645 2.632925e-04 1.509012e-02
646 1.239444e-04 1.146939e-02
647 6.153954e-05 3.230237e-03
648 1.962702e-04 1.240371e-02
649 1.930944e-03 7.732972e-02
650 2.973502e-05 2.844450e-03
651 8.735497e-06 7.897970e-03
652 1.182532e-04 2.228332e-02
653 5.848462e-06 4.590638e-03
654 1.729172e-05 2.735867e-03
655 4.695787e-05 5.849124e-03
656 6.149435e-06 2.484658e-03
657 1.489102e-04 7.537181e-03
658 1.700159e-04 9.561279e-03
659 4.177213e-05 5.352733e-03
660 4.130840e-04 2.566490e-02
661 3.007696e-05 4.712952e-03
662 4.748934e-05 2.091257e-02
663 3.180388e-03 1.109896e-01
664 1.472520e-04 1.759552e-02
665 2.227431e-05 8.017864e-03
666 3.980370e-05 7.151288e-03
667 3.501606e-05 1.932880e-03
668 2.569392e-04 1.263379e-02
669 1.442384e-04 2.989287e-02
670 8.605728e-05 7.411522e-03
671 1.309854e-04 1.260008e-02
672 1.009166e-04 1.915893e-02
673 2.245724e-05 7.060799e-03
674 3.308475e-06 1.680543e-03
675 1.212233e-03 4.852943e-02
676 1.593684e-05 2.231827e-03
677 6.403653e-07 1.328790e-03
678 2.195553e-05 3.885892e-03
679 3.185341e-04 5.628515e-02
680 2.777229e-04 1.411954e-02
681 8.178222e-05 8.404534e-03
682 9.515520e-06 4.934144e-03
683 1.575882e-04 2.320962e-02
684 1.260092e-04 1.217227e-02
685 5.471728e-07 2.133715e-03
686 1.650119e-04 1.246403e-02
687 4.089460e-03 1.460937e-01
688 9.630980e-05 1.508011e-02
689 5.655183e-05 8.869980e-03
690 3.880164e-06 1.862113e-03
691 1.227203e-04 1.548288e-02
692 1.711992e-05 2.373893e-03
693 2.120918e-04 1.271520e-02
694 2.962098e-04 2.012455e-02
695 4.952529e-04 2.277345e-02
696 3.215112e-03 1.314503e-01
697 7.808379e-06 6.726369e-03
698 7.649180e-04 9.766265e-02
699 1.894755e-06 1.465484e-03
700 6.840276e-05 3.293837e-02
701 1.569407e-04 7.102245e-03
702 9.810036e-07 1.197571e-03
703 1.192578e-05 3.072174e-03
704 2.699638e-06 1.260642e-03
705 1.615832e-04 1.210881e-02
706 7.918434e-06 1.465939e-03
707 1.736796e-04 1.113775e-02
708 4.398995e-06 4.880646e-03
709 8.146274e-06 2.729960e-03
710 5.060781e-05 4.374826e-03
711 6.623210e-07 1.174086e-03
712 1.668115e-05 3.899213e-03
713 5.565740e-05 4.025627e-03
714 1.156270e-06 2.397636e-03
715 2.967773e-05 7.161941e-03
716 5.412629e-05 6.520752e-03
717 2.833537e-05 3.234896e-03
718 8.351153e-07 2.623367e-03
719 8.752125e-04 5.584248e-02
720 4.788096e-07 1.180604e-03
721 1.379664e-05 1.641193e-03
722 1.449696e-06 2.692302e-03
723 6.409791e-05 1.269056e-02
724 9.623917e-06 2.384690e-03
725 2.319037e-06 1.380312e-03
726 1.064718e-04 1.455186e-02
727 7.690706e-06 4.188593e-03
728 3.676502e-05 3.940271e-03
729 1.176707e-05 6.573377e-03
730 1.170105e-05 1.722884e-03
731 2.679735e-04 3.743449e-02
732 6.563504e-07 1.341600e-03
733 2.686140e-07 9.119299e-04
734 4.727339e-06 2.632730e-03
735 1.895384e-06 3.064612e-03
736 1.338252e-05 5.267183e-03
737 7.358584e-07 1.339415e-03
738 4.824911e-04 2.449079e-02
739 1.083115e-05 2.878233e-03
740 1.080226e-04 8.011729e-03
741 6.716578e-05 6.724299e-03
742 7.947180e-05 6.783643e-03
743 1.429980e-03 6.842132e-02
744 2.656639e-06 2.477314e-03
745 1.130305e-05 2.254752e-03
746 1.156055e-04 6.395596e-03
747 7.073605e-06 4.870304e-03
748 1.982598e-04 1.879225e-02
749 9.244721e-04 8.326263e-02
750 3.379624e-05 2.802211e-03
751 3.286151e-05 7.392104e-03
752 3.685741e-06 1.799201e-03
753 7.232444e-06 2.753288e-03
754 4.255837e-04 3.944150e-02
755 8.874755e-05 5.124465e-03
756 7.302382e-05 5.937290e-03
757 4.702695e-06 1.370297e-03
758 2.026613e-05 7.799747e-03
759 8.061077e-05 2.600534e-03
760 1.333383e-05 1.881615e-03
761 5.577476e-05 5.020945e-03
762 1.075346e-04 7.121444e-03
763 2.666382e-06 1.912368e-03
764 3.163426e-05 8.617556e-03
765 1.110305e-05 1.029691e-02
766 4.008499e-05 4.177116e-03
767 1.550208e-05 5.017052e-03
768 9.842807e-05 5.517942e-03
769 2.959412e-05 6.141308e-03
770 2.864904e-04 1.773382e-02
771 1.809462e-05 2.822120e-03
772 2.393914e-06 1.505734e-03
773 1.850151e-04 1.273851e-02
774 1.257893e-05 1.600909e-03
775 2.010788e-04 7.465248e-03
776 1.935292e-04 1.162551e-02
777 1.362251e-04 5.066444e-03
778 9.382366e-05 1.773446e-02
779 1.461464e-04 2.468083e-02
780 2.451366e-05 8.109583e-03
781 2.902684e-04 8.462182e-03
782 2.282721e-05 2.222307e-03
783 3.178337e-05 4.555883e-03
784 1.618974e-05 5.615858e-03
785 5.114832e-05 4.099603e-03
786 4.130011e-05 1.333241e-02
787 1.568995e-04 7.657399e-03
788 1.071702e-04 7.505473e-03
789 4.318922e-06 1.228301e-03
790 2.411729e-04 1.416166e-02
791 5.631321e-05 4.537266e-03
792 3.237618e-05 3.469879e-03
793 6.875406e-05 5.542853e-03
794 3.452972e-05 3.289769e-03
795 4.977420e-03 2.109727e-01
796 5.228103e-06 3.036570e-03
797 1.263023e-03 4.954510e-02
798 1.122165e-03 4.159194e-02
799 1.376987e-05 3.046771e-03
800 5.902376e-05 5.213887e-03
801 2.649114e-05 3.532606e-03
802 1.401824e-04 2.506000e-02
803 5.619758e-05 1.410523e-02
804 6.701571e-05 5.797885e-03
805 3.636847e-05 3.372684e-03
806 2.271855e-04 1.677329e-02
807 1.361178e-04 3.485273e-02
808 2.906120e-05 2.442473e-03
809 8.791359e-04 3.233404e-02
810 2.786209e-05 4.856378e-03
811 4.326818e-04 1.297504e-02
812 2.982340e-05 5.706466e-03
813 5.322306e-06 5.217002e-03
814 5.445976e-06 7.043557e-03
815 1.394082e-04 1.162497e-02
816 1.290218e-04 1.099775e-02
817 2.574514e-03 7.169652e-02
818 2.859904e-05 2.669199e-03
819 1.169491e-03 4.539281e-02
820 2.009782e-04 1.324549e-02
821 1.516661e-04 1.790329e-02
822 3.276983e-06 3.437833e-03
823 5.758541e-05 8.113299e-03
824 6.336978e-05 1.182696e-02
825 1.621446e-04 1.445475e-02
826 3.205187e-05 4.068063e-03
827 2.451684e-06 3.096173e-03
828 1.952174e-04 1.392146e-02
829 2.443552e-05 5.371044e-03
830 5.237695e-04 4.042179e-02
831 3.611378e-05 4.483355e-03
832 7.249811e-05 3.473066e-03
833 2.545131e-04 1.589513e-02
834 1.764606e-04 1.491756e-02
835 4.280729e-06 2.083685e-03
836 1.209409e-06 9.798434e-04
837 2.342684e-05 1.265997e-02
838 7.831469e-06 2.320725e-03
839 2.368731e-05 1.261526e-02
840 7.746229e-05 2.015742e-02
841 7.605788e-05 9.820570e-03
842 1.135282e-03 1.100419e-01
843 1.785463e-04 9.356412e-03
844 7.907213e-05 2.068354e-02
845 1.782940e-04 2.349706e-02
846 1.443862e-05 5.394029e-03
847 2.294119e-05 5.388280e-03
848 3.007226e-04 4.388147e-02
849 1.343645e-05 4.909760e-03
850 2.718140e-03 9.016636e-02
851 3.073345e-05 6.654451e-03
852 3.518260e-04 5.159346e-02
853 1.942637e-04 3.769088e-02
854 4.122922e-04 3.685971e-02
855 5.676958e-04 6.915666e-02
856 1.408194e-04 1.225104e-02
857 5.483231e-04 3.413162e-02
858 8.535503e-05 1.314243e-02
859 3.783843e-06 3.765790e-03
860 2.582537e-04 2.114495e-02
861 9.192048e-07 1.589529e-03
862 1.788480e-05 1.496851e-02
863 1.544423e-04 8.036217e-03
864 1.227081e-05 6.251079e-03
865 2.354952e-04 2.534016e-02
866 7.793517e-04 5.081842e-02
867 1.605141e-03 8.651584e-02
868 4.011224e-05 4.769166e-03
869 3.682173e-05 2.951771e-02
870 3.888696e-05 3.405199e-02
871 5.777000e-05 1.730854e-02
872 5.521726e-04 1.040455e-01
873 2.822934e-04 4.899151e-02
874 1.537697e-03 2.617712e-02
875 3.973614e-05 3.226346e-03
876 1.959558e-07 1.059874e-03
877 2.419021e-05 8.674167e-03
878 6.058095e-04 8.767807e-02
879 5.787413e-04 1.797948e-02
880 5.026412e-05 7.092998e-03
881 1.044460e-05 2.136626e-03
882 4.983927e-04 3.225114e-02
883 1.401517e-03 5.200946e-02
884 1.039435e-03 3.149682e-02
885 1.070026e-04 2.604578e-02
886 4.509978e-05 7.172056e-03
887 4.405674e-05 9.812126e-03
888 5.698764e-05 1.010696e-02
889 1.778698e-04 1.684267e-02
890 1.959441e-04 1.800859e-02
891 1.721852e-03 9.528509e-02
892 7.227378e-06 2.737645e-03
893 8.655466e-05 2.533092e-02
894 2.021476e-05 5.046826e-03
895 3.122228e-04 1.421466e-02
896 1.150144e-04 5.010159e-02
897 3.641259e-04 2.728957e-02
898 4.399002e-05 4.570055e-03
899 2.587254e-05 1.231752e-02
900 8.122260e-05 1.052123e-02
901 4.516313e-04 1.905766e-02
902 2.220572e-06 1.911066e-03
903 3.253473e-04 1.434109e-02
904 1.385818e-05 2.068825e-02
905 4.751471e-05 5.709120e-03
906 1.364213e-05 7.147081e-03
907 8.504392e-06 1.770707e-03
908 6.113074e-06 8.612196e-03
909 1.732261e-04 1.270114e-02
910 8.726190e-05 6.667626e-03
911 1.407336e-04 1.612791e-02
912 1.382700e-05 9.118431e-03
913 1.280514e-05 3.129253e-03
914 8.645552e-06 7.216960e-03
915 1.962005e-04 1.147199e-02
916 3.620661e-06 2.753074e-03
917 1.800328e-06 2.338892e-03
918 7.700938e-06 2.529737e-03
919 1.943929e-03 6.820823e-02
920 4.424140e-06 6.344331e-03
921 2.385459e-05 2.467082e-03
922 6.886910e-05 1.184798e-02
923 3.779894e-06 5.047786e-03
924 6.648879e-04 5.056619e-02
925 2.159722e-04 2.601522e-02
926 2.247464e-04 1.997271e-02
927 3.092532e-04 4.385210e-02
928 1.665726e-04 3.580963e-02
929 2.266548e-04 2.111868e-02
930 5.302526e-05 2.453262e-02
931 6.439264e-05 9.579988e-03
932 1.470936e-04 1.396652e-02
933 2.918136e-06 2.818944e-03
934 1.218921e-05 4.453246e-03
935 1.892089e-05 3.233935e-03
936 6.535691e-05 1.427346e-02
937 8.141999e-06 5.532127e-03
938 1.726361e-05 1.965677e-03
939 5.299200e-05 6.011208e-03
940 1.016747e-03 4.775527e-02
941 1.539541e-05 2.483588e-03
942 1.027871e-03 4.026421e-02
943 2.467003e-05 1.588076e-02
944 9.408265e-07 1.948276e-03
945 1.387694e-04 6.762868e-03
946 1.904544e-06 2.069457e-03
947 4.876756e-05 1.428121e-02
948 2.896920e-07 1.473793e-03
949 9.661824e-05 1.310663e-02
950 4.065381e-04 4.295269e-02
951 3.281947e-04 2.513897e-02
952 4.925651e-04 2.334189e-02
953 1.004569e-06 2.401777e-03
954 1.502076e-04 2.277993e-02
955 8.724217e-06 3.238691e-03
956 8.422391e-05 5.225693e-03
957 9.644646e-05 1.098013e-02
958 8.007330e-05 7.541996e-03
959 1.005560e-04 1.340398e-02
960 1.209471e-06 2.370130e-03
961 3.483272e-05 8.628847e-03
962 9.016556e-06 1.028137e-02
963 2.872269e-05 3.195207e-03
964 2.366674e-06 1.614975e-03
965 4.910359e-05 5.866928e-03
966 1.664922e-05 3.868435e-03
967 2.969050e-05 5.020888e-03
968 5.484023e-05 5.370501e-03
969 1.868232e-04 1.206687e-02
970 3.071063e-05 7.286470e-03
971 9.146112e-06 5.554352e-03
972 2.072821e-04 1.922527e-02
973 3.019986e-05 4.953551e-03
974 8.286991e-06 3.276801e-03
975 1.475108e-04 1.847747e-02
976 1.090004e-03 2.893704e-02
977 2.543473e-05 3.926859e-03
978 8.190673e-05 1.330662e-02
979 4.491426e-06 2.181112e-03
980 5.781731e-05 1.027837e-02
981 4.118233e-05 8.710232e-03
982 2.325089e-06 1.230071e-03
983 2.585729e-05 3.163391e-03
984 1.211987e-04 1.309647e-02
985 2.520164e-04 4.611023e-02
986 2.632544e-03 7.661619e-02
987 7.401387e-06 5.718974e-03
988 9.595620e-07 1.926942e-03
989 1.199541e-04 7.396464e-03
990 4.059552e-06 1.862433e-03
991 2.090608e-03 9.332015e-02
992 2.562632e-05 3.985425e-03
993 7.438276e-06 7.966747e-03
994 2.717110e-07 1.337042e-03
995 4.390427e-05 1.337494e-02
996 2.123174e-03 7.224832e-02
997 3.144408e-05 5.290334e-03
998 1.649391e-05 2.594847e-03
999 9.275855e-05 1.028013e-02
1000 2.717110e-07 1.337042e-03
1001 1.890989e-05 8.053379e-03
1002 2.314971e-04 3.916103e-02
1003 4.579533e-05 7.311413e-03
1004 1.304445e-04 2.621039e-02
1005 1.252622e-05 1.582255e-03
1006 8.958880e-04 5.180887e-02
1007 4.739076e-06 2.656082e-03
1008 1.053382e-05 4.504261e-03
1009 5.558224e-06 1.773735e-03
1010 1.049186e-04 7.013931e-03
1011 5.619880e-05 1.561907e-02
1012 6.547988e-04 8.645925e-02
1013 1.345803e-05 8.398584e-03
1014 3.622299e-05 4.598317e-03
1015 2.156059e-04 2.241395e-02
1016 5.541498e-05 4.907449e-03
1017 4.692092e-04 9.729781e-03
1018 3.904849e-04 4.855691e-02
1019 2.649328e-06 1.829273e-03
1020 1.677514e-05 1.060092e-02
1021 9.865253e-05 1.058492e-02
1022 1.086663e-06 1.376965e-03
1023 1.094994e-04 1.231789e-02
1024 8.522305e-05 6.460586e-03
1025 1.126217e-06 1.498615e-03
1026 1.429013e-06 1.913470e-03
1027 2.512495e-05 6.531694e-03
1028 3.124659e-04 7.242775e-02
1029 1.169066e-05 3.362432e-03
1030 9.483459e-06 2.478725e-03
1031 8.100253e-05 7.057487e-03
1032 2.661636e-03 8.864466e-02
1033 3.106929e-06 1.450790e-03
1034 7.034455e-05 1.062599e-02
1035 1.205227e-04 9.460463e-03
1036 4.964243e-04 2.044770e-02
1037 1.419764e-06 2.981445e-03
1038 1.472053e-05 2.610308e-03
1039 3.578364e-05 4.461930e-03
1040 4.231996e-06 2.768406e-03
1041 6.079166e-04 4.301695e-02
1042 5.348284e-05 4.227584e-03
1043 9.627218e-07 1.208527e-03
1044 6.448764e-06 2.512449e-03
1045 4.753128e-06 2.201355e-03
1046 1.897359e-07 1.273012e-03
1047 2.881614e-06 1.212086e-03
1048 3.467359e-06 4.207451e-03
1049 9.539390e-07 1.123329e-03
1050 2.604355e-03 1.218114e-01
1051 7.486703e-05 2.596220e-02
1052 7.836169e-06 1.837390e-03
1053 1.778556e-05 5.124842e-03
1054 5.629666e-06 1.698095e-03
1055 9.539390e-07 1.123329e-03
1056 1.445086e-04 5.715130e-03
1057 6.888249e-05 7.356409e-03
1058 3.196012e-06 1.421896e-03
1059 1.273915e-04 1.439544e-02
1060 6.803763e-06 1.314127e-03
1061 1.858261e-05 1.717975e-03
1062 6.192328e-07 1.122434e-03
1063 8.453979e-05 2.125348e-02
1064 4.108219e-04 1.689658e-02
1065 1.490100e-06 1.778868e-03
1066 2.380601e-06 1.124066e-03
1067 1.170385e-04 9.555438e-03
1068 8.470185e-06 1.504821e-03
1069 1.672032e-05 2.048030e-03
1070 1.689276e-06 1.136421e-03
1071 5.149750e-06 1.435855e-03
1072 9.353955e-06 2.291510e-03
1073 2.319330e-06 1.266471e-03
1074 3.736844e-06 1.787843e-03
1075 7.582739e-06 3.402020e-03
1076 1.683207e-05 2.756169e-03
1077 1.317264e-05 3.736175e-03
1078 1.307194e-04 7.105451e-03
1079 3.130054e-05 3.432698e-03
1080 2.102165e-04 2.228803e-02
1081 4.473235e-04 2.268393e-02
1082 9.882347e-06 2.796571e-03
1083 1.256858e-05 2.254552e-03
1084 1.607990e-06 1.151419e-03
1085 6.923514e-06 1.442215e-03
1086 1.029299e-05 2.550815e-03
1087 1.116428e-06 1.288608e-03
1088 2.595521e-05 2.464014e-03
1089 1.707255e-06 1.229550e-03
1090 2.470487e-06 1.166334e-03
1091 7.340015e-06 1.387425e-03
1092 7.540530e-06 1.543063e-03
1093 1.992879e-04 1.179091e-02
1094 1.310986e-04 7.589191e-03
1095 8.504728e-06 2.044684e-03
1096 1.474754e-04 1.186651e-02
1097 2.718610e-04 3.195056e-02
1098 1.410012e-05 7.411818e-03
1099 1.268945e-05 3.293724e-03
1100 9.250248e-07 1.096995e-03
1101 3.912299e-04 1.819515e-02
1102 5.216667e-05 1.009559e-02
1103 1.164462e-05 3.134229e-03
1104 1.799424e-04 1.730130e-02
1105 2.609875e-06 2.031257e-03
1106 3.118504e-04 2.032780e-02
1107 7.186985e-06 2.386322e-03
1108 3.831398e-05 6.103758e-03
1109 1.203040e-06 1.784958e-03
1110 2.604010e-05 7.071323e-03
1111 5.885100e-06 1.839151e-03
1112 1.024026e-06 1.768808e-03
1113 5.831863e-05 1.151484e-02
1114 1.117583e-04 7.570652e-03
1115 4.911628e-04 1.955798e-02
1116 3.188102e-07 1.960940e-03
1117 6.895276e-04 2.727516e-02
1118 2.602399e-05 4.431363e-03
1119 7.693244e-05 2.126212e-02
1120 4.810993e-04 2.834186e-02
1121 3.089013e-05 3.998511e-03
1122 8.933133e-05 1.165851e-02
1123 1.467629e-05 2.929471e-03
1124 2.256768e-05 1.222967e-02
1125 9.384310e-06 3.184396e-03
1126 1.356508e-05 6.274865e-03
1127 6.332084e-06 4.103153e-03
1128 3.378615e-04 3.408675e-02
1129 2.592463e-05 3.629005e-03
1130 7.613044e-05 1.002381e-02
1131 5.113884e-04 2.934545e-02
1132 6.598090e-05 4.380715e-03
1133 7.701501e-06 1.909486e-03
1134 2.022458e-04 7.317313e-03
1135 4.176347e-05 5.401186e-03
1136 2.940876e-04 1.102050e-02
1137 1.065190e-04 1.551136e-02
1138 7.474488e-07 1.850145e-03
1139 7.740000e-05 4.214549e-03
1140 1.082220e-06 2.125387e-03
1141 8.789748e-06 4.193015e-03
1142 1.600878e-04 1.293964e-02
1143 3.174018e-04 4.360470e-02
1144 3.002995e-05 5.998604e-03
1145 1.248359e-04 1.882343e-02
1146 7.801957e-04 5.466123e-02
1147 2.785919e-04 2.515837e-02
1148 2.655726e-06 2.329778e-03
1149 3.316722e-04 2.094443e-02
1150 4.826147e-06 2.279033e-03
1151 8.451742e-05 9.171559e-03
1152 6.199460e-04 2.266754e-02
1153 1.444872e-05 4.980285e-03
1154 3.692535e-06 1.839452e-03
1155 1.326559e-03 4.144779e-02
1156 1.495503e-05 2.168390e-03
1157 2.137591e-04 1.322764e-02
1158 1.329587e-05 3.704628e-03
1159 8.005196e-07 1.494414e-03
1160 4.493762e-06 2.455094e-03
1161 2.195080e-04 1.356738e-02
1162 1.046508e-03 5.142824e-02
1163 4.696192e-05 3.148611e-03
1164 3.619709e-04 3.848705e-02
1165 4.226623e-03 1.039645e-01
1166 2.124664e-05 4.382372e-03
1167 1.045749e-03 4.557983e-02
1168 4.965449e-05 8.319337e-03
1169 2.696537e-05 7.439528e-03
1170 1.742737e-05 5.399193e-03
1171 4.590859e-05 8.620877e-03
1172 5.565305e-04 4.213225e-02
1173 5.394574e-07 1.093850e-03
1174 1.520448e-03 6.032609e-02
1175 1.458683e-04 8.170467e-03
1176 5.584251e-06 1.704791e-03
1177 1.873762e-04 2.045263e-02
1178 1.047157e-03 5.864569e-02
1179 1.335691e-04 1.043941e-02
1180 2.307129e-05 5.716529e-03
1181 5.062496e-06 1.332322e-03
1182 1.975350e-05 7.041972e-03
1183 3.488010e-04 1.545882e-02
1184 1.605274e-04 1.235767e-02
1185 2.287644e-05 9.598457e-03
1186 3.129875e-04 1.535318e-02
1187 3.860029e-05 3.040235e-03
1188 2.153328e-06 1.808839e-03
1189 1.421590e-05 2.153082e-03
1190 6.516510e-07 1.977105e-03
1191 2.659875e-06 2.122220e-03
1192 4.080709e-04 7.564949e-02
1193 3.068174e-06 3.123758e-03
1194 1.389986e-04 1.712808e-02
1195 6.976000e-04 2.701226e-02
1196 1.419275e-05 4.651253e-03
1197 1.896396e-05 2.874564e-03
1198 1.261391e-05 1.578866e-03
1199 2.255306e-04 1.869063e-02
1200 1.397670e-03 3.452524e-02
1201 3.681415e-07 1.117334e-03
1202 4.785837e-05 5.688782e-03
1203 2.698899e-04 2.313910e-02
1204 1.613265e-05 3.745036e-03
1205 2.337579e-07 1.936356e-03
1206 3.164077e-04 3.995132e-02
1207 1.633158e-05 3.125928e-03
1208 1.163635e-05 3.298228e-03
1209 2.868835e-04 2.795748e-02
1210 2.488582e-04 7.009471e-03
1211 1.366957e-04 1.172777e-02
1212 1.700755e-05 2.584598e-03
1213 3.202206e-05 4.534984e-03
1214 3.733072e-05 2.794830e-03
1215 4.176826e-06 2.168578e-03
1216 1.753190e-06 2.150137e-03
1217 1.385255e-04 2.521597e-02
1218 4.340499e-05 4.039019e-03
1219 1.343245e-04 4.095271e-03
1220 1.137249e-04 1.672336e-02
1221 7.624410e-05 1.421010e-02
1222 5.172373e-05 2.072421e-02
1223 6.657230e-05 1.573855e-02
1224 2.726352e-05 7.822763e-03
1225 1.018382e-05 2.004754e-03
1226 3.026582e-06 1.390117e-03
1227 2.101186e-05 3.916102e-03
1228 6.666423e-05 6.437042e-03
1229 1.552851e-04 1.030767e-02
1230 3.139516e-05 5.987123e-03
1231 8.168299e-05 2.451875e-02
1232 1.351727e-05 5.257175e-03
1233 1.481250e-04 9.001788e-03
1234 4.739784e-06 7.488287e-03
1235 2.190813e-04 4.033534e-02
1236 8.641413e-06 4.374740e-03
1237 1.289802e-03 9.246814e-02
1238 8.774296e-05 9.987243e-03
1239 2.901172e-05 5.311956e-03
1240 1.184679e-05 2.931362e-03
1241 1.850069e-05 2.100480e-03
1242 1.769552e-03 9.027475e-02
1243 3.124606e-04 1.918418e-02
1244 1.749361e-05 2.927824e-03
1245 4.376604e-05 4.476069e-03
1246 2.775823e-06 1.941985e-03
1247 1.222946e-05 3.247139e-03
1248 2.182876e-04 2.180202e-02
1249 2.695901e-05 9.408048e-03
1250 9.440897e-06 5.936630e-03
1251 1.814149e-04 1.064511e-02
1252 2.366868e-05 4.119219e-03
1253 1.244749e-03 9.904303e-02
1254 1.017806e-05 4.897207e-03
1255 1.280806e-04 8.749418e-03
1256 2.157869e-05 1.916074e-03
1257 5.817638e-04 4.488558e-02
1258 1.887139e-05 3.897980e-03
1259 1.636792e-04 1.403570e-02
1260 1.437266e-03 7.204238e-02
1261 1.178400e-05 3.751751e-03
1262 1.000070e-04 8.338211e-03
1263 4.714000e-04 3.064716e-02
1264 2.652729e-04 2.208146e-02
1265 2.043534e-05 7.730718e-03
1266 8.821374e-05 2.787636e-02
1267 1.559699e-04 1.334495e-02
1268 2.044190e-05 8.657049e-03
1269 2.310583e-05 7.852025e-03
1270 3.020715e-03 8.117769e-02
1271 3.821861e-04 1.936584e-02
1272 1.031379e-06 1.241322e-03
1273 1.817210e-04 1.533772e-02
1274 3.718588e-05 1.567393e-02
1275 1.874381e-04 1.539299e-02
1276 3.825836e-04 2.035984e-02
1277 5.166715e-04 3.977532e-02
1278 5.992875e-04 3.962963e-02
1279 4.217751e-06 2.036271e-03
1280 7.225964e-04 5.113044e-02
1281 3.433238e-05 3.721375e-03
1282 2.500866e-04 7.416366e-03
1283 5.346830e-05 1.561401e-02
1284 6.286233e-05 2.724945e-03
1285 5.797190e-04 1.833919e-02
1286 9.109183e-06 3.052735e-03
1287 1.274069e-04 8.055434e-03
1288 3.184229e-04 9.250306e-03
1289 1.007055e-04 7.309761e-03
1290 7.243754e-05 2.206232e-02
1291 7.076658e-05 4.229652e-03
1292 8.853156e-04 1.208646e-01
1293 5.074663e-06 3.155297e-03
1294 1.389039e-05 4.590948e-03
1295 5.784268e-06 2.889689e-03
1296 8.697555e-05 1.108042e-02
1297 2.518711e-04 3.727200e-02
1298 1.626515e-05 8.986637e-03
1299 3.866276e-05 2.743975e-03
1300 1.601951e-05 2.432306e-03
1301 1.925692e-06 2.897555e-03
1302 3.545321e-04 2.136805e-02
1303 1.955636e-05 6.227797e-03
1304 4.172075e-05 5.208295e-03
1305 1.018548e-04 1.347138e-02
1306 9.906085e-05 3.554921e-03
1307 1.538071e-05 3.990983e-03
1308 3.293409e-06 2.351218e-03
1309 3.180644e-04 2.797589e-02
1310 1.873805e-06 1.384599e-03
1311 1.143414e-03 8.846543e-02
1312 4.238081e-04 5.383583e-02
1313 1.978780e-06 1.615118e-03
1314 2.685818e-05 4.449847e-03
1315 1.118940e-05 2.295750e-03
1316 9.121637e-06 1.772947e-03
1317 2.988116e-06 1.302167e-03
1318 8.991497e-05 2.706397e-02
1319 1.006122e-03 6.844474e-02
1320 6.380362e-06 3.344723e-03
1321 6.258148e-05 1.086563e-02
1322 4.153574e-07 1.122304e-03
1323 9.025293e-06 1.748264e-03
1324 2.952137e-04 1.120318e-02
1325 2.408943e-05 8.836872e-03
1326 1.018522e-05 4.059261e-03
1327 2.067889e-04 1.459592e-02
1328 1.497451e-05 2.157894e-03
1329 5.245303e-05 5.931062e-03
1330 3.227384e-05 6.607848e-03
1331 4.194638e-06 1.963918e-03
1332 1.941327e-06 1.370725e-03
1333 7.551987e-05 4.421784e-03
1334 8.886083e-05 6.355110e-03
1335 1.101927e-04 1.005215e-02
1336 8.712924e-06 3.018748e-03
1337 9.918506e-05 3.782828e-03
1338 3.496227e-05 3.423194e-03
1339 2.047978e-04 1.074984e-02
1340 4.184456e-05 4.572541e-03
1341 2.071426e-03 5.062973e-02
1342 1.402575e-05 1.838941e-03
1343 1.400115e-05 1.812358e-03
1344 3.324966e-06 3.090014e-03
1345 3.118785e-05 1.197739e-02
1346 6.418127e-05 6.546876e-03
1347 1.408599e-06 1.316425e-03
1348 1.320735e-05 6.364542e-03
1349 3.561862e-04 7.672491e-02
1350 1.254972e-04 5.946806e-03
1351 3.269351e-05 4.357942e-03
1352 7.534011e-05 6.820894e-03
1353 8.101223e-05 8.024239e-03
1354 1.155761e-05 4.337283e-03
1355 4.989379e-05 5.610591e-03
1356 9.238942e-05 1.066522e-02
1357 2.320351e-05 5.480040e-03
1358 3.018209e-05 3.653506e-03
1359 3.888797e-06 1.934049e-03
1360 1.960411e-05 3.449887e-03
1361 2.842959e-05 4.825525e-03
1362 1.428777e-04 6.609441e-03
1363 2.029960e-05 4.544134e-03
1364 1.774881e-04 1.559135e-02
1365 2.770908e-06 4.098289e-03
1366 9.023391e-06 3.718633e-03
1367 7.657312e-06 1.586794e-03
1368 2.171592e-04 2.729517e-02
1369 3.101210e-07 2.448384e-03
1370 9.988817e-07 1.546446e-03
1371 9.732818e-05 1.086521e-02
1372 7.545485e-06 3.794545e-03
1373 4.036618e-05 2.978079e-03
1374 1.358072e-05 3.027821e-03
1375 6.823332e-05 5.375508e-03
1376 3.209154e-03 2.001520e-01
1377 5.116982e-05 6.795388e-03
1378 2.743892e-06 1.307713e-03
1379 3.438502e-05 1.935680e-03
1380 9.016370e-04 6.782824e-02
1381 5.403211e-06 2.949683e-03
1382 2.771633e-06 1.168966e-03
1383 8.978032e-05 1.342308e-02
1384 1.088868e-05 4.045855e-03
1385 1.088868e-05 4.045855e-03
1386 1.797347e-05 4.451172e-03
1387 1.587409e-05 4.440272e-03
1388 2.789727e-05 2.675745e-03
1389 9.108985e-06 2.641603e-03
1390 2.482462e-05 2.007288e-03
1391 4.575426e-05 5.340458e-03
1392 7.930004e-06 1.593396e-03
1393 2.521672e-05 7.257925e-03
1394 1.778076e-05 5.502013e-03
1395 2.273823e-04 2.443655e-02
1396 1.735507e-04 1.742132e-02
1397 4.519220e-06 2.636087e-03
1398 1.242973e-04 1.384685e-02
1399 9.921350e-05 1.480560e-02
1400 5.872845e-06 3.950440e-03
1401 1.984368e-04 3.981687e-02
1402 3.050423e-05 3.042370e-03
1403 1.505906e-05 3.923985e-03
1404 5.571647e-06 1.980956e-03
1405 3.578739e-06 3.709234e-03
1406 3.297611e-05 8.196991e-03
1407 1.047068e-05 2.395133e-03
1408 1.270947e-03 8.243426e-02
1409 2.282149e-04 3.879044e-02
1410 7.356695e-05 8.720864e-03
1411 1.240416e-04 4.863627e-03
1412 6.115909e-06 4.064708e-03
1413 3.464181e-07 1.135890e-03
1414 9.227249e-06 2.239897e-03
1415 6.566819e-05 3.324761e-03
1416 7.285288e-06 2.784601e-03
1417 1.366595e-05 1.965152e-03
1418 1.580956e-05 4.042923e-03
1419 2.720549e-05 3.316273e-03
1420 1.000408e-04 7.875729e-03
1421 1.152409e-04 6.798652e-03
1422 1.786725e-04 9.430007e-03
1423 3.156208e-05 3.304473e-03
1424 8.003723e-05 3.873189e-03
1425 8.003723e-05 3.873189e-03
1426 8.003723e-05 3.873189e-03
1427 4.809958e-05 3.161568e-03
1428 6.235063e-05 4.611826e-03
1429 9.759186e-05 5.853756e-03
1430 2.406385e-04 2.220238e-02
1431 1.732533e-04 2.141884e-02
1432 6.657129e-05 1.545189e-02
1433 3.787668e-05 5.564812e-03
1434 1.584336e-05 2.539393e-03
1435 1.615857e-05 2.615425e-03
1436 1.288642e-05 3.402508e-03
1437 9.216511e-06 1.932812e-03
1438 8.819443e-05 6.064706e-03
1439 2.112248e-03 6.732232e-02
1440 2.633917e-06 2.597394e-03
1441 2.265380e-06 1.638887e-03
1442 9.889319e-06 4.409625e-03
1443 6.136817e-06 3.770162e-03
1444 2.808794e-05 3.298231e-03
1445 4.112052e-05 5.776738e-03
1446 4.166259e-05 2.474672e-03
1447 1.341317e-03 1.399951e-01
1448 6.255189e-06 1.801076e-03
1449 3.394272e-06 2.858081e-03
1450 6.918888e-05 6.686529e-03
1451 9.823852e-05 9.624264e-03
1452 6.209411e-04 2.473258e-02
1453 1.500429e-06 2.930216e-03
1454 2.678881e-05 2.776389e-03
1455 5.566031e-05 4.397781e-03
1456 7.831822e-06 1.448915e-03
1457 4.077363e-06 1.882769e-03
1458 3.875607e-06 2.123201e-03
1459 7.248831e-05 3.610084e-03
1460 5.937467e-05 1.060347e-02
1461 1.338118e-05 1.548591e-03
1462 8.135564e-06 1.462467e-03
1463 1.234866e-06 1.377581e-03
1464 4.147607e-06 1.867295e-03
1465 2.917672e-06 1.329867e-03
1466 1.829680e-04 1.449298e-02
1467 1.284948e-04 4.655290e-03
1468 6.301902e-05 5.129124e-03
1469 1.737592e-05 7.667784e-03
1470 5.890725e-06 3.621533e-03
1471 3.817975e-05 6.835558e-03
1472 2.778117e-05 5.517761e-03
1473 2.175851e-05 3.085380e-03
1474 1.115811e-04 1.423304e-02
1475 1.926733e-06 1.712534e-03
1476 1.597841e-04 1.344683e-02
1477 5.845267e-07 1.736481e-03
1478 9.027597e-05 1.108953e-02
1479 2.701582e-05 8.882167e-03
1480 5.779865e-04 3.301075e-02
1481 9.778645e-05 2.330652e-02
1482 1.597180e-05 1.017048e-02
1483 1.330701e-05 2.854271e-03
1484 2.445548e-04 4.220355e-02
1485 1.260235e-04 1.969029e-02
1486 2.952413e-04 3.054487e-02
1487 2.724609e-06 1.881657e-03
1488 2.149981e-04 1.124310e-02
1489 3.184882e-06 1.330205e-03
1490 9.050417e-06 2.900377e-03
1491 1.038052e-04 3.526207e-02
1492 1.251924e-05 6.329262e-03
1493 1.231381e-04 8.989428e-03
1494 5.074233e-06 2.794424e-03
1495 4.481769e-05 5.129708e-03
1496 9.307954e-06 3.613867e-03
1497 8.931894e-04 5.066509e-02
1498 7.575937e-06 4.814090e-03
1499 2.170176e-06 2.807190e-03
1500 2.138241e-05 3.591762e-03
1501 5.675992e-06 4.660882e-03
1502 3.666492e-04 2.121732e-02
1503 5.838640e-04 4.596842e-02
1504 5.851634e-05 8.085514e-03
1505 4.169003e-05 4.701454e-03
1506 3.490060e-05 3.610481e-03
1507 9.330199e-05 6.309190e-03
1508 8.724117e-04 4.611472e-02
1509 3.292854e-05 3.490478e-03
1510 2.466303e-05 6.067811e-03
1511 3.756353e-05 4.135075e-03
1512 6.608470e-05 5.744231e-03
1513 2.514276e-05 5.759467e-03
1514 2.732967e-05 5.702223e-03
1515 1.401271e-03 4.974190e-02
1516 2.440829e-05 9.839228e-03
1517 5.771680e-04 3.721726e-02
1518 7.708937e-06 4.646627e-03
1519 3.699367e-05 8.643266e-03
1520 2.101455e-06 1.687434e-03
1521 4.589257e-05 6.611106e-03
1522 1.490662e-04 1.016289e-02
1523 1.015353e-04 6.369120e-03
1524 2.002544e-04 1.109412e-02
1525 2.121529e-04 1.527710e-02
1526 4.128233e-05 1.069152e-02
1527 3.879208e-05 1.046468e-02
1528 8.059556e-05 7.078431e-03
1529 2.754361e-05 4.322325e-03
1530 5.170644e-05 1.269305e-02
1531 8.672443e-05 7.262834e-03
1532 1.674282e-05 4.109464e-03
1533 3.346275e-05 5.165660e-03
1534 3.241797e-05 6.591040e-03
1535 5.124262e-06 1.426783e-03
1536 1.017957e-05 2.374463e-03
1537 1.378586e-05 3.139219e-03
1538 1.409149e-05 3.547675e-03
1539 1.340371e-05 1.781546e-03
1540 1.923617e-04 8.456736e-03
1541 1.571047e-03 6.691414e-02
1542 3.711990e-04 4.704214e-02
1543 7.855764e-04 7.288020e-02
1544 3.309334e-05 6.557550e-03
1545 1.583169e-04 1.561041e-02
1546 5.508885e-05 4.292698e-03
1547 1.458784e-03 4.242316e-02
1548 1.366351e-04 8.443312e-03
1549 8.080665e-06 3.189197e-03
1550 3.164589e-06 4.328406e-03
1551 5.073520e-05 3.611149e-03
1552 9.357571e-04 4.781674e-02
1553 1.665181e-03 1.645610e-01
1554 2.039289e-05 7.714418e-03
1555 4.376293e-04 4.396866e-02
1556 3.281278e-05 9.960494e-03
1557 6.073371e-04 4.136486e-02
1558 1.725288e-04 1.279288e-02
1559 3.296279e-05 8.648245e-03
1560 2.626314e-04 2.264762e-02
1561 3.144443e-04 4.828478e-02
1562 1.490848e-05 5.787447e-03
1563 1.841243e-05 9.091467e-03
1564 2.873802e-04 3.751023e-02
1565 3.614089e-05 1.210172e-02
1566 6.012587e-06 5.020110e-03
1567 4.304378e-03 1.529220e-01
1568 6.795135e-05 1.271605e-02
1569 2.605250e-05 4.078488e-03
1570 2.604447e-03 4.114099e-02
1571 8.983212e-07 1.787644e-03
1572 3.173028e-05 3.156722e-03
1573 1.370532e-03 8.201872e-02
1574 2.662324e-05 7.543445e-03
1575 6.016047e-05 1.653737e-02
1576 5.961946e-04 2.042515e-02
1577 4.793208e-04 6.299973e-02
1578 2.974745e-04 1.118405e-02
1579 2.045204e-05 3.884077e-03
1580 3.883105e-03 1.193345e-01
1581 6.593323e-05 8.591345e-03
1582 3.523390e-06 2.951688e-03
1583 6.495268e-04 2.642311e-02
1584 1.382588e-04 9.025606e-03
1585 1.151804e-03 5.341738e-02
1586 3.336549e-05 7.127373e-03
1587 3.943236e-06 1.980770e-03
1588 1.800034e-04 6.194217e-03
1589 7.452892e-07 2.893440e-03
1590 1.502019e-05 2.877585e-03
1591 6.887345e-06 4.175567e-03
1592 1.191842e-05 3.166774e-03
1593 1.096572e-05 2.710301e-03
1594 4.025182e-05 8.622971e-03
1595 4.266581e-05 3.387612e-03
1596 5.623258e-05 2.405022e-02
1597 3.552043e-05 6.084714e-03
1598 1.697593e-05 3.855042e-03
1599 1.707641e-03 7.190041e-02
1600 3.556987e-05 8.297260e-03
1601 1.056841e-05 2.967663e-03
1602 4.606362e-03 1.739400e-01
1603 1.543071e-05 7.202485e-03
1604 2.647140e-05 3.727177e-03
1605 2.112018e-05 1.967644e-03
1606 5.705950e-04 1.109191e-01
1607 1.836880e-04 1.410100e-02
1608 6.953985e-06 4.312044e-03
1609 2.699237e-04 2.228416e-02
1610 3.004943e-03 1.444679e-01
1611 2.607087e-05 9.939550e-03
1612 2.166100e-06 3.462000e-03
1613 2.389116e-07 1.202692e-03
1614 3.125728e-05 9.577482e-03
1615 1.234423e-03 8.087007e-02
1616 4.964580e-06 2.498495e-03
1617 1.478335e-06 3.346713e-03
1618 9.149026e-06 1.524287e-03
1619 4.574363e-04 2.322105e-02
1620 2.531796e-04 4.621939e-02
1621 4.508427e-04 9.308588e-02
1622 1.612546e-04 1.015536e-02
1623 1.539211e-04 3.988123e-02
1624 1.104276e-03 4.099219e-02
1625 6.427669e-06 4.067745e-03
1626 2.335233e-04 3.370285e-02
1627 1.048304e-04 1.144211e-02
1628 2.109529e-04 2.506651e-02
1629 9.897361e-04 5.215549e-02
1630 9.227848e-04 6.335556e-02
1631 3.183169e-04 3.765092e-02
1632 3.227144e-04 3.219077e-02
1633 3.204695e-06 2.955056e-03
1634 1.791477e-05 5.909172e-03
1635 5.963572e-07 1.120158e-03
1636 4.505747e-06 2.738186e-03
1637 2.242763e-06 1.574312e-03
1638 1.432998e-05 2.743859e-03
1639 4.949601e-07 1.811608e-03
1640 4.834031e-04 2.298742e-02
1641 3.491953e-04 1.807316e-02
1642 2.014400e-03 6.193263e-02
1643 1.340114e-04 1.926937e-02
1644 7.621768e-06 7.518430e-03
1645 1.238627e-05 4.056702e-03
1646 3.365348e-03 2.473512e-01
1647 9.799804e-05 8.652418e-03
1648 1.210181e-05 2.936568e-03
1649 4.236992e-04 8.542414e-02
1650 2.990277e-04 2.208297e-02
1651 5.363372e-06 3.654089e-03
1652 1.934945e-04 3.786083e-02
1653 3.649020e-04 5.647813e-02
1654 3.695396e-05 1.793468e-02
1655 4.702736e-04 4.282777e-02
1656 7.888386e-05 1.362043e-02
1657 2.806784e-05 9.366784e-03
1658 7.655731e-06 4.210579e-03
1659 9.436395e-05 9.749391e-03
1660 7.230336e-05 6.479246e-03
1661 1.634011e-04 6.668813e-03
1662 2.689998e-05 4.427110e-03
1663 5.828145e-04 3.571243e-02
1664 1.949820e-05 6.297786e-03
1665 2.920342e-05 4.615431e-03
1666 4.477684e-04 2.047759e-02
1667 2.160398e-04 2.498758e-02
1668 4.148936e-08 8.840755e-04
1669 2.687607e-05 1.020349e-02
1670 1.161769e-05 2.233124e-03
1671 1.253109e-04 1.046690e-02
1672 6.029738e-04 5.591408e-02
1673 4.592884e-05 1.173955e-02
1674 2.197235e-05 8.610521e-03
1675 6.793664e-05 6.820179e-03
1676 4.646628e-06 2.582998e-03
1677 3.483866e-06 6.769379e-03
1678 1.787476e-06 3.423854e-03
1679 1.162299e-06 1.370565e-03
1680 1.100448e-04 9.285740e-03
1681 6.425201e-05 1.557670e-02
1682 8.645361e-05 1.115206e-02
1683 6.917931e-06 1.456924e-03
1684 1.499464e-05 2.395971e-03
1685 6.450435e-05 9.656336e-03
1686 2.312187e-04 1.042572e-02
1687 1.628165e-04 2.275990e-02
1688 1.306748e-04 1.025067e-02
1689 6.730712e-04 1.495122e-02
1690 3.252654e-06 1.396358e-03
1691 1.515848e-06 1.610074e-03
1692 3.122151e-05 4.519753e-03
1693 1.734054e-04 1.168861e-02
1694 2.875899e-04 2.602234e-02
1695 1.100451e-05 1.633116e-03
1696 6.102473e-04 1.049007e-01
1697 3.833504e-05 6.402513e-03
1698 5.681216e-04 4.691856e-02
1699 2.101989e-03 1.108429e-01
1700 1.266796e-05 3.796400e-03
1701 5.863250e-04 2.670349e-02
1702 9.102437e-04 4.501512e-02
1703 2.069904e-04 3.930106e-02
1704 6.946696e-06 1.353205e-03
1705 1.359594e-05 1.669734e-03
1706 3.323756e-06 1.844152e-03
1707 4.524093e-04 2.217867e-02
1708 1.836044e-05 7.635075e-03
1709 2.359701e-05 9.302227e-03
1710 9.534383e-06 1.071789e-02
1711 3.183388e-04 1.652429e-02
1712 1.461107e-04 2.275999e-02
1713 1.152420e-05 6.530612e-03
1714 1.262901e-04 1.580241e-02
1715 1.216716e-05 5.534914e-03
1716 1.726408e-05 4.075065e-03
1717 1.999142e-04 1.381285e-02
1718 2.770379e-05 1.036387e-02
1719 3.623133e-05 6.815394e-03
1720 4.334105e-05 7.816043e-03
1721 1.419469e-04 2.648574e-02
1722 4.440769e-05 7.160144e-03
1723 8.059947e-04 8.116892e-02
1724 1.854363e-05 2.276486e-03
1725 1.120184e-04 9.790996e-03
1726 6.731162e-04 3.093888e-02
1727 1.904347e-04 1.260401e-02
1728 9.875427e-05 1.414521e-02
1729 2.219674e-06 3.284562e-03
1730 2.967779e-04 3.060337e-02
1731 2.754303e-05 5.001699e-03
1732 6.522654e-06 1.778777e-03
1733 5.684428e-08 1.009546e-03
1734 3.226964e-04 1.521827e-02
1735 3.458785e-04 1.275364e-02
1736 6.384177e-07 1.127781e-03
1737 6.034241e-05 8.864012e-03
1738 2.228148e-05 1.962361e-03
1739 2.844227e-05 9.039088e-03
1740 2.521765e-04 4.486156e-02
1741 5.105135e-06 4.255504e-03
1742 5.158840e-04 3.711737e-02
1743 2.088854e-04 2.108732e-02
1744 2.335712e-04 1.338268e-02
1745 2.931018e-05 7.229709e-03
1746 1.822831e-05 2.096598e-03
1747 5.459058e-06 6.293114e-03
1748 2.355700e-03 1.483266e-01
1749 3.620950e-05 7.658222e-03
1750 1.088687e-05 7.093607e-03
1751 5.670190e-06 5.764455e-03
1752 4.904184e-06 1.936272e-03
1753 2.782327e-04 2.096771e-02
1754 3.364051e-06 4.901402e-03
1755 8.018634e-05 4.324468e-03
1756 1.725808e-05 1.677080e-02
1757 2.639519e-05 1.304846e-02
1758 1.676534e-04 7.313082e-03
1759 1.460020e-05 3.943143e-03
1760 1.130344e-03 8.090771e-02
1761 1.913262e-05 6.591157e-03
1762 7.618564e-06 3.085739e-03
1763 3.281625e-05 1.062679e-02
1764 2.906099e-05 5.956357e-03
1765 6.382024e-05 1.499226e-02
1766 1.965061e-05 3.261388e-03
1767 3.235588e-05 4.373292e-03
1768 1.265727e-04 1.853255e-02
1769 3.067658e-04 1.025054e-02
1770 3.138388e-05 7.327997e-03
1771 6.343264e-05 7.592531e-03
1772 1.831735e-03 9.582532e-02
1773 2.055631e-03 7.384220e-02
1774 3.473660e-06 2.695539e-03
1775 5.733170e-06 2.553612e-03
1776 8.929118e-05 1.777560e-02
1777 3.891733e-05 4.709436e-03
1778 3.132237e-05 5.388805e-03
1779 1.104291e-04 1.164879e-02
1780 5.266175e-06 2.708542e-03
1781 7.270168e-07 1.279920e-03
1782 7.108610e-06 3.039258e-03
1783 1.542433e-05 6.239577e-03
1784 1.210026e-04 1.575281e-02
1785 1.896638e-05 2.830392e-03
1786 1.289769e-04 2.455799e-02
1787 5.593891e-04 2.264199e-02
1788 1.460016e-05 4.218682e-03
1789 5.231937e-05 2.732498e-02
1790 7.966171e-06 1.626120e-03
1791 2.902807e-05 3.404887e-03
1792 1.127739e-05 2.918567e-03
1793 1.472998e-05 9.039117e-03
1794 3.208149e-05 1.465642e-02
1795 1.559498e-05 1.698756e-03
1796 5.315214e-04 7.653284e-02
1797 6.627143e-05 1.388455e-02
1798 2.035198e-05 5.579659e-03
1799 3.594897e-06 2.096100e-03
1800 3.274437e-04 3.261884e-02
1801 1.840830e-05 2.378694e-03
1802 1.005772e-04 1.244186e-02
1803 3.578009e-06 1.887767e-03
1804 5.863504e-06 1.900206e-03
1805 2.693666e-06 1.096016e-02
1806 2.303437e-05 4.331070e-03
1807 2.122130e-06 1.358220e-03
1808 4.773499e-03 1.847806e-01
1809 3.530800e-05 6.947200e-03
1810 2.665502e-04 1.856124e-02
1811 2.948384e-05 6.662967e-03
1812 3.864100e-05 5.049152e-03
1813 3.359733e-05 7.591014e-03
1814 1.826926e-05 2.129396e-03
1815 1.970222e-04 1.765123e-02
1816 1.874454e-04 1.539505e-02
1817 5.148735e-06 2.880435e-03
1818 1.425767e-05 4.345210e-03
1819 2.608083e-07 2.075320e-03
1820 2.334415e-06 1.505954e-03
1821 1.916861e-06 3.327568e-03
1822 3.364526e-04 1.672847e-02
1823 4.521802e-04 2.755028e-02
1824 2.284792e-04 3.340037e-02
1825 8.457510e-04 3.730663e-02
1826 3.622518e-04 2.922419e-02
1827 8.520440e-05 1.355599e-02
1828 1.063992e-04 8.733967e-03
1829 3.247823e-05 7.387919e-03
1830 4.669978e-06 2.766285e-03
1831 4.057111e-06 1.572986e-03
1832 3.817328e-05 1.255679e-02
1833 4.454649e-05 4.145248e-03
1834 2.858907e-05 3.187808e-03
1835 7.128782e-06 3.314725e-03
1836 3.588125e-04 2.794492e-02
1837 1.985314e-03 3.344571e-02
1838 6.141817e-05 3.046038e-03
1839 1.445114e-04 2.346283e-02
1840 2.137626e-04 1.416365e-02
1841 3.121956e-04 2.215741e-02
1842 1.154339e-05 6.341500e-03
1843 1.834652e-05 5.627632e-03
1844 1.209166e-05 2.520324e-03
1845 1.045388e-04 1.073948e-02
1846 2.533500e-06 3.428120e-03
1847 4.952116e-04 3.191517e-02
1848 3.513773e-06 2.128904e-03
1849 6.486850e-05 1.259008e-02
1850 1.808837e-05 1.391906e-02
1851 5.399871e-05 3.334330e-02
1852 6.868153e-05 1.290030e-02
1853 2.151451e-04 1.224687e-02
1854 2.795273e-04 6.104749e-02
1855 1.463073e-04 2.646433e-02
1856 1.754598e-06 2.211775e-03
1857 2.679677e-06 4.381815e-03
1858 1.160756e-05 2.755448e-03
1859 1.269034e-05 2.872126e-03
1860 9.542618e-05 1.153529e-02
1861 8.788816e-06 7.063790e-03
1862 1.155867e-03 6.030285e-02
1863 6.920582e-06 2.613753e-03
1864 3.564511e-06 1.907983e-03
1865 3.054391e-05 9.715593e-03
1866 1.055234e-04 1.835257e-02
1867 1.173920e-06 2.556612e-03
1868 1.295238e-05 3.016897e-03
1869 1.122753e-03 7.511087e-02
1870 3.669180e-05 4.023447e-03
1871 2.117731e-05 1.002057e-02
1872 8.508022e-06 7.009195e-03
1873 3.512077e-06 1.729468e-03
1874 9.833752e-07 1.918394e-03
1875 4.410882e-04 2.460558e-02
1876 3.219386e-06 2.186402e-03
1877 1.464567e-05 2.334064e-03
1878 3.103223e-05 6.020923e-03
1879 4.139411e-05 1.015909e-02
1880 1.922380e-04 6.222679e-03
1881 3.308393e-04 3.823325e-02
1882 1.067918e-05 2.567108e-03
1883 4.598169e-05 9.139175e-03
1884 6.071018e-05 3.858179e-03
1885 2.198642e-05 4.957438e-03
1886 4.994263e-05 4.446668e-03
1887 6.449024e-05 7.492813e-03
1888 1.168415e-05 2.591292e-03
1889 1.559062e-06 1.156918e-03
1890 5.715519e-05 7.115128e-03
1891 3.317553e-04 6.826325e-02
1892 2.521131e-05 8.717638e-03
1893 8.373427e-05 1.745902e-02
1894 3.334279e-03 1.113783e-01
1895 2.694568e-04 2.810517e-02
1896 3.388907e-04 1.636044e-02
1897 9.623928e-06 3.618411e-03
1898 1.546294e-04 3.318144e-02
1899 5.534157e-05 5.976821e-03
1900 2.493849e-04 8.697427e-03
1901 3.736335e-06 2.397037e-03
1902 3.665860e-06 1.590773e-03
1903 1.879006e-05 7.136057e-03
1904 7.087626e-05 4.104674e-03
1905 1.829658e-05 2.398533e-03
1906 6.484246e-06 4.138466e-03
1907 1.501514e-05 3.530226e-03
1908 3.326433e-06 1.451728e-03
1909 1.969623e-05 3.120122e-03
1910 1.929384e-04 2.220149e-02
1911 9.169229e-05 6.696489e-03
1912 1.877391e-04 1.340350e-02
1913 1.797762e-04 4.443104e-03
1914 2.014363e-05 3.176414e-03
1915 2.020227e-05 7.160570e-03
1916 2.325113e-03 8.677272e-02
1917 4.483512e-03 1.380009e-01
1918 1.166982e-04 2.182114e-02
1919 5.343291e-05 8.953383e-03
1920 2.107133e-05 2.854562e-03
1921 1.161956e-06 1.297203e-03
1922 2.202400e-05 2.124308e-03
1923 8.954454e-06 1.668769e-03
1924 6.094829e-06 2.033662e-03
1925 9.370115e-06 1.686576e-03
1926 4.291555e-04 2.002213e-02
1927 1.159944e-04 8.157031e-03
1928 1.841218e-06 1.589548e-03
1929 5.508243e-05 4.160362e-03
1930 1.063544e-04 1.254598e-02
1931 3.640909e-05 8.746946e-03
1932 4.341413e-04 1.888155e-02
1933 6.736629e-05 1.034698e-02
1934 4.338474e-04 3.655312e-02
1935 5.767401e-05 1.135096e-02
1936 1.172702e-04 7.943159e-03
1937 1.399352e-05 3.340766e-03
1938 1.446131e-05 1.647986e-03
1939 1.936477e-03 5.751363e-02
1940 4.126481e-05 1.908156e-02
1941 5.277795e-05 7.574928e-03
1942 3.411116e-04 4.320526e-02
1943 1.132306e-04 2.093405e-02
1944 3.426767e-04 1.775447e-02
1945 1.781343e-04 1.045204e-02
1946 8.324233e-06 4.022851e-03
1947 1.044127e-05 1.811029e-03
1948 5.709667e-06 1.582149e-03
1949 5.115735e-04 6.702242e-02
1950 9.687017e-05 9.956116e-03
1951 6.139931e-04 2.643527e-02
1952 9.003936e-06 5.982539e-03
1953 1.261520e-04 1.407778e-02
1954 5.965031e-04 1.731551e-02
1955 4.064712e-05 4.585126e-03
1956 1.359858e-04 1.422706e-02
1957 1.930735e-05 5.349718e-03
1958 5.224753e-05 9.530024e-03
1959 8.830704e-05 2.036676e-02
1960 9.607148e-05 1.038364e-02
1961 3.205482e-04 2.213896e-02
1962 1.186865e-04 1.760865e-02
1963 2.692947e-04 2.168315e-02
1964 1.998331e-05 3.075715e-03
1965 8.673619e-05 1.017065e-02
1966 2.157901e-05 5.972796e-03
1967 2.454147e-04 4.025683e-02
1968 3.742473e-06 1.818172e-03
1969 7.978955e-05 1.441042e-02
1970 2.000982e-04 1.520682e-02
1971 1.213449e-03 5.308514e-02
1972 5.330514e-05 3.574617e-03
1973 6.990273e-04 3.083095e-02
1974 1.389366e-05 3.844496e-03
1975 6.578598e-04 4.834937e-02
1976 1.926842e-04 3.018224e-02
1977 2.186475e-05 4.364867e-03
1978 4.479795e-06 3.829194e-03
1979 1.415362e-04 2.938665e-02
1980 2.272755e-05 1.497974e-03
1981 1.492118e-04 1.560257e-02
1982 1.565400e-05 2.222879e-03
1983 3.621673e-06 1.983957e-03
1984 1.301465e-04 1.904638e-02
1985 6.013020e-05 4.683669e-03
1986 5.514689e-06 3.667810e-03
1987 2.633242e-04 2.254707e-02
1988 2.701783e-04 2.307356e-02
1989 1.826194e-06 1.249927e-03
1990 6.998367e-06 2.923589e-03
1991 4.612861e-06 4.753710e-03
1992 5.855727e-04 4.846185e-02
1993 6.023726e-07 1.145037e-03
1994 1.095643e-06 1.211504e-03
1995 1.124737e-03 2.138152e-02
1996 1.059676e-05 3.172874e-03
1997 8.286616e-06 1.664424e-03
1998 3.827321e-05 3.596635e-03
1999 1.016407e-04 5.234630e-03
2000 3.953173e-06 2.343403e-03
2001 6.888957e-06 2.518161e-03
