1 2.555486e-03 4.803613e-02
2 1.974112e-05 1.778239e-02
3 8.353572e-06 2.092351e-03
4 3.645346e-06 1.757813e-03
5 7.474470e-06 2.353861e-03
6 1.167483e-03 9.653905e-02
7 1.651099e-05 8.910545e-03
8 8.357889e-05 3.684815e-02
9 8.979774e-08 2.380171e-03
10 5.608907e-04 5.562318e-02
11 1.583232e-05 4.899796e-03
12 2.909942e-07 1.212807e-03
13 5.624383e-04 7.693467e-02
14 3.237548e-06 7.486462e-03
15 7.429753e-07 2.874846e-03
16 1.518012e-04 1.348679e-02
17 7.533305e-06 1.634156e-03
18 9.956999e-04 4.557576e-02
19 2.026147e-05 6.803089e-03
20 6.276787e-08 1.021687e-03
21 3.718945e-03 1.271413e-01
22 1.928015e-05 2.743927e-03
23 8.760266e-05 2.118199e-02
24 7.414796e-04 8.499508e-02
25 2.689863e-04 6.659863e-02
26 8.753651e-06 2.858576e-03
27 5.274215e-05 5.782690e-03
28 2.734805e-05 3.001301e-03
29 2.937754e-03 1.346250e-01
30 3.826079e-03 2.791148e-01
31 1.434420e-03 1.493081e-01
32 8.536781e-05 4.734791e-03
33 3.326054e-07 1.193521e-03
34 2.239575e-06 1.115208e-03
35 3.333256e-06 2.860145e-03
36 3.344344e-03 1.253683e-01
37 3.908604e-04 3.483811e-02
38 5.572157e-05 7.518603e-03
39 1.768399e-06 1.876524e-03
40 3.598408e-06 3.350153e-03
41 7.396455e-05 1.152589e-02
42 2.541892e-06 4.874284e-03
43 9.083868e-04 1.122685e-01
44 5.503783e-04 1.257065e-02
45 8.271231e-04 2.189271e-02
46 3.883278e-05 6.905209e-03
47 5.575984e-03 1.528245e-01
48 8.069160e-04 4.357775e-02
49 3.527150e-05 5.769314e-03
50 1.658338e-03 1.371327e-01
51 5.285281e-05 1.009670e-02
52 1.428110e-04 1.724180e-02
53 2.493276e-05 3.257150e-03
54 5.978516e-05 8.008856e-03
55 2.715178e-05 4.383007e-03
56 2.464234e-05 5.202234e-03
57 1.574209e-04 1.259030e-02
58 4.720853e-04 2.626994e-02
59 2.329557e-04 1.920947e-02
60 7.107314e-07 1.378605e-03
61 5.850419e-03 2.872667e-01
62 1.408253e-04 3.106003e-02
63 3.144741e-06 1.683780e-03
64 3.732016e-06 4.078749e-03
65 4.649423e-04 2.238219e-02
66 1.832702e-05 3.053629e-03
67 2.624808e-05 6.866659e-03
68 2.527040e-05 6.665905e-03
69 7.637593e-07 1.395281e-03
70 2.356348e-06 1.303976e-03
71 6.294106e-04 9.030031e-02
72 1.293972e-04 1.105423e-02
73 4.334941e-06 3.876382e-03
74 7.846172e-04 1.143308e-01
75 2.667820e-05 3.002406e-03
76 1.066101e-06 2.431908e-03
77 3.621582e-04 2.721083e-02
78 1.373737e-03 1.730486e-01
79 3.068826e-04 2.346590e-02
80 5.950606e-06 1.583716e-03
81 2.175709e-06 1.310072e-03
82 1.227646e-05 2.519341e-03
83 5.788080e-05 7.768576e-03
84 1.506904e-06 1.757222e-03
85 2.406391e-04 1.680685e-02
86 4.006301e-05 4.912650e-03
87 9.960991e-06 2.423360e-03
88 5.098653e-07 1.661297e-03
89 7.575189e-05 1.577987e-02
90 8.016837e-04 7.255534e-02
91 3.629602e-04 4.429235e-02
92 2.656860e-03 1.364528e-01
93 6.659427e-05 8.817824e-03
94 7.897398e-06 3.484248e-03
95 2.337340e-03 2.133820e-01
96 2.591942e-05 3.584763e-03
97 4.367767e-04 3.032158e-02
98 9.037387e-06 2.707297e-03
99 3.016770e-05 2.452603e-03
100 6.564980e-03 1.430482e-01
101 8.217628e-06 3.804535e-03
102 2.725674e-05 1.351513e-02
103 1.727132e-03 4.701831e-02
104 2.494216e-04 2.075273e-02
105 3.434098e-04 2.431922e-02
106 2.054810e-05 8.481947e-03
107 3.019892e-06 2.784777e-03
108 8.195611e-05 1.622599e-02
109 7.062526e-06 4.851174e-03
110 3.940014e-05 9.385360e-03
111 7.034246e-04 1.553575e-01
112 5.860880e-04 3.504337e-02
113 2.074018e-03 1.254997e-01
114 1.869137e-03 1.289032e-01
115 8.603644e-04 4.391299e-02
116 1.389015e-03 5.002999e-02
117 3.452745e-04 3.343871e-02
118 9.380289e-04 3.711180e-02
119 7.696281e-07 4.532251e-03
120 6.139427e-07 3.621387e-03
121 2.454243e-05 1.099486e-02
122 3.194259e-06 1.663570e-03
123 9.872388e-06 5.031082e-03
124 3.072178e-05 8.081776e-03
125 1.583809e-06 3.965302e-03
126 5.463554e-06 5.613217e-03
127 6.811412e-06 9.334661e-03
128 1.350956e-05 7.417201e-03
129 6.506695e-06 4.278341e-03
130 5.983510e-06 3.755103e-03
131 3.826650e-06 5.766308e-03
132 9.637450e-06 4.268381e-03
133 9.915226e-06 7.441647e-03
134 3.695362e-05 1.750921e-02
135 1.038592e-05 4.317886e-03
136 8.461754e-06 3.602869e-03
137 3.643825e-05 1.067823e-02
138 1.059121e-05 9.132957e-03
139 1.599576e-05 7.917765e-03
140 2.720130e-06 5.058492e-03
141 1.291460e-06 2.994280e-03
142 2.149774e-06 3.002365e-03
143 1.347898e-05 6.557839e-03
144 1.098316e-05 8.337920e-03
145 1.871719e-06 4.661043e-03
146 1.222809e-05 5.846582e-03
147 2.044246e-05 5.849679e-03
148 6.122025e-06 7.844421e-03
149 6.518609e-06 3.944781e-03
150 1.575855e-06 3.945671e-03
151 3.894991e-05 8.955538e-03
152 2.568612e-05 5.370385e-03
153 1.279587e-06 2.899950e-03
154 3.849324e-06 3.669716e-03
155 1.861756e-06 2.983452e-03
156 1.341400e-05 3.513403e-03
157 6.460611e-06 3.883759e-03
158 2.357132e-05 3.807615e-03
159 2.356821e-05 5.227854e-03
160 3.404917e-06 4.668422e-03
161 1.084039e-06 3.086373e-03
162 2.947136e-07 2.992857e-03
163 7.183366e-07 3.047239e-03
164 3.021466e-07 1.634290e-03
165 5.093079e-07 1.673359e-03
166 3.317508e-07 1.652518e-03
167 2.678749e-07 2.928639e-03
168 1.991305e-06 3.204240e-03
169 1.019025e-05 5.503421e-03
170 2.155476e-07 1.633744e-03
171 3.427951e-06 3.315241e-03
172 3.397412e-07 3.202625e-03
173 8.259926e-08 1.614111e-03
174 2.920300e-07 3.064177e-03
175 4.517990e-07 3.072187e-03
176 2.951803e-07 2.984198e-03
177 2.107455e-07 1.648554e-03
178 1.480255e-06 2.205807e-03
179 7.859700e-08 1.610832e-03
180 4.517990e-07 3.072187e-03
181 2.242862e-07 2.115451e-03
182 5.191353e-07 3.381332e-03
183 2.774385e-08 1.195674e-03
184 1.269276e-07 1.612271e-03
185 7.458342e-08 1.229718e-03
186 3.925200e-07 2.155729e-03
187 2.206748e-07 1.898466e-03
188 4.917613e-08 1.590892e-03
189 2.554801e-08 1.132906e-03
190 6.641028e-08 1.206431e-03
191 3.410707e-05 1.159687e-02
192 1.957039e-06 3.185128e-03
193 7.269219e-05 1.090615e-02
194 5.117195e-05 1.280046e-02
195 8.544813e-06 4.744631e-03
196 2.742156e-05 7.285288e-03
197 6.503903e-05 8.217805e-03
198 9.147247e-06 4.847613e-03
199 2.116477e-05 1.074675e-02
200 1.830509e-05 7.490208e-03
201 1.592763e-05 7.163403e-03
202 1.701805e-05 1.495140e-02
203 1.872368e-06 3.192015e-03
204 4.996098e-06 3.895947e-03
205 1.036920e-05 6.271285e-03
206 4.763751e-06 3.333216e-03
207 2.604278e-05 7.640594e-03
208 2.103816e-06 3.344508e-03
209 1.593472e-05 6.306699e-03
210 4.996098e-06 3.895947e-03
211 2.468117e-06 2.242131e-03
212 1.143821e-04 9.630389e-03
213 3.637381e-06 2.241731e-03
214 4.938538e-06 3.773141e-03
215 8.376887e-06 3.733229e-03
216 1.931571e-05 3.864040e-03
217 2.232776e-06 1.863876e-03
218 5.646443e-05 1.723928e-02
219 4.212468e-05 8.533648e-03
220 3.122523e-06 3.215875e-03
221 5.206486e-06 3.389993e-03
222 2.081035e-05 5.848041e-03
223 1.325073e-05 8.872593e-03
224 1.938662e-06 3.012759e-03
225 1.107576e-05 5.081280e-03
226 5.538600e-06 3.476053e-03
227 1.547955e-05 3.912554e-03
228 2.398144e-05 4.599549e-03
229 1.407139e-04 1.034870e-02
230 4.857458e-05 6.677406e-03
231 1.786059e-05 5.860020e-03
232 6.910286e-06 4.810289e-03
233 1.702337e-05 5.758335e-03
234 9.906139e-06 4.684688e-03
235 2.508734e-06 4.457687e-03
236 2.266897e-05 4.465444e-03
237 1.315831e-06 3.345822e-03
238 2.551308e-05 5.270525e-03
239 2.151507e-06 3.510748e-03
240 7.469497e-06 2.928302e-03
241 8.859747e-06 3.820089e-03
242 2.262469e-05 4.401292e-03
243 1.971700e-06 3.132436e-03
244 1.007125e-05 4.437955e-03
245 3.442391e-05 4.402814e-03
246 5.365620e-06 3.746317e-03
247 9.906139e-06 4.684688e-03
248 2.630556e-06 2.614488e-03
249 6.742598e-05 6.383009e-03
250 1.424344e-05 3.894986e-03
251 7.038610e-06 2.760057e-03
252 2.802459e-05 6.054326e-03
253 2.104911e-06 3.299666e-03
254 2.739459e-06 4.767131e-03
255 1.222530e-05 6.157186e-03
256 2.609438e-06 2.680883e-03
257 3.165649e-06 3.379337e-03
258 4.654623e-06 3.407685e-03
259 2.767511e-05 4.271558e-03
260 5.824052e-05 7.570928e-03
261 2.965828e-05 3.974179e-03
262 1.886817e-05 3.800440e-03
263 1.821110e-05 4.144399e-03
264 2.805952e-04 1.186586e-02
265 5.671812e-05 5.642464e-03
266 5.876629e-05 9.128578e-03
267 1.698017e-04 2.898600e-02
268 2.162098e-04 1.536104e-02
269 3.808424e-04 2.132272e-02
270 1.173788e-05 3.744369e-03
271 4.621965e-05 4.472636e-03
272 3.649929e-05 5.931497e-03
273 1.898068e-05 3.800714e-03
274 1.866217e-05 4.666833e-03
275 6.431257e-05 7.253571e-03
276 2.198090e-04 2.004046e-02
277 1.156866e-05 3.124773e-03
278 5.915030e-06 2.405608e-03
279 1.137364e-04 1.000958e-02
280 2.222802e-05 5.137602e-03
281 6.532900e-05 7.322361e-03
282 7.336678e-05 1.037023e-02
283 1.473606e-05 2.766146e-03
284 4.475192e-05 4.404406e-03
285 3.718811e-05 6.926710e-03
286 5.124106e-05 6.865079e-03
287 2.867853e-05 3.682656e-03
288 4.472072e-05 9.406809e-03
289 7.017076e-05 1.147040e-02
290 1.698780e-04 1.243885e-02
291 2.990155e-05 3.941204e-03
292 4.882900e-05 4.617013e-03
293 4.459880e-05 1.159567e-02
294 1.405301e-04 8.915681e-03
295 7.084670e-05 1.566945e-02
296 5.752138e-04 5.434201e-02
297 1.289536e-03 6.757570e-02
298 7.267705e-05 1.479180e-02
299 1.641905e-05 3.344597e-03
300 3.066831e-06 4.367591e-03
301 4.751252e-05 1.421449e-02
302 3.233420e-06 4.865270e-03
303 9.901126e-07 2.993537e-03
304 5.934033e-07 2.256963e-03
305 1.421310e-07 2.645606e-03
306 2.249769e-07 2.674390e-03
307 5.910659e-08 2.645246e-03
308 2.221306e-07 2.574419e-03
309 9.845238e-06 3.833590e-03
310 4.261069e-07 3.207101e-03
311 2.205694e-07 2.648749e-03
312 5.609029e-07 2.144044e-03
313 8.785187e-08 2.540141e-03
314 1.397854e-07 2.544334e-03
315 1.450774e-07 2.674105e-03
316 4.084099e-07 2.806797e-03
317 4.988722e-08 1.927776e-03
318 1.888200e-07 1.939271e-03
319 1.323598e-06 2.057598e-03
320 5.784139e-08 2.505677e-03
321 4.115606e-08 1.424409e-03
322 2.772455e-04 3.977357e-02
323 3.692391e-04 3.274842e-02
324 9.593360e-06 9.073290e-03
325 3.395217e-05 9.022025e-03
326 1.289881e-05 3.217279e-03
327 9.832160e-05 1.683558e-02
328 1.888247e-05 8.529126e-03
329 4.315572e-04 5.663299e-02
330 9.050761e-04 5.151453e-02
331 7.621896e-05 2.074686e-02
332 9.729064e-04 8.172846e-02
333 1.476755e-05 4.353960e-03
334 8.260153e-05 1.145104e-02
335 4.013772e-05 7.006875e-03
336 5.874466e-05 1.119448e-02
337 3.071482e-04 3.212797e-02
338 5.551597e-05 1.407665e-02
339 1.036311e-03 5.629585e-02
340 1.157215e-05 3.454628e-03
341 9.731174e-06 2.781432e-03
342 4.084952e-05 8.019390e-03
343 1.421780e-04 1.640506e-02
344 6.836166e-06 3.302075e-03
345 2.519149e-05 5.608035e-03
346 1.434331e-06 2.326870e-03
347 2.539553e-06 2.779932e-03
348 2.386333e-05 6.691149e-03
349 4.022077e-05 6.122335e-03
350 1.786280e-06 3.172205e-03
351 1.685341e-06 2.728231e-03
352 3.662621e-06 2.239406e-03
353 1.984974e-05 3.674235e-03
354 1.168443e-05 3.399428e-03
355 1.231395e-05 3.606023e-03
356 5.738368e-07 2.280934e-03
357 2.272150e-05 5.614994e-03
358 2.612168e-04 1.013271e-02
359 1.373623e-05 4.746556e-03
360 3.573171e-06 5.158599e-03
361 1.687924e-04 2.317092e-02
362 5.642983e-07 2.366388e-03
363 1.822725e-06 3.229447e-03
364 3.662621e-06 2.239406e-03
365 8.073940e-05 1.269748e-02
366 3.182754e-05 4.289915e-03
367 2.550854e-05 6.926789e-03
368 4.022077e-05 6.122335e-03
369 4.293208e-04 3.586231e-02
370 2.445273e-05 1.224448e-02
371 4.504838e-05 1.681987e-02
372 3.917999e-03 3.217991e-01
373 1.710169e-03 1.282658e-01
374 3.302979e-03 1.740819e-01
375 2.724160e-04 2.030670e-02
376 7.783456e-04 6.136285e-02
377 2.313290e-05 8.282895e-03
378 4.242546e-05 1.094146e-02
379 1.775630e-05 6.987788e-03
380 3.889785e-05 6.278510e-03
381 7.346839e-06 1.684350e-03
382 3.842678e-05 8.135105e-03
383 7.473402e-06 1.644777e-03
384 6.812571e-05 4.098847e-03
385 3.604755e-06 4.496900e-03
386 2.318417e-05 5.364019e-03
387 5.098015e-05 1.110234e-02
388 2.675851e-06 2.690161e-03
389 1.430652e-05 5.207323e-03
390 6.013526e-06 4.418571e-03
391 2.087799e-04 2.076394e-02
392 2.733024e-05 7.106753e-03
393 8.713018e-05 1.015674e-02
394 4.378759e-06 2.776394e-03
395 4.023469e-05 6.867626e-03
396 1.212446e-04 2.354364e-02
397 5.642682e-05 1.028375e-02
398 1.223229e-04 1.182258e-02
399 2.544857e-05 6.459643e-03
400 1.389138e-04 1.319696e-02
401 2.649894e-05 6.693801e-03
402 1.703280e-05 6.379779e-03
403 2.834908e-05 6.724381e-03
404 7.909907e-05 9.781300e-03
405 5.084273e-05 8.843948e-03
406 4.325715e-05 6.779807e-03
407 5.448432e-06 4.337974e-03
408 4.114726e-05 6.206018e-03
409 4.558929e-04 2.998705e-02
410 5.939702e-05 1.312885e-02
411 5.971394e-05 1.392627e-02
412 1.660898e-04 1.895663e-02
413 2.440798e-05 6.015823e-03
414 4.834743e-05 7.694461e-03
415 9.184051e-06 4.862908e-03
416 1.113958e-05 6.139363e-03
417 3.227357e-05 8.293533e-03
418 3.170116e-04 3.488044e-02
419 5.848261e-04 5.670971e-02
420 1.294131e-04 2.827570e-02
421 1.266762e-04 1.201926e-02
422 1.857174e-04 1.920682e-02
423 3.527802e-04 3.847222e-02
424 1.178700e-03 1.210456e-01
425 3.131408e-04 2.922650e-02
426 3.038439e-04 2.701994e-02
427 8.913182e-04 6.010189e-02
428 1.718850e-04 2.187120e-02
429 1.146759e-04 1.997026e-02
430 2.696819e-04 2.172519e-02
431 2.059369e-04 3.201230e-02
432 1.048751e-04 1.525894e-02
433 6.505585e-05 1.301870e-02
434 2.696819e-04 2.172519e-02
435 3.174662e-04 3.148953e-02
436 7.674279e-05 2.029500e-02
437 1.709353e-04 1.982137e-02
438 1.696475e-04 1.891595e-02
439 9.144560e-04 7.575943e-02
440 6.191680e-05 1.282903e-02
441 3.973335e-05 1.213296e-02
442 1.255879e-04 4.211852e-02
443 2.294009e-05 2.121374e-02
444 6.257925e-04 1.010972e-01
445 5.877679e-04 6.312170e-02
446 1.156750e-07 9.126086e-04
447 1.702067e-07 1.219635e-03
448 2.589606e-08 9.081515e-04
449 7.220222e-08 9.094023e-04
450 5.833781e-08 9.919869e-04
451 1.955461e-06 1.716920e-03
452 1.779705e-07 1.221057e-03
453 4.262424e-07 1.105436e-03
454 2.809807e-07 1.234674e-03
455 6.567978e-07 1.228511e-03
456 8.510022e-08 1.030187e-03
457 3.448838e-08 9.239124e-04
458 2.729391e-07 1.222353e-03
459 9.854631e-06 1.341216e-02
460 3.157477e-07 2.583989e-03
461 5.211321e-08 1.053076e-03
462 2.066376e-06 2.866721e-03
463 3.886470e-07 1.108863e-03
464 4.645777e-07 1.303548e-03
465 1.590885e-07 1.146805e-03
466 1.873366e-07 1.373031e-03
467 5.604440e-08 1.080481e-03
468 5.087794e-08 1.090680e-03
469 4.570134e-07 1.304770e-03
470 4.689369e-07 1.741077e-03
471 1.031954e-07 1.214739e-03
472 2.548568e-07 1.109907e-03
473 4.515617e-07 1.302747e-03
474 4.867830e-08 1.046813e-03
475 3.008345e-07 1.301523e-03
476 1.577065e-07 1.407326e-03
477 5.931928e-06 2.804538e-03
478 2.600548e-05 3.768399e-03
479 9.755177e-07 1.527277e-03
480 9.441427e-07 2.041483e-03
481 1.464827e-06 1.833845e-03
482 2.266141e-07 2.099977e-03
483 1.330112e-07 2.057676e-03
484 5.091709e-06 2.003010e-03
485 4.724911e-07 1.746489e-03
486 5.209310e-05 1.124089e-02
487 2.483583e-07 1.479538e-03
488 2.068999e-05 8.442561e-03
489 1.705723e-03 7.386209e-02
490 1.042624e-05 5.470386e-03
491 2.018903e-05 7.281744e-03
492 6.512382e-06 5.382964e-03
493 1.090136e-05 5.956414e-03
494 1.973983e-06 6.385974e-03
495 1.655687e-06 4.850429e-03
496 9.452262e-05 1.273074e-02
497 2.803500e-04 2.692453e-02
498 2.704071e-05 6.361659e-03
499 7.746388e-06 7.551215e-03
500 4.132193e-06 5.002394e-03
501 8.737599e-06 7.825324e-03
502 1.081009e-03 7.146160e-02
503 2.411585e-05 5.571566e-03
504 1.214284e-05 6.775675e-03
505 1.493466e-05 5.220180e-03
506 1.094020e-04 1.525819e-02
507 9.007365e-05 1.554055e-02
508 7.097998e-05 8.379557e-03
509 1.154523e-05 7.735801e-03
510 3.317914e-05 9.503357e-03
511 3.993770e-06 5.565612e-03
512 1.142178e-05 7.223242e-03
513 1.504115e-05 6.125696e-03
514 4.935527e-03 1.454571e-01
515 1.279352e-05 6.476790e-03
516 1.279352e-05 6.476790e-03
517 9.095543e-05 1.098390e-02
518 2.033229e-05 6.318748e-03
519 1.846903e-04 1.612287e-02
520 1.043456e-04 1.528932e-02
521 1.846903e-04 1.612287e-02
522 1.210390e-04 1.594561e-02
523 1.869200e-04 1.684956e-02
524 6.395728e-05 1.121878e-02
525 2.151362e-05 6.819865e-03
526 1.846903e-04 1.612287e-02
527 3.886250e-05 8.216724e-03
528 1.354876e-05 5.584717e-03
529 7.506079e-05 1.361858e-02
530 4.425908e-06 4.848555e-03
531 1.279352e-05 6.476790e-03
532 7.856197e-05 1.481192e-02
533 1.778457e-05 1.149699e-02
534 2.838767e-05 1.036309e-02
535 4.416439e-05 1.066660e-02
536 1.614183e-04 2.756687e-02
537 6.341796e-05 2.133156e-02
538 1.778457e-05 1.149699e-02
539 9.220098e-05 1.788076e-02
540 5.431666e-05 1.879147e-02
541 8.317415e-05 1.944599e-02
542 1.176494e-03 6.578443e-02
543 8.177131e-05 1.621288e-02
544 1.959050e-05 6.630952e-03
545 1.846378e-05 4.093959e-03
546 1.474427e-05 3.002691e-03
547 2.369693e-06 2.422899e-03
548 2.549091e-06 2.754242e-03
549 1.017843e-06 1.552565e-03
550 1.105117e-05 3.659599e-03
551 3.902579e-06 2.300136e-03
552 3.030408e-05 1.122927e-02
553 1.235026e-04 1.111351e-02
554 2.893509e-05 4.476563e-03
555 5.266148e-05 6.208348e-03
556 1.323877e-05 2.172039e-03
557 1.071904e-05 3.034870e-03
558 1.979616e-05 4.220236e-03
559 1.005035e-06 2.411740e-03
560 1.106671e-05 3.107399e-03
561 4.257627e-06 2.640765e-03
562 6.773679e-06 2.668107e-03
563 5.576890e-06 4.246086e-03
564 1.001786e-05 2.641087e-03
565 9.556406e-05 8.860647e-03
566 2.608325e-05 3.096121e-03
567 2.035288e-04 7.656000e-03
568 5.023869e-05 5.986891e-03
569 1.278698e-04 8.556506e-03
570 3.547639e-05 7.251348e-03
571 2.829980e-05 4.194344e-03
572 4.886754e-05 6.201857e-03
573 1.615993e-05 3.738026e-03
574 5.124947e-05 6.037180e-03
575 1.782763e-05 4.604330e-03
576 3.316891e-05 6.046922e-03
577 2.966499e-05 5.870904e-03
578 1.663967e-05 7.239381e-03
579 4.888493e-04 5.399052e-02
580 5.519274e-05 7.767637e-03
581 4.490754e-06 2.785240e-03
582 5.523756e-05 7.031602e-03
583 2.201219e-05 5.996652e-03
584 2.795955e-05 4.623448e-03
585 5.523756e-05 7.031602e-03
586 3.063535e-05 8.877212e-03
587 8.759225e-06 1.036420e-02
588 3.982741e-05 6.163090e-03
589 5.008761e-06 2.101739e-03
590 2.363949e-03 9.578501e-02
591 1.318612e-04 8.747281e-03
592 1.296859e-05 3.830610e-03
593 1.332327e-05 1.371338e-02
594 3.135787e-05 4.672588e-03
595 4.325646e-06 6.291364e-03
596 5.180334e-03 1.926517e-01
597 2.251275e-07 1.905297e-03
598 2.167464e-06 1.894185e-03
599 8.135719e-07 1.910989e-03
600 1.373626e-06 2.005062e-03
601 6.463515e-06 2.699702e-03
602 2.371778e-06 2.495105e-03
603 2.774926e-06 3.167709e-03
604 5.304911e-07 1.908186e-03
605 2.121286e-06 2.014310e-03
606 5.358313e-07 1.911714e-03
607 2.006554e-07 1.770828e-03
608 8.956755e-07 2.000330e-03
609 6.071441e-05 8.930460e-03
610 7.925006e-06 3.863255e-03
611 1.264920e-03 6.090191e-02
612 1.631197e-04 1.909754e-02
613 8.990678e-05 1.365565e-02
614 1.049442e-04 2.041925e-02
615 3.029553e-05 8.979474e-03
616 1.998886e-06 3.246629e-03
617 3.240796e-05 1.039081e-02
618 5.128171e-06 4.114986e-03
619 5.981701e-06 4.689539e-03
620 9.956340e-06 5.243956e-03
621 5.265020e-04 2.603915e-02
622 1.543547e-05 5.516067e-03
623 1.129492e-05 6.978932e-03
624 1.084011e-05 5.700825e-03
625 9.757918e-06 4.200488e-03
626 4.595242e-03 8.715321e-02
627 1.546147e-05 4.495181e-03
628 2.456479e-05 1.160184e-02
629 1.649759e-04 1.538905e-02
630 1.482559e-04 1.510257e-02
631 1.126527e-04 1.016678e-02
632 2.793639e-04 2.252804e-02
633 1.414395e-05 5.668180e-03
634 9.558352e-06 4.470446e-03
635 1.040876e-05 4.629405e-03
636 6.345792e-05 5.778227e-03
637 1.219858e-04 1.001614e-02
638 4.072027e-05 7.969472e-03
639 5.944536e-05 1.282204e-02
640 1.346143e-05 4.287066e-03
641 6.025162e-06 5.168229e-03
642 1.570788e-05 6.387057e-03
643 1.894456e-04 2.465285e-02
644 2.424842e-05 5.463874e-03
645 3.675798e-05 1.062671e-02
646 7.023975e-05 1.673315e-02
647 1.273956e-05 6.979777e-03
648 1.008318e-04 1.789634e-02
649 7.713399e-05 8.685205e-03
650 1.123774e-05 5.371179e-03
651 1.208777e-05 6.102092e-03
652 3.005197e-05 6.952281e-03
653 2.068303e-03 1.672766e-01
654 3.007077e-04 5.650231e-02
655 1.224174e-06 2.785065e-03
656 2.652449e-04 1.576062e-02
657 1.964377e-03 1.746061e-01
658 8.093462e-05 1.484178e-02
659 3.651605e-05 1.172274e-02
660 2.367767e-05 1.089139e-02
661 1.904974e-04 2.031144e-02
662 9.265743e-04 5.139657e-02
663 8.252327e-05 1.007452e-02
664 3.876056e-05 1.177153e-02
665 4.486289e-05 1.239567e-02
666 7.836419e-05 1.992138e-02
667 3.445613e-05 9.640177e-03
668 1.184809e-05 6.189376e-03
669 6.780276e-05 1.732137e-02
670 8.980989e-05 1.437547e-02
671 1.194910e-04 2.186173e-02
672 1.215345e-05 6.670392e-03
673 1.063017e-03 9.446571e-02
674 1.088857e-05 5.878680e-03
675 1.512813e-03 5.259431e-02
676 5.711724e-05 1.273324e-02
677 1.718371e-04 2.572862e-02
678 1.721967e-05 7.394312e-03
679 7.384016e-04 4.575886e-02
680 4.967264e-06 3.319908e-03
681 5.956419e-05 7.748623e-03
682 3.524194e-03 1.881391e-01
683 4.316758e-05 1.093952e-02
684 4.129420e-04 3.529585e-02
685 3.288974e-05 6.498343e-03
686 2.279103e-03 8.457473e-02
687 1.972986e-05 4.168745e-03
688 1.606832e-05 7.540596e-03
689 1.582305e-05 7.919046e-03
690 6.066205e-05 6.774363e-03
691 3.280314e-05 1.311367e-02
692 5.979848e-05 9.163592e-03
693 2.360303e-05 6.293134e-03
694 9.899767e-06 3.248334e-03
695 2.910729e-05 7.094494e-03
696 5.146046e-04 3.577677e-02
697 6.009346e-04 5.718022e-02
698 5.864677e-04 6.039486e-02
699 6.526820e-05 1.502543e-02
700 8.754143e-05 1.348327e-02
701 1.888058e-05 7.853541e-03
702 5.456105e-05 9.932353e-03
703 4.073818e-05 6.255939e-03
704 1.118467e-04 1.922295e-02
705 3.797769e-05 6.026500e-03
706 7.564990e-05 8.758248e-03
707 3.782070e-05 5.425235e-03
708 3.558012e-03 2.325250e-01
709 7.034659e-05 1.895593e-02
710 2.107803e-04 2.221096e-02
711 2.518880e-04 3.555839e-02
712 3.111000e-04 1.962858e-02
713 3.285062e-05 2.045714e-02
714 5.631090e-05 1.136845e-02
715 1.092221e-05 6.079045e-03
716 4.248984e-05 1.358225e-02
717 2.025451e-04 2.246176e-02
718 3.122162e-05 8.132022e-03
719 2.199975e-05 9.322006e-03
720 4.611389e-05 1.558196e-02
721 1.295560e-04 1.023309e-02
722 1.494341e-04 1.551856e-02
723 4.211603e-04 2.437160e-02
724 1.174060e-05 6.481758e-03
725 1.128431e-05 6.483310e-03
726 3.460125e-05 9.716223e-03
727 1.169961e-03 6.771801e-02
728 2.122301e-05 1.107836e-02
729 5.262228e-05 1.007833e-02
730 4.082575e-05 1.245315e-02
731 6.314742e-06 4.968522e-03
732 1.628133e-05 5.132293e-03
733 3.157070e-05 6.634027e-03
734 3.961066e-05 1.024910e-02
735 1.722284e-05 6.117653e-03
736 4.824516e-05 1.589199e-02
737 6.395041e-04 4.423863e-02
738 1.758346e-04 2.163915e-02
739 1.192832e-05 6.609490e-03
740 1.956593e-05 7.427105e-03
741 1.569204e-05 5.537414e-03
742 9.398374e-05 1.192184e-02
743 3.280875e-05 8.182276e-03
744 8.085284e-05 9.485375e-03
745 6.557972e-05 1.647237e-02
746 2.965431e-05 6.938320e-03
747 2.965431e-05 6.938320e-03
748 3.979404e-06 5.708720e-03
749 1.724007e-04 2.155535e-02
750 3.078295e-04 2.316194e-02
751 1.053105e-05 7.411775e-03
752 4.169569e-05 8.906903e-03
753 1.285521e-03 9.579639e-02
754 1.997930e-04 1.013530e-02
755 3.789499e-04 1.450659e-02
756 1.819729e-05 9.849304e-03
757 1.341554e-03 3.330025e-02
758 7.350731e-06 4.659412e-03
759 8.027770e-05 7.249448e-03
760 7.771051e-04 4.050197e-02
761 4.194235e-04 4.808093e-02
762 2.497913e-05 7.174328e-03
763 3.974059e-05 7.284737e-03
764 2.840369e-05 7.364302e-03
765 1.659568e-03 1.609540e-01
766 2.636204e-03 1.940673e-01
767 1.534568e-04 4.260398e-02
768 8.166540e-04 7.377160e-02
769 2.465074e-05 8.514146e-03
770 7.116621e-06 4.437056e-03
771 6.855550e-06 4.110271e-03
772 2.814038e-06 4.274298e-03
773 6.337604e-04 2.699410e-02
774 7.025009e-06 4.728582e-03
775 2.495769e-05 9.177692e-03
776 3.426235e-06 5.068947e-03
777 1.559170e-05 8.420457e-03
778 1.163849e-04 1.363521e-02
779 1.747521e-05 7.384699e-03
780 4.603922e-06 4.721840e-03
781 5.839291e-06 5.148627e-03
782 7.960054e-07 2.224571e-03
783 4.296628e-06 3.396629e-03
784 2.615355e-05 1.073764e-02
785 5.435343e-05 6.802090e-03
786 3.277617e-05 5.186531e-03
787 2.245036e-05 6.170901e-03
788 5.644514e-05 8.848367e-03
789 3.459069e-05 6.607243e-03
790 6.645938e-04 4.102805e-02
791 2.297326e-05 3.260996e-03
792 8.590481e-05 8.209817e-03
793 3.782645e-05 6.790295e-03
794 1.097887e-03 1.244731e-01
795 1.537700e-04 5.509487e-03
796 2.429490e-05 3.717863e-03
797 6.355863e-04 3.411117e-02
798 2.957253e-05 5.296009e-03
799 5.534004e-04 1.715342e-02
800 1.208301e-04 8.822241e-03
801 3.355976e-05 6.560503e-03
802 2.673124e-04 7.932610e-03
803 6.695657e-04 3.924788e-02
804 4.902996e-05 6.763236e-03
805 2.361461e-04 1.204023e-02
806 4.773022e-04 8.390638e-02
807 3.766057e-04 1.316711e-02
808 2.027464e-05 4.837658e-03
809 1.455588e-04 1.388919e-02
810 2.802625e-06 2.229705e-03
811 5.622683e-05 9.652832e-03
812 1.556721e-05 3.659443e-03
813 1.951373e-04 2.071007e-02
814 7.540506e-05 1.082669e-02
815 1.154589e-04 1.203082e-02
816 9.812942e-04 2.313263e-02
817 7.015884e-04 2.376438e-02
818 2.805785e-05 9.280694e-03
819 7.598446e-05 9.681571e-03
820 2.924216e-04 2.635506e-02
821 2.915229e-04 2.638072e-02
822 1.202877e-04 2.839523e-02
823 8.156713e-04 8.274072e-02
824 2.318759e-03 2.218533e-01
825 9.473884e-04 1.489637e-01
826 1.780258e-03 1.202415e-01
827 3.921106e-04 6.611926e-02
828 1.681576e-03 2.668474e-01
829 8.272131e-04 1.087172e-01
830 1.872289e-05 5.956851e-03
831 1.599318e-05 4.330880e-03
832 7.265566e-06 4.762038e-03
833 3.599367e-05 9.575392e-03
834 6.154097e-05 4.540167e-03
835 1.839861e-05 6.252966e-03
836 2.454195e-05 4.024465e-03
837 4.922685e-05 7.664583e-03
838 3.775707e-05 4.664822e-03
839 1.590530e-05 4.401926e-03
840 6.128938e-05 1.363790e-02
841 6.434953e-05 5.408588e-03
842 2.130797e-05 7.695936e-03
843 7.999090e-05 8.624571e-03
844 2.275256e-04 1.485542e-02
845 3.144532e-04 1.528644e-02
846 3.645921e-04 2.174413e-02
847 6.434953e-05 5.408588e-03
848 1.228174e-04 1.094795e-02
849 3.854914e-04 1.932064e-02
850 4.280834e-05 5.295218e-03
851 6.720988e-04 5.258901e-02
852 2.708988e-05 5.988910e-03
853 1.145340e-04 7.722344e-03
854 3.962535e-05 5.196658e-03
855 1.141853e-04 7.489696e-03
856 5.076471e-07 1.461338e-03
857 2.170570e-06 1.250512e-03
858 2.561731e-06 1.977127e-03
859 3.572948e-07 1.483251e-03
860 2.788298e-04 2.734696e-02
861 1.692757e-05 5.211563e-03
862 1.449192e-06 1.500119e-03
863 1.240486e-06 1.415947e-03
864 3.164370e-07 1.382376e-03
865 1.292305e-06 1.426940e-03
866 1.493652e-06 1.891021e-03
867 3.149748e-06 1.423811e-03
868 4.501354e-07 1.344550e-03
869 1.328400e-06 1.574241e-03
870 8.882598e-07 1.482919e-03
871 1.285891e-07 1.386543e-03
872 4.462354e-07 1.850660e-03
873 3.441028e-07 1.394732e-03
874 1.526422e-06 1.349831e-03
875 1.126942e-04 3.061422e-02
876 4.938436e-07 1.426680e-03
877 1.239884e-06 1.397260e-03
878 1.522590e-06 1.766749e-03
879 2.876705e-07 1.340932e-03
880 6.828995e-07 1.343060e-03
881 3.031966e-07 1.386673e-03
882 4.022673e-06 1.660204e-03
883 7.782223e-06 1.446144e-03
884 1.237472e-06 1.388371e-03
885 2.043971e-06 1.438383e-03
886 2.934913e-05 3.014457e-03
887 1.294917e-04 3.891773e-03
888 8.272861e-05 9.346815e-03
889 3.942575e-04 1.962176e-02
890 3.247885e-04 1.294857e-02
891 7.811066e-04 3.609117e-02
892 1.941079e-03 5.837753e-02
893 4.090192e-05 4.946329e-03
894 2.056665e-05 3.132518e-03
895 5.162033e-05 5.170970e-03
896 1.077885e-04 9.282888e-03
897 1.199258e-03 3.849750e-02
898 1.520455e-04 1.190829e-02
899 4.154688e-04 4.753774e-02
900 7.946429e-05 4.817734e-03
901 1.947835e-05 3.458211e-03
902 4.114414e-05 6.503508e-03
903 1.673861e-05 5.730420e-03
904 4.177960e-04 6.899861e-02
905 8.131665e-05 1.316383e-02
906 1.619542e-04 3.042892e-02
907 1.742101e-03 1.482746e-01
908 1.757517e-05 2.438752e-03
909 1.744312e-05 2.805516e-03
910 2.133073e-06 1.532129e-03
911 7.139389e-05 3.705726e-03
912 2.607435e-05 2.847132e-03
913 1.161000e-05 1.556224e-03
914 3.076206e-05 4.152481e-03
915 1.778260e-05 2.461849e-03
916 2.476411e-04 2.360298e-02
917 4.445075e-06 2.028241e-03
918 3.684864e-06 1.698634e-03
919 1.114943e-06 1.371933e-03
920 9.443895e-06 1.971021e-03
921 2.401104e-07 1.049658e-03
922 7.456982e-07 1.367215e-03
923 1.918688e-05 1.699284e-02
924 3.213052e-05 7.813921e-03
925 5.931637e-07 1.023829e-03
926 1.713828e-05 5.493037e-03
927 1.794588e-06 1.256005e-03
928 3.785378e-05 2.642752e-03
929 1.186356e-04 4.392849e-03
930 2.424753e-05 2.139986e-03
931 1.200042e-05 3.007023e-03
932 5.979595e-07 1.460722e-03
933 4.783565e-06 1.386006e-03
934 6.839556e-06 3.127284e-03
935 2.452223e-06 1.521498e-03
936 4.944383e-07 1.140160e-03
937 3.646986e-06 1.893517e-03
938 1.422771e-06 1.646067e-03
939 1.078482e-05 2.054714e-03
940 1.228613e-05 1.802157e-03
941 4.256724e-06 3.095186e-03
942 2.289010e-06 1.532583e-03
943 3.260980e-06 1.355200e-03
944 9.037532e-06 2.189313e-03
945 6.427401e-06 2.096731e-03
946 1.582977e-05 3.211781e-03
947 4.907530e-05 2.830554e-02
948 1.052001e-05 6.615757e-03
949 2.791803e-05 9.895160e-03
950 2.411121e-05 7.557740e-03
951 4.499045e-05 1.514975e-02
952 8.576688e-05 1.096112e-02
953 1.448754e-05 8.171446e-03
954 1.911641e-06 2.962296e-03
955 2.762792e-04 2.472798e-02
956 3.079465e-06 2.981300e-03
957 9.378463e-06 7.906306e-03
958 1.428203e-05 6.453169e-03
959 1.094536e-04 3.604721e-02
960 4.808358e-05 1.783421e-02
961 2.102643e-05 7.841996e-03
962 2.852004e-05 1.144839e-02
963 6.202589e-06 3.650981e-03
964 1.174260e-04 2.753232e-02
965 3.959843e-06 5.300949e-03
966 5.611731e-04 7.891700e-02
967 2.749456e-04 3.413152e-02
968 1.308624e-05 3.699787e-03
969 5.384469e-05 6.517329e-03
970 4.502075e-05 1.559398e-02
971 3.002949e-06 2.848723e-03
972 4.914771e-06 6.743309e-03
973 2.404004e-05 8.639324e-03
974 2.451214e-06 3.178976e-03
975 8.418956e-06 6.168492e-03
976 7.133557e-04 3.571258e-02
977 3.559330e-05 4.615881e-03
978 2.302930e-05 3.699421e-03
979 1.245737e-06 2.636834e-03
980 2.012269e-07 1.205634e-03
981 3.625410e-06 3.609539e-03
982 1.429394e-05 4.507871e-03
983 2.900014e-06 2.394185e-03
984 8.845223e-06 3.806201e-03
985 3.295243e-06 2.969186e-03
986 5.095744e-06 3.043603e-03
987 1.911015e-06 1.191844e-03
988 4.119403e-06 2.000397e-03
989 1.974750e-05 5.372134e-03
990 8.406682e-06 3.009150e-03
991 1.139337e-05 4.910871e-03
992 1.641099e-06 2.043979e-03
993 1.702436e-06 2.181632e-03
994 6.489533e-07 2.062393e-03
995 4.079405e-06 2.237692e-03
996 2.018827e-06 2.734754e-03
997 6.000184e-05 7.229887e-03
998 2.154929e-05 3.057158e-03
999 1.320051e-05 2.716800e-03
1000 5.476737e-06 1.492465e-03
1001 2.256036e-06 1.480564e-03
1002 8.959600e-06 3.661299e-03
1003 3.743581e-06 1.610539e-03
1004 9.098010e-06 3.303383e-03
1005 3.126322e-06 2.571328e-03
1006 1.718613e-05 3.394034e-03
1007 2.002421e-06 2.788808e-03
1008 7.029808e-06 2.276560e-03
1009 1.321965e-05 3.217704e-03
1010 2.884338e-06 2.534989e-03
1011 8.497233e-06 3.099653e-03
1012 5.073079e-06 2.865799e-03
1013 6.240287e-07 2.009841e-03
1014 8.345832e-06 2.914154e-03
1015 7.025358e-07 2.081748e-03
1016 2.068539e-06 1.481323e-03
1017 2.062704e-06 1.511796e-03
1018 1.710056e-06 2.422559e-03
1019 8.852772e-06 3.878953e-03
1020 1.321111e-06 1.611797e-03
1021 1.141276e-05 2.385919e-03
1022 6.576041e-07 1.107181e-03
1023 3.478636e-06 1.643401e-03
1024 8.047304e-07 1.370694e-03
1025 2.408935e-06 2.082951e-03
1026 8.832027e-04 2.380365e-01
1027 3.618219e-04 3.972853e-02
1028 8.364924e-04 4.235533e-02
1029 2.119080e-04 2.703406e-02
1030 1.221155e-03 7.370287e-02
1031 7.881998e-04 1.223329e-01
1032 2.780853e-05 6.011788e-03
1033 2.810134e-05 1.348633e-02
1034 4.076542e-04 5.501746e-02
1035 7.174681e-06 3.386142e-03
1036 1.272852e-05 8.130137e-03
1037 6.906150e-05 1.716572e-02
1038 1.834449e-06 2.730725e-03
1039 4.640915e-05 9.599123e-03
1040 1.953412e-05 7.802646e-03
1041 5.182089e-05 2.356345e-02
1042 1.827545e-05 9.712181e-03
1043 4.984053e-05 1.225542e-02
1044 8.644635e-05 1.514252e-02
1045 2.523234e-05 6.810574e-03
1046 8.952056e-05 1.769658e-02
1047 4.857393e-04 3.084732e-02
1048 8.638548e-05 3.235896e-02
1049 3.008073e-05 7.672705e-03
1050 9.052193e-04 8.568533e-02
1051 1.441250e-04 5.680068e-02
1052 1.727190e-07 1.209613e-03
1053 3.504897e-07 1.779261e-03
1054 5.244307e-05 1.870020e-02
1055 3.103640e-07 1.536143e-03
1056 6.555049e-06 4.509859e-03
1057 2.326021e-06 2.044879e-03
1058 6.469124e-07 1.967460e-03
1059 1.336108e-07 1.026022e-03
1060 1.345790e-07 9.518311e-04
1061 6.025358e-06 2.410709e-03
1062 2.149206e-06 1.728828e-03
1063 8.723219e-06 3.363555e-03
1064 2.581512e-04 1.630532e-02
1065 5.783021e-05 9.931924e-03
1066 3.232139e-07 1.566069e-03
1067 7.465624e-08 1.437929e-03
1068 1.083124e-07 1.462355e-03
1069 2.221562e-07 1.608604e-03
1070 2.097549e-05 1.296884e-02
1071 6.874115e-06 4.762716e-03
1072 4.708895e-06 2.597738e-03
1073 6.600000e-05 1.076079e-02
1074 5.193571e-07 1.034621e-03
1075 1.020089e-04 1.370463e-02
1076 2.031549e-05 3.378350e-03
1077 5.420712e-05 8.549774e-03
1078 9.349427e-07 1.597014e-03
1079 1.120726e-05 5.181849e-03
1080 5.079533e-07 1.543099e-03
1081 2.150201e-07 1.454981e-03
1082 5.142949e-07 1.467319e-03
1083 1.568939e-06 1.744688e-03
1084 1.188650e-07 1.222222e-03
1085 3.400918e-06 3.907254e-03
1086 1.855577e-07 1.227824e-03
1087 4.636523e-07 1.349444e-03
1088 1.117636e-06 4.657334e-03
1089 1.129182e-07 1.227864e-03
1090 6.756823e-08 1.192719e-03
1091 1.188650e-07 1.222222e-03
1092 2.212887e-03 2.134225e-01
1093 2.579662e-05 1.791223e-02
1094 2.458308e-05 1.293764e-02
1095 2.304141e-06 1.531875e-03
1096 8.156202e-07 1.446728e-03
1097 2.220968e-05 4.197663e-03
1098 2.154468e-05 5.147265e-03
1099 4.983612e-06 3.050441e-03
1100 1.075112e-05 2.275510e-03
1101 1.756589e-05 2.665803e-03
1102 7.366110e-06 2.494762e-03
1103 9.943034e-06 2.161095e-03
1104 4.170533e-04 2.542088e-02
1105 8.705377e-07 1.490252e-03
1106 1.797778e-06 2.172275e-03
1107 3.086216e-06 2.958487e-03
1108 2.474749e-06 1.617790e-03
1109 2.559662e-06 1.940099e-03
1110 7.764105e-06 4.368148e-03
1111 7.985907e-06 3.580479e-03
1112 1.151821e-04 1.375321e-02
1113 5.753521e-05 8.510266e-03
1114 1.742519e-06 1.947777e-03
1115 6.647816e-05 1.137151e-02
1116 9.194231e-07 1.458190e-03
1117 5.420982e-07 1.563741e-03
1118 2.076320e-05 4.458729e-03
1119 6.300020e-05 1.079352e-02
1120 7.844189e-06 3.336956e-03
1121 1.901182e-05 4.237264e-03
1122 6.560682e-06 2.949356e-03
1123 3.881841e-06 1.996613e-03
1124 3.076586e-06 2.812025e-03
1125 7.382795e-06 2.670241e-03
1126 7.352389e-06 3.345549e-03
1127 4.382233e-06 2.461543e-03
1128 1.108941e-05 2.683532e-03
1129 9.537898e-06 2.320892e-03
1130 7.422761e-06 3.330158e-03
1131 3.551449e-04 1.887587e-02
1132 6.339442e-04 8.635350e-02
1133 3.331117e-04 3.097260e-02
1134 8.372869e-05 6.347601e-03
1135 9.573998e-06 1.803783e-03
1136 2.714531e-05 2.594781e-03
1137 2.291302e-05 3.858868e-03
1138 3.171477e-05 3.983801e-03
1139 1.638477e-05 4.338212e-03
1140 8.709622e-04 1.063857e-01
1141 8.880834e-05 1.112282e-02
1142 3.900302e-05 4.856327e-03
1143 2.501613e-05 4.619967e-03
1144 2.014412e-04 2.527278e-02
1145 4.587771e-05 7.280978e-03
1146 3.480564e-04 3.806121e-02
1147 2.200842e-04 2.962266e-02
1148 7.084878e-05 7.842038e-03
1149 6.644843e-05 6.188150e-03
1150 5.259299e-05 5.825611e-03
1151 8.006973e-05 5.259398e-03
1152 3.348955e-05 4.531350e-03
1153 2.003691e-05 3.447346e-03
1154 2.197020e-05 4.880428e-03
1155 1.797390e-05 3.125093e-03
1156 3.946458e-05 1.352827e-02
1157 2.133022e-04 2.640538e-02
1158 4.638021e-05 1.125901e-02
1159 6.494650e-04 6.299878e-02
1160 6.315314e-05 6.082870e-03
1161 2.640485e-05 5.055679e-03
1162 2.412676e-04 1.957614e-02
1163 6.437692e-04 3.544230e-02
1164 1.011065e-04 7.737684e-03
1165 6.033516e-05 5.108302e-03
1166 1.427955e-04 2.477439e-02
1167 2.269018e-04 1.389410e-02
1168 1.005235e-04 6.468352e-03
1169 3.674075e-04 1.970228e-02
1170 1.503988e-04 1.648718e-02
1171 6.315314e-05 6.082870e-03
1172 1.670944e-04 1.355315e-02
1173 5.832100e-04 5.705131e-02
1174 4.867406e-04 4.432356e-02
1175 1.694925e-04 2.249260e-02
1176 6.074868e-03 5.266310e-01
1177 2.444228e-06 3.010677e-03
1178 1.083256e-04 1.562825e-02
1179 9.100393e-05 1.906343e-02
1180 4.701230e-05 1.646641e-02
1181 6.721208e-05 1.197634e-02
1182 7.225396e-05 1.670238e-02
1183 7.350347e-05 1.348567e-02
1184 1.898639e-04 3.382830e-02
1185 4.228597e-04 4.982685e-02
1186 5.140128e-05 1.247506e-02
1187 1.604420e-05 6.300387e-03
1188 2.870521e-05 8.738509e-03
1189 9.067150e-05 1.593491e-02
1190 4.785243e-04 4.380014e-02
1191 3.530327e-05 1.091405e-02
1192 3.642261e-04 2.900281e-02
1193 4.173601e-05 2.162073e-02
1194 7.215683e-04 4.715112e-02
1195 2.291620e-04 2.064113e-02
1196 3.489333e-04 2.128600e-02
1197 7.565139e-05 1.225094e-02
1198 9.217199e-05 2.075604e-02
1199 2.042653e-04 1.959452e-02
1200 5.864171e-04 3.093825e-02
1201 1.480629e-04 1.984755e-02
1202 1.386620e-05 1.164855e-02
1203 3.894173e-04 2.794775e-02
1204 2.368615e-04 3.328947e-02
1205 8.247316e-06 4.436834e-03
1206 3.916415e-05 1.321201e-02
1207 2.306170e-06 3.518665e-03
1208 1.355943e-04 2.619516e-02
1209 8.976458e-06 7.532284e-03
1210 3.015680e-05 7.286499e-03
1211 1.083893e-05 3.203167e-03
1212 1.150984e-05 2.982613e-03
1213 1.855115e-05 6.673297e-03
1214 2.051308e-05 7.515893e-03
1215 1.141640e-04 2.705829e-02
1216 2.117241e-06 4.158200e-03
1217 1.635302e-03 7.677808e-02
1218 1.076963e-05 5.573482e-03
1219 1.057704e-06 1.129567e-03
1220 3.093234e-06 3.187662e-03
1221 2.027212e-05 2.514204e-03
1222 7.831680e-04 6.532811e-02
1223 1.561829e-06 1.964749e-03
1224 2.053677e-06 1.807920e-03
1225 3.739877e-04 2.309567e-02
1226 6.293408e-07 2.241492e-03
1227 2.125153e-03 1.192466e-01
1228 4.991905e-05 4.059979e-03
1229 1.870117e-06 1.194580e-03
1230 4.289330e-06 2.315666e-03
1231 2.062555e-06 1.478219e-03
1232 9.491951e-07 1.978319e-03
1233 2.472704e-06 2.177632e-03
1234 3.220878e-06 2.922577e-03
1235 2.803891e-06 2.421021e-03
1236 4.496247e-06 2.508704e-03
1237 2.635843e-06 2.307916e-03
1238 7.491129e-06 2.814122e-03
1239 1.575433e-06 2.190305e-03
1240 4.444186e-03 2.496869e-01
1241 1.097763e-05 4.031868e-03
1242 2.524853e-06 2.381717e-03
1243 7.069128e-06 2.668492e-03
1244 2.446485e-06 2.207163e-03
1245 4.417157e-06 2.459141e-03
1246 4.194707e-06 2.289929e-03
1247 1.710402e-05 9.630309e-03
1248 1.148864e-04 2.480825e-02
1249 1.257428e-05 9.438266e-03
1250 3.214103e-05 1.188333e-02
1251 2.010954e-05 1.299312e-02
1252 3.334690e-05 1.462414e-02
1253 4.760029e-05 1.232957e-02
1254 2.489616e-05 7.006208e-03
1255 2.768462e-03 1.080997e-01
1256 1.370858e-05 4.753270e-03
1257 3.832983e-03 1.949820e-01
1258 8.142793e-04 2.711179e-02
1259 9.050971e-04 5.869025e-02
1260 4.179768e-05 1.185839e-02
1261 9.629918e-07 1.759382e-03
1262 2.358222e-04 2.229516e-02
1263 5.666234e-06 3.450637e-03
1264 5.338593e-05 2.481171e-02
1265 7.443628e-07 2.785856e-03
1266 1.020742e-05 5.866737e-03
1267 2.116677e-07 1.920777e-03
1268 8.305312e-06 4.586458e-03
1269 1.810405e-04 3.031666e-02
1270 8.758852e-05 1.576609e-02
1271 1.932753e-05 7.459061e-03
1272 2.703565e-06 2.917555e-03
1273 2.738140e-05 3.130952e-03
1274 3.551648e-05 1.518453e-02
1275 2.413640e-04 2.498969e-02
1276 1.992794e-04 3.488057e-02
1277 1.827957e-04 5.216967e-02
1278 3.589080e-04 4.125534e-02
1279 1.053746e-05 3.701069e-03
1280 4.833821e-06 6.999545e-03
1281 5.951279e-06 8.139814e-03
1282 3.968697e-05 1.241604e-02
1283 2.769814e-05 9.141414e-03
1284 2.732652e-04 3.623594e-02
1285 4.461855e-05 8.927566e-03
1286 2.467258e-04 2.297001e-02
1287 4.754876e-05 5.018423e-03
1288 4.169402e-04 6.132756e-02
1289 1.360700e-04 1.018869e-01
1290 2.134273e-06 1.690874e-03
1291 9.552793e-05 1.154100e-02
1292 2.588605e-05 4.625857e-03
1293 2.000248e-03 5.986108e-02
1294 1.811369e-06 2.273808e-03
1295 9.360661e-05 7.111728e-03
1296 2.235571e-04 9.326233e-03
1297 1.062899e-03 7.682573e-02
1298 4.165211e-04 5.023733e-02
1299 6.746019e-05 7.439304e-03
1300 9.743867e-04 9.027094e-02
1301 9.600985e-06 2.543941e-03
1302 2.734324e-05 3.002803e-03
1303 2.781429e-05 1.251780e-02
1304 1.245714e-04 1.831061e-02
1305 6.333403e-05 1.078207e-02
1306 2.197758e-05 9.704900e-03
1307 5.324943e-05 9.185693e-03
1308 8.919797e-06 9.265961e-03
1309 6.956784e-04 2.542324e-02
1310 7.706705e-04 6.170033e-02
1311 1.400894e-04 2.500275e-02
1312 4.129242e-03 1.352835e-01
1313 4.938708e-06 3.454710e-03
1314 1.015761e-04 1.049415e-02
1315 1.989548e-05 5.569099e-03
1316 1.055900e-06 4.943862e-03
1317 1.874512e-06 3.371997e-03
1318 1.355420e-06 1.884602e-03
1319 1.526488e-06 2.428703e-03
1320 7.921962e-07 4.274241e-03
1321 1.987179e-06 3.955143e-03
1322 4.886429e-07 1.518631e-03
1323 4.755116e-05 1.102253e-02
1324 1.644351e-06 1.985037e-03
1325 1.097344e-05 5.719651e-03
1326 6.027032e-05 5.820483e-03
1327 3.002994e-05 6.825982e-03
1328 1.656101e-05 3.439436e-03
1329 4.985432e-07 2.759807e-03
1330 8.512506e-05 6.944951e-03
1331 1.133193e-03 4.493065e-02
1332 1.634895e-03 6.718840e-02
1333 1.310661e-04 1.456387e-02
1334 4.698749e-05 1.907372e-02
1335 1.090629e-05 7.366584e-03
1336 1.018013e-05 6.400247e-03
1337 2.348428e-05 3.261443e-03
1338 3.728486e-05 6.220082e-03
1339 1.050966e-04 2.238422e-02
1340 1.833382e-05 8.892620e-03
1341 7.327357e-05 5.271575e-03
1342 1.092122e-06 1.590863e-03
1343 2.778345e-04 5.057433e-02
1344 3.109118e-06 4.811365e-03
1345 3.430927e-04 6.685971e-02
1346 6.078627e-05 1.903739e-02
1347 9.331872e-05 2.533390e-02
1348 3.608522e-05 1.474948e-02
1349 4.470646e-05 1.128117e-02
1350 5.606763e-04 6.772190e-02
1351 1.545231e-03 1.266100e-01
1352 7.523342e-04 3.846781e-02
1353 3.111776e-07 3.222313e-03
1354 1.186494e-06 2.816275e-03
1355 3.816600e-05 2.550285e-02
1356 4.468260e-07 4.306168e-03
1357 7.319955e-06 4.954980e-03
1358 4.921785e-04 3.044964e-02
1359 2.900638e-05 1.967713e-02
1360 4.681485e-06 1.758863e-03
1361 3.646089e-05 7.913146e-03
1362 1.006631e-05 2.702827e-03
1363 3.258861e-07 1.339677e-03
1364 2.550049e-06 1.215613e-03
1365 2.474240e-06 1.859842e-03
1366 1.233480e-05 6.692216e-03
1367 1.836813e-04 1.678371e-02
1368 6.610121e-06 2.802148e-03
1369 4.569235e-06 2.125096e-03
1370 6.156537e-07 1.092423e-03
1371 1.381692e-06 1.542146e-03
1372 1.346273e-06 1.074331e-03
1373 1.007748e-06 1.953343e-03
1374 4.729104e-06 3.110673e-03
1375 1.285456e-04 3.937436e-02
1376 8.431633e-06 2.260902e-03
1377 3.853564e-05 6.580173e-03
1378 2.364349e-05 8.397201e-03
1379 1.110690e-04 1.537251e-02
1380 5.152805e-05 2.537829e-02
1381 3.970725e-05 2.079983e-02
1382 7.821725e-06 1.973378e-03
1383 8.825473e-06 2.451121e-03
1384 8.809638e-04 5.770022e-02
1385 7.385555e-05 1.120460e-02
1386 3.894237e-04 2.823944e-02
1387 1.953826e-03 6.322492e-02
1388 1.343992e-03 8.088757e-02
1389 1.031416e-05 4.941629e-03
1390 4.711496e-04 3.492657e-02
1391 1.005012e-04 7.064829e-03
1392 4.505620e-05 1.509597e-02
1393 4.071266e-06 2.704641e-03
1394 3.106460e-05 8.297092e-03
1395 2.022410e-04 2.375705e-02
1396 4.092729e-05 4.253375e-03
1397 2.161129e-05 2.300552e-03
1398 1.328177e-03 5.612321e-02
1399 3.710993e-05 6.049571e-03
1400 2.760880e-05 3.489535e-03
1401 1.058120e-04 1.987815e-02
1402 4.166140e-06 2.703063e-03
1403 2.465378e-06 2.016414e-03
1404 1.201617e-04 2.549257e-02
1405 3.949613e-06 1.918076e-03
1406 2.421385e-05 5.455671e-03
1407 1.124572e-05 2.377256e-03
1408 4.233369e-06 2.282147e-03
1409 3.867509e-05 7.084477e-03
1410 2.597572e-04 1.041966e-02
1411 1.043810e-03 1.245746e-01
1412 2.368247e-04 4.257514e-02
1413 3.645302e-06 2.061641e-03
1414 5.051267e-03 9.682775e-02
1415 2.791455e-06 2.966130e-03
1416 1.178288e-05 3.457882e-03
1417 6.091439e-06 2.327756e-03
1418 1.146420e-05 3.037616e-03
1419 6.717116e-04 2.537661e-02
1420 8.260716e-04 4.097362e-02
1421 1.325173e-03 6.742941e-02
1422 7.519022e-05 9.009237e-03
1423 5.426924e-04 7.772104e-02
1424 1.817399e-05 8.753765e-03
1425 4.487824e-03 1.555154e-01
1426 7.854053e-04 6.949329e-02
1427 1.600225e-04 2.332917e-02
1428 2.207070e-05 2.208564e-03
1429 1.932318e-05 7.453492e-03
1430 1.917864e-04 2.359364e-02
1431 1.397559e-04 2.767222e-02
1432 4.569853e-05 1.050058e-02
1433 2.719634e-05 7.302129e-03
1434 1.484533e-04 3.001250e-02
1435 2.438036e-04 2.489258e-02
1436 1.976077e-03 1.025092e-01
1437 3.011861e-05 3.370364e-03
1438 3.123096e-05 3.273038e-03
1439 2.919979e-03 2.712587e-01
1440 1.173178e-04 2.040797e-02
1441 1.204095e-03 1.191583e-01
1442 1.261584e-06 2.128977e-03
1443 1.339714e-04 2.403875e-02
1444 9.773984e-05 3.042181e-02
1445 3.527796e-04 2.703257e-02
1446 6.635581e-06 5.467711e-03
1447 1.078430e-05 3.578254e-03
1448 2.507232e-05 8.002771e-03
1449 1.046857e-04 1.462414e-02
1450 4.656348e-04 2.482622e-02
1451 4.459704e-06 1.670414e-03
1452 6.002603e-05 1.138307e-02
1453 2.469303e-06 1.670688e-03
1454 2.444643e-05 1.156716e-02
1455 5.636670e-06 4.343783e-03
1456 5.764818e-05 5.683471e-03
1457 1.373144e-05 4.745860e-03
1458 4.192946e-07 2.838001e-03
1459 2.837194e-05 4.410557e-03
1460 5.881603e-06 4.351087e-03
1461 5.321619e-06 7.226500e-03
1462 7.246797e-06 7.446496e-03
1463 1.226482e-04 1.538350e-02
1464 2.749361e-03 1.764335e-01
1465 1.985284e-03 6.861553e-02
1466 4.287420e-04 1.047597e-01
1467 5.174735e-05 1.989704e-02
1468 1.704960e-03 9.079971e-02
1469 9.540706e-04 1.111864e-01
1470 3.381077e-05 6.865157e-03
1471 2.776990e-05 1.104011e-02
1472 2.244873e-04 2.848956e-02
1473 4.661028e-06 2.840652e-03
1474 9.418770e-06 1.208684e-02
1475 5.292660e-06 4.278410e-03
1476 1.349710e-05 3.775422e-03
1477 2.355527e-03 5.114630e-02
1478 2.129780e-05 1.859420e-02
1479 3.590303e-04 3.438648e-02
1480 7.205157e-04 3.628804e-02
1481 2.650046e-04 2.024325e-02
1482 3.899089e-04 3.800613e-02
1483 1.045793e-05 6.118435e-03
1484 4.949306e-06 4.846411e-03
1485 8.546094e-06 4.644825e-03
1486 2.952172e-04 3.626117e-02
1487 3.173314e-05 3.739136e-03
1488 4.689337e-05 7.726520e-03
1489 4.697689e-06 2.919722e-03
1490 5.827512e-06 3.692768e-03
1491 3.008751e-04 6.176873e-02
1492 4.450254e-05 7.040646e-03
1493 9.700880e-06 2.478309e-03
1494 3.455189e-05 1.018407e-02
1495 3.830077e-04 3.465794e-02
1496 2.867012e-05 2.018344e-03
1497 2.151758e-04 2.867214e-02
1498 1.387065e-03 9.943494e-02
1499 1.924753e-05 2.902184e-03
1500 3.545561e-05 7.246353e-03
1501 3.183559e-04 3.018162e-02
1502 2.744587e-04 2.739532e-02
1503 3.924933e-05 1.098033e-02
1504 7.806944e-04 1.120604e-01
1505 1.140327e-04 5.479823e-02
1506 1.811960e-06 1.504164e-03
1507 2.089736e-04 2.844008e-02
1508 3.071122e-03 3.193335e-01
1509 5.879040e-06 2.827488e-03
1510 3.114551e-06 3.152632e-03
1511 7.784971e-05 1.531507e-02
1512 3.494870e-07 1.021654e-03
1513 1.198950e-04 1.177431e-02
1514 2.222462e-05 4.690799e-03
1515 2.369541e-05 7.066692e-03
1516 5.066386e-04 3.433185e-02
1517 8.911577e-05 7.290622e-03
1518 1.955602e-04 5.435784e-02
1519 4.994322e-07 1.754765e-03
1520 2.497851e-04 1.763011e-02
1521 2.616594e-06 2.161191e-03
1522 5.546720e-06 4.020644e-03
1523 1.333137e-05 4.150006e-03
1524 1.614867e-03 4.565504e-02
1525 8.757721e-05 1.086028e-02
1526 1.684560e-04 1.508170e-02
1527 7.452671e-05 1.053130e-02
1528 7.235646e-06 5.630751e-03
1529 5.521546e-05 1.089360e-02
1530 2.667583e-05 5.734394e-03
1531 2.224689e-04 4.275128e-02
1532 1.304112e-05 7.058975e-03
1533 3.370498e-04 4.779041e-02
1534 7.523213e-04 8.815922e-02
1535 8.096534e-04 1.853528e-01
1536 1.093637e-03 1.477561e-01
1537 1.237575e-05 7.035650e-03
1538 6.418248e-04 1.644171e-01
1539 6.295900e-05 1.438681e-02
1540 2.938945e-05 4.522152e-02
1541 2.049238e-03 1.271379e-01
1542 4.730110e-03 1.810918e-01
1543 3.127900e-06 5.190470e-03
1544 3.464412e-05 1.358102e-02
1545 1.202898e-06 3.593462e-03
1546 1.059327e-04 1.025117e-02
1547 2.824784e-04 1.996623e-02
1548 4.323840e-05 3.851225e-02
1549 1.744178e-06 2.563351e-03
1550 3.437704e-04 1.428402e-02
1551 1.296458e-04 1.338977e-02
1552 1.139092e-06 1.255192e-03
1553 6.325664e-06 2.980683e-03
1554 3.995610e-04 6.321621e-02
1555 2.457482e-04 8.694602e-02
1556 1.405537e-04 2.090734e-02
1557 6.575992e-04 5.394306e-02
1558 1.274926e-03 1.540717e-01
1559 7.817584e-04 1.610025e-02
1560 1.077065e-05 3.830786e-03
1561 2.391171e-04 1.076697e-02
1562 1.240829e-05 1.201660e-02
1563 1.381242e-05 2.557466e-03
1564 6.275411e-06 6.784355e-03
1565 6.181242e-05 2.615976e-02
1566 6.948845e-05 1.004869e-02
1567 1.309998e-05 3.757619e-03
1568 1.074122e-05 2.369340e-03
1569 4.501969e-05 9.127186e-03
1570 9.430521e-05 2.176192e-02
1571 2.241452e-04 2.273572e-02
1572 5.578300e-07 1.886908e-03
1573 5.830044e-04 4.940380e-02
1574 1.557952e-05 4.119768e-03
1575 6.698610e-05 1.347207e-02
1576 6.961168e-05 1.284443e-02
1577 1.072646e-03 7.805838e-02
1578 1.893715e-06 6.341697e-03
1579 1.140963e-04 1.444078e-02
1580 2.862117e-07 2.486486e-03
1581 2.372125e-06 3.466840e-03
1582 1.323726e-05 5.274300e-03
1583 2.078596e-04 2.889238e-02
1584 2.483169e-05 5.892851e-03
1585 5.785471e-04 1.119025e-01
1586 6.884517e-04 1.303557e-01
1587 3.389916e-04 7.223904e-02
1588 1.347846e-04 2.501614e-02
1589 9.702409e-04 5.114199e-02
1590 5.928497e-04 1.107402e-01
1591 6.564132e-04 3.356500e-02
1592 2.462355e-04 1.938289e-02
1593 9.357442e-04 3.570506e-02
1594 2.471112e-04 2.141338e-02
1595 5.033673e-05 1.092545e-02
1596 3.029504e-05 1.307666e-02
1597 9.222516e-05 1.281342e-02
1598 3.872181e-04 3.708641e-02
1599 9.738062e-06 2.336370e-03
1600 9.423447e-04 5.536393e-02
1601 1.697263e-06 1.249813e-03
1602 6.584391e-04 5.555992e-02
1603 5.920566e-06 2.093463e-03
1604 2.725593e-06 2.460170e-03
1605 6.763631e-05 1.284097e-02
1606 1.583880e-07 2.936734e-03
1607 5.400160e-07 1.934813e-03
1608 1.959052e-06 1.834273e-03
1609 5.457297e-05 5.657062e-03
1610 3.315382e-04 2.085616e-02
1611 2.004473e-07 1.879474e-03
1612 2.598244e-06 2.161699e-03
1613 1.556601e-06 2.168913e-03
1614 9.211282e-07 4.725298e-03
1615 6.765955e-04 6.512062e-02
1616 6.370458e-05 2.602326e-02
1617 3.288544e-04 2.107366e-02
1618 8.747866e-05 2.615231e-02
1619 2.576917e-03 1.879632e-01
1620 3.812802e-05 8.851209e-03
1621 3.888606e-04 5.820057e-02
1622 6.384836e-06 3.219530e-03
1623 7.873041e-05 3.718102e-02
1624 5.298505e-06 5.030164e-03
1625 8.070074e-07 1.648163e-03
1626 2.988747e-05 8.154117e-03
1627 1.918716e-05 4.364246e-03
1628 8.485050e-07 1.963126e-03
1629 4.929772e-04 2.671719e-02
1630 1.160318e-06 1.669137e-03
1631 1.756338e-05 6.492454e-03
1632 1.237186e-05 9.406221e-03
1633 1.390553e-04 2.012386e-02
1634 2.269231e-03 1.939004e-01
1635 3.231111e-04 2.971890e-02
1636 5.625592e-03 4.426860e-01
1637 9.372800e-04 6.263597e-02
1638 5.004930e-05 1.238507e-02
1639 2.950531e-03 1.858217e-01
1640 7.254664e-04 4.673904e-02
1641 8.913361e-04 1.454469e-01
1642 1.010872e-04 3.437039e-02
1643 1.001112e-04 1.808668e-02
1644 7.517203e-04 5.697933e-02
1645 9.903886e-07 1.557465e-03
1646 6.154561e-05 3.665983e-03
1647 2.944148e-03 1.313841e-01
1648 1.760767e-05 5.201000e-03
1649 2.231577e-04 9.455949e-03
1650 1.933352e-03 8.328687e-02
1651 7.611754e-06 1.297109e-03
1652 1.146026e-03 1.349396e-01
1653 1.131147e-03 9.068605e-02
1654 1.722998e-06 2.638071e-03
1655 1.128619e-05 4.747321e-03
1656 2.294618e-06 3.615013e-03
1657 4.289874e-07 1.236417e-03
1658 4.676737e-06 2.727978e-03
1659 1.966353e-05 4.665172e-03
1660 5.028648e-07 2.002933e-03
1661 1.434382e-04 2.757539e-02
1662 5.381455e-06 7.976151e-03
1663 2.906656e-05 1.431479e-02
1664 1.356119e-06 6.774986e-03
1665 7.161875e-05 7.703265e-03
1666 1.482714e-04 1.711083e-02
1667 2.141622e-04 3.192671e-02
1668 8.759963e-06 1.929470e-03
1669 2.654053e-06 4.398157e-03
1670 4.855545e-05 8.327151e-03
1671 6.385259e-06 4.085365e-03
1672 3.525353e-05 2.807286e-02
1673 1.582155e-04 1.303277e-02
1674 9.430484e-06 2.474200e-03
1675 5.495089e-05 4.099057e-03
1676 2.798489e-06 1.347870e-03
1677 2.483931e-05 9.685301e-03
1678 7.595143e-04 9.472404e-02
1679 3.401375e-05 9.984513e-03
1680 5.535471e-05 9.673492e-03
1681 2.686877e-04 1.527015e-02
1682 1.763024e-05 5.507259e-03
1683 3.381085e-05 1.163260e-02
1684 1.033633e-05 5.208715e-03
1685 1.022903e-06 2.194795e-03
1686 2.401869e-05 1.169569e-02
1687 1.373806e-05 4.768941e-03
1688 4.488621e-07 1.147158e-03
1689 4.959387e-05 3.027815e-02
1690 2.146502e-05 9.105165e-03
1691 1.684008e-04 3.274455e-02
1692 9.675701e-04 1.497449e-01
1693 1.168059e-03 5.904465e-02
1694 8.755681e-05 4.504839e-02
1695 2.689454e-05 6.683701e-03
1696 7.155509e-06 2.697450e-03
1697 8.660293e-06 6.006097e-03
1698 4.336964e-04 3.447520e-02
1699 6.411488e-05 1.311978e-02
1700 2.907399e-05 5.900651e-03
1701 2.494710e-05 7.114232e-03
1702 4.665579e-06 5.847657e-03
1703 1.878617e-05 1.138514e-02
1704 1.075321e-05 6.116276e-03
1705 1.941759e-03 8.710355e-02
1706 2.225698e-04 1.709722e-02
1707 5.394241e-06 2.738238e-03
1708 1.914357e-07 2.058280e-03
1709 1.201905e-06 5.366462e-03
1710 7.848690e-07 1.403734e-03
1711 1.921394e-06 1.040266e-02
1712 6.128259e-06 4.106076e-03
1713 3.712532e-06 4.297620e-03
1714 1.617399e-06 5.674597e-03
1715 4.405364e-06 4.146050e-03
1716 2.240651e-06 6.014874e-03
1717 3.057785e-07 2.189671e-03
1718 1.795850e-05 1.665003e-02
1719 2.367224e-07 1.979318e-03
1720 1.730776e-05 4.225604e-03
1721 8.816430e-07 1.517531e-03
1722 2.430681e-05 9.818427e-03
1723 6.152651e-08 1.299618e-03
1724 2.697887e-07 1.409878e-03
1725 1.403930e-06 1.849402e-03
1726 4.888221e-05 3.407599e-02
1727 5.186725e-06 1.005314e-02
1728 1.167799e-06 2.505859e-03
1729 1.706103e-05 7.004363e-03
1730 2.440310e-06 4.238227e-03
1731 2.460233e-06 3.117388e-03
1732 1.265781e-04 1.791571e-02
1733 7.281990e-04 1.270142e-01
1734 9.706668e-04 9.642160e-02
1735 7.011924e-04 5.124575e-02
1736 1.088866e-05 7.377274e-03
1737 1.978185e-05 6.656636e-03
1738 7.328697e-04 9.393941e-02
1739 3.121131e-04 1.733170e-02
1740 1.143574e-04 1.204144e-02
1741 2.258993e-07 1.325777e-03
1742 3.691279e-06 1.548888e-03
1743 4.115251e-06 3.917870e-03
1744 9.479914e-07 2.043175e-03
1745 1.010048e-06 2.184146e-03
1746 3.070777e-05 6.619477e-03
1747 2.137580e-05 1.964637e-02
1748 2.696820e-05 5.858750e-03
1749 1.781799e-05 5.321271e-03
1750 1.633049e-05 6.907973e-03
1751 5.997187e-06 3.684733e-03
1752 3.348503e-05 6.882165e-03
1753 9.445030e-04 5.161620e-02
1754 1.824964e-03 8.342804e-02
1755 4.023670e-04 6.162054e-02
1756 3.443916e-05 1.665325e-02
1757 1.154359e-04 4.560749e-02
1758 2.162038e-03 1.851322e-01
1759 4.870957e-04 9.646425e-02
1760 4.532800e-04 7.065051e-02
1761 1.406273e-03 1.862703e-01
1762 1.760533e-03 1.611017e-01
1763 7.671464e-04 1.027452e-01
1764 3.146492e-05 1.902436e-02
1765 8.265077e-05 2.654771e-02
1766 3.241984e-04 1.087258e-01
1767 1.057766e-04 1.919611e-02
1768 1.202266e-04 2.621673e-02
1769 4.732300e-04 7.635729e-02
1770 1.700905e-04 4.758030e-02
1771 9.234166e-04 5.351008e-02
1772 1.032114e-06 4.330238e-03
1773 7.569606e-03 3.270296e-01
1774 1.687090e-03 1.144191e-01
1775 3.339647e-03 4.120334e-01
1776 4.183647e-04 2.780179e-02
1777 1.850789e-04 3.056243e-02
1778 2.347497e-03 1.433086e-01
1779 2.936779e-04 4.048647e-02
1780 1.098962e-04 2.326431e-02
1781 1.539246e-04 1.844842e-02
1782 8.190217e-05 2.058660e-02
1783 6.985175e-04 1.113224e-01
1784 3.565265e-04 4.046835e-02
1785 6.828500e-04 6.427702e-02
1786 1.570601e-05 5.028360e-03
1787 6.745721e-05 8.414165e-03
1788 1.190653e-03 1.225565e-01
1789 3.051984e-04 8.072890e-02
1790 3.222349e-05 1.260909e-02
1791 3.825073e-04 1.155788e-01
1792 5.264149e-04 4.274167e-02
1793 1.002522e-04 3.250025e-02
1794 7.652270e-05 1.370009e-02
1795 6.481280e-05 1.986343e-02
1796 1.614777e-04 6.879577e-02
1797 3.808054e-04 7.574278e-02
1798 7.977645e-05 3.954212e-02
1799 2.330116e-05 1.407790e-02
1800 2.403420e-04 7.875374e-02
1801 5.857557e-05 1.694557e-02
1802 1.923397e-04 4.597007e-02
1803 2.915671e-04 4.209006e-02
1804 1.131366e-03 6.394678e-02
1805 2.904944e-04 3.366979e-02
1806 3.393286e-04 4.774345e-02
1807 9.830674e-05 1.791571e-02
1808 8.547988e-04 1.008642e-01
1809 1.829615e-05 1.922337e-02
1810 3.488223e-06 8.912050e-03
1811 6.463784e-06 9.954898e-03
1812 1.002789e-04 1.389363e-02
1813 2.466728e-05 6.048574e-03
1814 6.952168e-05 1.931533e-02
1815 1.398234e-04 4.242397e-02
1816 2.037709e-04 1.440779e-02
1817 3.771372e-04 4.079097e-02
1818 8.980641e-05 3.916901e-02
1819 1.866832e-03 9.137643e-02
1820 5.848614e-04 3.415638e-02
1821 5.232771e-05 1.372918e-02
1822 6.037283e-05 1.581905e-02
1823 2.068462e-04 4.010326e-02
1824 1.722029e-04 2.024854e-02
1825 2.584590e-03 1.298545e-01
1826 1.283523e-04 2.727917e-02
1827 4.330216e-05 9.772329e-03
1828 6.134352e-05 1.327325e-02
1829 2.649046e-05 1.298475e-02
1830 1.857801e-03 1.889943e-01
1831 1.936898e-05 7.220579e-03
1832 5.670822e-05 2.699310e-02
1833 9.318199e-06 1.058422e-02
1834 5.679232e-05 1.112775e-02
1835 3.590220e-06 8.372664e-03
1836 1.659440e-06 5.101428e-03
1837 2.389768e-04 2.442975e-02
1838 6.267270e-05 1.967194e-02
1839 1.200234e-04 3.847172e-02
1840 5.211683e-04 4.060758e-02
1841 1.286140e-04 2.663895e-02
1842 6.167986e-05 1.751394e-02
1843 5.435616e-05 1.199848e-02
1844 4.675994e-05 1.689028e-02
1845 2.558148e-05 1.163120e-02
1846 1.321540e-05 6.818683e-03
1847 2.366079e-05 8.419421e-03
1848 2.578738e-05 1.136014e-02
1849 4.798352e-05 1.228029e-02
1850 7.826419e-05 8.628496e-03
1851 2.544972e-05 4.662179e-03
1852 4.657493e-06 4.154280e-03
1853 2.692829e-05 3.627586e-03
1854 5.835608e-04 2.166381e-02
1855 4.872700e-04 1.705609e-02
1856 7.941743e-04 3.975625e-02
1857 6.245330e-04 2.898794e-02
1858 8.915136e-04 2.634480e-02
1859 2.896239e-05 4.328078e-03
1860 4.274707e-04 2.748432e-02
1861 1.274500e-05 7.480862e-03
1862 3.669012e-05 7.221914e-03
1863 8.061620e-05 2.135869e-02
1864 1.130072e-03 4.853358e-02
1865 1.288521e-04 3.733874e-02
1866 1.818852e-04 2.833720e-02
1867 2.117148e-05 8.669953e-03
1868 3.677221e-06 9.546234e-03
1869 1.221330e-05 6.204113e-03
1870 6.236733e-05 1.352339e-02
1871 5.819668e-04 5.596579e-02
1872 3.689856e-04 7.831610e-02
1873 2.791387e-05 1.191153e-02
1874 3.833213e-04 4.858942e-02
1875 8.426455e-05 2.711607e-02
1876 3.017154e-06 5.460672e-03
1877 4.651673e-05 1.270409e-02
1878 5.077864e-06 6.312132e-03
1879 5.916055e-05 2.033229e-02
1880 1.600459e-05 1.104033e-02
1881 2.749056e-03 1.158020e-01
1882 3.297438e-04 4.471086e-02
1883 2.813749e-04 3.699496e-02
1884 6.703367e-04 2.982566e-02
1885 4.436332e-04 1.516695e-02
1886 6.962265e-04 2.959247e-02
1887 5.300588e-06 7.639169e-03
1888 2.688502e-05 1.527723e-02
1889 8.493690e-06 7.798521e-03
1890 2.401356e-06 5.434883e-03
1891 9.719178e-06 5.082637e-03
1892 1.068781e-05 5.653952e-03
1893 9.656559e-06 2.164859e-02
1894 2.299870e-04 3.265517e-02
1895 6.442795e-05 1.486711e-02
1896 4.192533e-06 4.845466e-03
1897 1.981359e-06 3.580241e-03
1898 6.817324e-06 3.340583e-03
1899 1.555170e-04 1.396312e-02
1900 6.623256e-05 1.577402e-02
1901 3.561681e-07 1.729285e-03
1902 2.017500e-04 3.234867e-02
1903 8.102158e-04 1.178138e-01
1904 5.736585e-05 1.318357e-02
1905 1.415085e-04 1.542093e-02
1906 1.616420e-03 1.829952e-01
1907 1.313577e-05 6.968418e-03
1908 3.106327e-05 7.079113e-03
1909 4.025435e-06 5.252729e-03
1910 1.636539e-04 1.630158e-02
1911 2.458377e-05 1.146449e-02
1912 2.354060e-04 3.025013e-02
1913 1.566665e-04 5.565982e-02
1914 2.102831e-04 3.232107e-02
1915 1.403590e-03 1.378070e-01
1916 7.386350e-04 5.682124e-02
1917 8.705046e-04 5.394401e-02
1918 3.505053e-04 3.158102e-02
1919 3.410263e-04 1.000362e-01
1920 4.461524e-04 4.412150e-02
1921 1.153725e-04 2.472699e-02
1922 9.675569e-04 9.692578e-02
1923 8.731239e-04 4.069874e-02
1924 1.038078e-03 1.056892e-01
1925 6.527693e-04 4.649222e-02
1926 2.106728e-04 1.894560e-02
1927 4.024047e-04 3.238816e-02
1928 2.550088e-03 1.324613e-01
1929 1.265970e-04 3.198979e-02
1930 3.054042e-05 4.998747e-03
1931 8.780744e-05 3.295997e-02
1932 2.752852e-05 2.532771e-02
1933 8.255488e-05 1.038387e-02
1934 1.935230e-05 7.077273e-03
1935 3.059422e-04 3.509579e-02
1936 1.632369e-05 1.267011e-02
1937 2.366051e-04 1.490028e-02
1938 1.592759e-04 2.099354e-02
1939 2.144565e-04 2.743929e-02
1940 4.054490e-04 7.588323e-02
1941 2.697784e-05 6.712945e-03
1942 3.473465e-04 5.751266e-02
1943 5.141142e-04 6.235322e-02
1944 1.930423e-04 2.552626e-02
1945 2.015186e-05 9.042388e-03
1946 3.348970e-04 7.873401e-02
1947 2.756829e-05 1.586657e-02
1948 9.853432e-05 1.709997e-02
1949 5.711706e-04 7.243023e-02
1950 1.462442e-04 1.235472e-02
1951 4.809726e-04 4.037579e-02
1952 6.113013e-04 4.661556e-02
1953 2.936827e-05 1.759348e-02
1954 3.456428e-05 9.013600e-03
1955 2.719066e-03 1.952593e-01
1956 1.202750e-03 1.518814e-01
1957 1.943266e-03 2.081401e-01
1958 1.409444e-03 1.053982e-01
1959 2.953115e-06 7.147726e-03
1960 1.125605e-05 7.722966e-03
1961 4.623589e-07 2.925947e-03
1962 1.004045e-05 5.862859e-03
1963 6.013133e-07 2.039609e-03
1964 2.129736e-06 3.406454e-03
1965 2.354701e-04 1.501511e-02
1966 5.909186e-05 1.005646e-02
1967 1.083486e-03 4.554429e-02
1968 7.998988e-05 8.904131e-03
1969 7.828751e-05 1.611378e-02
1970 4.305945e-06 9.063315e-03
1971 4.575854e-05 2.009500e-02
1972 4.274723e-06 6.990036e-03
1973 5.193466e-04 5.476267e-02
1974 2.633794e-04 2.756617e-02
1975 2.280719e-05 1.607978e-02
1976 1.147288e-04 1.887486e-02
1977 3.250760e-04 4.539129e-02
1978 2.416876e-04 2.130082e-02
1979 1.835482e-04 2.043384e-02
1980 9.458473e-05 1.029805e-02
1981 3.865493e-05 1.073138e-02
1982 2.705827e-04 5.346762e-02
1983 1.843699e-03 1.686150e-01
1984 2.757989e-04 6.803273e-02
1985 3.475697e-04 9.531838e-02
1986 1.690662e-04 4.264498e-02
1987 9.585534e-04 1.932147e-01
1988 8.761979e-05 2.744991e-02
1989 1.313453e-04 4.145384e-02
1990 6.494850e-04 9.132225e-02
1991 3.572691e-05 1.202473e-02
1992 9.711969e-05 1.969157e-02
1993 2.179822e-04 2.828566e-02
1994 1.954759e-04 1.917346e-02
1995 8.244417e-05 1.669927e-02
1996 3.806149e-05 9.817465e-03
1997 6.230054e-04 4.069392e-02
1998 8.661047e-04 6.742058e-02
1999 3.417207e-03 9.179347e-02
2000 1.322955e-03 2.895190e-02
