1 1.298927e-03 3.018210e-02
2 1.026882e-05 1.763293e-02
3 1.097523e-05 1.995823e-03
4 3.138781e-06 1.726709e-03
5 3.817177e-06 2.281753e-03
6 2.219491e-03 8.086297e-02
7 3.435196e-05 8.596691e-03
8 6.434983e-05 3.636009e-02
9 1.118958e-07 2.378843e-03
10 4.287941e-04 5.210842e-02
11 2.075118e-05 4.722996e-03
12 3.718496e-07 1.208634e-03
13 7.442114e-04 7.092483e-02
14 6.523592e-06 7.435474e-03
15 2.359277e-06 2.859882e-03
16 1.219209e-04 1.228633e-02
17 3.893417e-06 1.543351e-03
18 5.024867e-04 3.921279e-02
19 1.603996e-05 6.652037e-03
20 1.898442e-07 1.020699e-03
21 3.043119e-03 8.975129e-02
22 1.498306e-05 2.517265e-03
23 1.813813e-04 1.991882e-02
24 9.858796e-04 7.446723e-02
25 2.247462e-04 6.406902e-02
26 6.769803e-06 2.781345e-03
27 4.185362e-05 5.377124e-03
28 1.406593e-05 2.761628e-03
29 2.376284e-03 1.134961e-01
30 3.070688e-03 2.539526e-01
31 1.198501e-03 1.358184e-01
32 6.905213e-05 4.120810e-03
33 4.289063e-07 1.189338e-03
34 1.862645e-06 1.094692e-03
35 2.708243e-06 2.823719e-03
36 2.761819e-03 9.178666e-02
37 3.319320e-04 3.151886e-02
38 3.002734e-05 7.117843e-03
39 1.417677e-06 1.854604e-03
40 7.250717e-06 3.293481e-03
41 1.479837e-04 1.026304e-02
42 3.167418e-06 4.836695e-03
43 1.894202e-03 9.994187e-02
44 1.733485e-04 9.255528e-03
45 2.826677e-04 1.633063e-02
46 3.177588e-05 6.514787e-03
47 1.732198e-03 1.193485e-01
48 4.207782e-04 3.647972e-02
49 1.730919e-05 5.511446e-03
50 1.295441e-03 1.210177e-01
51 1.028435e-04 9.408902e-03
52 1.808736e-04 1.532424e-02
53 3.084881e-05 2.855258e-03
54 7.207336e-05 7.361381e-03
55 1.463160e-05 4.187727e-03
56 1.333666e-05 5.016420e-03
57 5.531163e-05 1.139408e-02
58 3.874031e-04 2.134629e-02
59 1.919941e-04 1.665629e-02
60 1.432109e-06 1.367412e-03
61 4.819422e-03 2.374174e-01
62 1.713350e-04 2.957551e-02
63 4.131675e-06 1.647442e-03
64 3.103902e-06 4.044562e-03
65 3.830073e-04 1.842058e-02
66 1.425289e-05 2.793967e-03
67 3.440297e-05 6.573545e-03
68 1.361776e-05 6.484155e-03
69 6.103964e-07 1.389809e-03
70 3.095855e-06 1.276748e-03
71 1.256266e-03 7.992600e-02
72 1.056445e-04 9.125681e-03
73 5.763786e-06 3.814832e-03
74 1.000172e-03 1.076677e-01
75 2.026393e-05 2.741103e-03
76 2.132990e-06 2.413706e-03
77 2.942506e-04 2.325307e-02
78 1.758962e-03 1.545976e-01
79 2.607191e-04 2.045543e-02
80 3.032867e-06 1.520838e-03
81 1.164164e-06 1.292866e-03
82 1.591449e-05 2.359581e-03
83 7.658716e-05 7.150100e-03
84 1.171917e-06 1.735871e-03
85 1.874275e-04 1.480825e-02
86 1.215654e-05 4.707980e-03
87 5.303989e-06 2.342460e-03
88 1.034425e-06 1.651248e-03
89 6.228677e-05 1.475237e-02
90 1.012675e-03 6.444299e-02
91 2.921157e-04 4.015007e-02
92 1.431734e-03 1.173442e-01
93 8.666060e-05 8.115642e-03
94 9.771293e-06 3.356950e-03
95 1.943956e-03 1.919704e-01
96 3.259557e-05 3.201977e-03
97 3.606979e-04 2.593576e-02
98 1.705947e-05 2.573830e-03
99 1.683037e-05 2.247909e-03
100 3.504052e-03 9.855410e-02
101 6.568043e-06 3.737794e-03
102 2.169160e-05 1.330332e-02
103 3.709719e-04 3.706639e-02
104 3.063534e-04 1.824506e-02
105 4.419292e-04 2.151011e-02
106 1.575154e-05 8.283714e-03
107 2.314956e-06 2.755643e-03
108 6.282503e-05 1.543533e-02
109 8.674585e-06 4.780167e-03
110 7.626412e-05 8.889913e-03
111 2.107436e-03 1.437633e-01
112 3.106130e-04 3.064986e-02
113 1.657685e-03 1.086552e-01
114 2.181933e-03 1.024208e-01
115 1.039364e-03 3.409408e-02
116 1.128397e-03 3.955622e-02
117 6.792854e-04 2.958302e-02
118 7.327583e-04 2.799644e-02
119 8.984241e-07 4.521347e-03
120 1.140211e-06 3.611491e-03
121 2.864957e-05 1.064714e-02
122 3.887842e-06 1.625734e-03
123 1.833495e-05 4.871949e-03
124 5.705633e-05 7.586571e-03
125 2.941442e-06 3.939773e-03
126 1.005101e-05 5.521121e-03
127 1.253059e-05 9.219846e-03
128 2.485282e-05 7.189479e-03
129 7.919523e-06 4.201269e-03
130 4.577597e-06 3.691877e-03
131 4.467033e-06 5.712091e-03
132 7.372991e-06 4.166546e-03
133 2.901977e-05 7.244030e-03
134 6.798160e-05 1.688630e-02
135 1.264106e-05 4.194864e-03
136 1.029909e-05 3.502638e-03
137 6.878286e-05 1.014010e-02
138 1.236363e-05 8.982898e-03
139 1.867262e-05 7.691133e-03
140 3.310764e-06 5.026272e-03
141 1.507583e-06 2.975982e-03
142 2.509535e-06 2.971906e-03
143 1.573466e-05 6.366866e-03
144 1.282117e-05 8.182307e-03
145 1.431932e-06 4.641266e-03
146 1.427444e-05 5.673331e-03
147 2.386347e-05 5.560046e-03
148 7.146536e-06 7.757682e-03
149 7.609487e-06 3.852424e-03
150 2.926670e-06 3.920270e-03
151 4.546811e-05 8.403686e-03
152 2.998465e-05 5.006458e-03
153 1.557430e-06 2.884794e-03
154 7.266197e-06 3.612868e-03
155 2.173318e-06 2.957074e-03
156 1.026219e-05 3.371663e-03
157 1.219541e-05 3.788346e-03
158 1.803290e-05 3.558545e-03
159 1.803052e-05 4.978818e-03
160 2.766467e-06 4.631212e-03
161 8.807724e-07 3.074526e-03
162 2.394524e-07 2.989637e-03
163 5.836426e-07 3.039389e-03
164 3.868749e-07 1.630232e-03
165 6.521287e-07 1.666518e-03
166 4.247807e-07 1.648062e-03
167 5.394184e-07 2.925761e-03
168 2.515758e-06 3.174640e-03
169 1.964132e-05 5.366001e-03
170 2.759917e-07 1.630849e-03
171 4.589539e-06 3.275265e-03
172 6.733105e-07 3.196577e-03
173 1.687444e-07 1.612803e-03
174 9.207712e-07 3.057917e-03
175 6.048945e-07 3.066918e-03
176 6.030324e-07 2.979522e-03
177 4.305381e-07 1.645216e-03
178 1.981850e-06 2.188545e-03
179 1.052302e-07 1.609915e-03
180 6.048945e-07 3.066918e-03
181 4.582009e-07 2.111898e-03
182 1.060557e-06 3.373109e-03
183 8.747642e-08 1.195079e-03
184 1.629867e-07 1.610560e-03
185 1.523686e-07 1.228537e-03
186 3.451017e-07 2.152588e-03
187 2.954522e-07 1.895892e-03
188 1.550524e-07 1.589838e-03
189 8.055294e-08 1.132358e-03
190 1.356715e-07 1.205379e-03
191 4.120308e-05 1.120762e-02
192 5.768609e-06 3.148675e-03
193 1.394313e-04 9.863525e-03
194 9.815320e-05 1.206650e-02
195 1.032257e-05 4.647113e-03
196 3.312665e-05 6.972339e-03
197 5.149208e-05 7.668938e-03
198 1.105034e-05 4.743220e-03
199 6.238572e-05 1.035253e-02
200 3.423809e-05 7.219521e-03
201 4.694860e-05 6.866730e-03
202 5.016276e-05 1.463441e-02
203 5.519030e-06 3.157140e-03
204 1.472660e-05 3.802888e-03
205 3.056448e-05 6.078146e-03
206 9.137377e-06 3.264889e-03
207 4.995281e-05 7.267061e-03
208 3.935007e-06 3.313398e-03
209 3.056448e-05 6.078146e-03
210 1.472660e-05 3.802888e-03
211 4.616400e-06 2.205633e-03
212 9.055752e-05 8.665113e-03
213 6.976881e-06 2.189559e-03
214 9.171827e-06 3.693537e-03
215 2.451738e-05 3.566273e-03
216 2.350982e-05 3.635244e-03
217 6.534862e-06 1.819375e-03
218 1.083047e-04 1.642941e-02
219 7.823374e-05 7.854640e-03
220 5.840410e-06 3.169700e-03
221 9.669459e-06 3.306070e-03
222 3.892396e-05 5.540307e-03
223 2.541631e-05 8.682537e-03
224 2.499972e-06 2.988380e-03
225 5.897574e-06 4.991326e-03
226 7.142218e-06 3.406407e-03
227 8.207043e-06 3.792263e-03
228 8.273788e-06 4.443214e-03
229 4.854743e-05 9.431386e-03
230 1.675862e-05 6.360748e-03
231 1.451158e-05 5.664835e-03
232 5.614550e-06 4.734771e-03
233 9.064534e-06 5.620076e-03
234 8.048656e-06 4.576431e-03
235 2.038326e-06 4.430271e-03
236 1.207068e-05 4.281333e-03
237 1.069102e-06 3.331443e-03
238 8.802215e-06 5.104205e-03
239 1.145626e-06 3.493274e-03
240 2.577036e-06 2.879608e-03
241 4.524632e-06 3.734617e-03
242 7.805697e-06 4.253802e-03
243 1.006938e-06 3.113414e-03
244 3.474660e-06 4.372300e-03
245 1.152135e-05 4.152133e-03
246 4.359522e-06 3.687680e-03
247 8.048656e-06 4.576431e-03
248 1.400708e-06 2.593124e-03
249 2.326250e-05 5.943459e-03
250 7.584289e-06 3.779305e-03
251 2.355754e-06 2.708800e-03
252 2.276975e-05 5.748066e-03
253 1.074968e-06 3.279359e-03
254 2.225788e-06 4.737193e-03
255 9.932955e-06 6.023584e-03
256 9.002768e-07 2.663872e-03
257 2.572063e-06 3.344742e-03
258 1.384654e-05 3.324823e-03
259 3.543056e-05 4.026743e-03
260 7.456138e-05 7.055731e-03
261 2.348077e-05 3.723891e-03
262 2.279371e-05 3.585107e-03
263 2.331443e-05 3.983303e-03
264 1.409655e-04 9.822511e-03
265 4.347837e-05 5.095289e-03
266 7.523448e-05 8.608729e-03
267 3.317032e-04 2.694269e-02
268 1.657398e-04 1.327520e-02
269 2.919421e-04 1.764863e-02
270 1.502721e-05 3.640535e-03
271 3.543056e-05 4.026743e-03
272 2.797924e-05 5.579378e-03
273 1.502721e-05 3.640535e-03
274 2.389191e-05 4.501747e-03
275 5.091693e-05 6.710835e-03
276 2.814066e-04 1.809602e-02
277 8.868182e-06 3.013167e-03
278 7.572611e-06 2.353284e-03
279 9.004627e-05 9.049750e-03
280 1.759816e-05 4.950018e-03
281 5.007920e-05 6.692115e-03
282 5.624072e-05 9.662441e-03
283 1.886558e-05 2.635791e-03
284 3.543056e-05 4.026743e-03
285 7.264601e-05 6.479206e-03
286 6.560044e-05 6.411799e-03
287 2.270509e-05 3.440636e-03
288 5.725289e-05 9.011208e-03
289 8.537322e-05 1.073068e-02
290 1.344942e-04 1.100525e-02
291 2.367337e-05 3.688863e-03
292 3.865843e-05 4.204943e-03
293 8.774270e-05 1.109763e-02
294 1.112592e-04 7.729742e-03
295 5.469545e-05 1.504856e-02
296 6.762542e-04 4.696611e-02
297 1.505337e-03 4.930524e-02
298 1.349754e-04 1.362031e-02
299 1.267593e-05 3.200704e-03
300 3.740230e-06 4.334076e-03
301 5.904860e-05 1.369076e-02
302 3.943398e-06 4.829934e-03
303 1.247119e-06 2.983871e-03
304 1.138210e-06 2.248452e-03
305 1.136000e-07 2.644452e-03
306 2.743762e-07 2.671931e-03
307 1.136000e-07 2.644452e-03
308 1.775407e-07 2.572615e-03
309 1.892207e-05 3.701356e-03
310 7.969963e-07 3.200800e-03
311 2.690009e-07 2.646339e-03
312 1.075871e-06 2.135999e-03
313 1.071419e-07 2.539181e-03
314 1.117252e-07 2.543199e-03
315 1.769327e-07 2.672520e-03
316 7.584968e-07 2.800214e-03
317 9.265030e-08 1.926972e-03
318 2.319192e-07 1.937372e-03
319 1.057903e-06 2.046849e-03
320 7.054189e-08 2.505045e-03
321 5.019290e-08 1.423959e-03
322 2.125279e-04 3.709890e-02
323 2.850620e-04 2.951249e-02
324 1.158927e-05 8.963805e-03
325 4.170194e-05 8.680672e-03
326 1.613090e-05 3.095779e-03
327 1.993989e-04 1.584755e-02
328 3.829418e-05 8.339377e-03
329 8.752099e-04 5.229629e-02
330 1.153724e-03 4.382847e-02
331 9.361634e-05 1.998056e-02
332 8.128927e-04 7.257899e-02
333 7.829551e-06 4.239202e-03
334 1.116021e-04 1.062098e-02
335 5.165265e-05 6.678546e-03
336 7.367498e-05 1.064203e-02
337 3.951298e-04 2.845797e-02
338 7.076765e-05 1.360520e-02
339 1.235246e-03 4.295575e-02
340 1.379360e-05 3.305664e-03
341 7.616924e-06 2.695832e-03
342 4.869119e-05 7.493548e-03
343 1.110649e-04 1.502343e-02
344 1.317645e-05 3.209887e-03
345 1.971825e-05 5.386438e-03
346 4.398372e-06 2.304151e-03
347 3.141674e-06 2.752098e-03
348 3.020423e-05 6.471633e-03
349 3.083201e-05 5.734314e-03
350 5.477626e-06 3.143911e-03
351 5.168097e-06 2.701536e-03
352 4.424633e-06 2.197606e-03
353 1.553707e-05 3.499627e-03
354 9.384483e-06 3.307027e-03
355 9.749086e-06 3.502105e-03
356 1.155532e-06 2.274768e-03
357 2.875899e-05 5.405981e-03
358 8.502812e-05 8.571929e-03
359 2.766058e-05 4.598964e-03
360 1.691093e-05 5.082008e-03
361 2.039099e-04 2.124458e-02
362 1.730420e-06 2.357450e-03
363 5.589384e-06 3.200576e-03
364 4.424633e-06 2.197606e-03
365 9.753732e-05 1.177604e-02
366 2.491250e-05 4.009944e-03
367 3.081562e-05 6.635673e-03
368 3.083201e-05 5.734314e-03
369 5.186415e-04 3.096268e-02
370 4.767219e-05 1.192786e-02
371 5.572923e-05 1.632614e-02
372 5.015948e-03 2.871404e-01
373 1.458607e-03 1.131375e-01
374 1.738560e-03 1.537937e-01
375 1.403349e-04 1.865769e-02
376 9.831942e-04 5.348667e-02
377 1.973010e-05 8.078261e-03
378 3.618477e-05 1.056616e-02
379 1.470160e-05 6.792061e-03
380 3.220607e-05 5.849740e-03
381 4.098755e-06 1.634500e-03
382 3.181603e-05 7.711528e-03
383 2.578383e-06 1.596057e-03
384 2.350391e-05 3.654735e-03
385 4.554145e-06 4.443316e-03
386 1.923417e-05 5.129754e-03
387 2.771814e-05 1.071582e-02
388 3.332218e-06 2.663122e-03
389 1.728301e-05 5.044049e-03
390 7.541900e-06 4.362019e-03
391 7.135011e-05 1.935997e-02
392 3.498905e-05 6.864989e-03
393 7.360569e-05 9.443168e-03
394 8.536677e-06 2.719697e-03
395 3.398939e-05 6.538116e-03
396 1.464697e-04 2.215993e-02
397 6.803009e-05 9.588104e-03
398 1.566017e-04 1.074051e-02
399 4.681638e-05 6.030672e-03
400 1.674792e-04 1.148439e-02
401 4.874868e-05 6.247125e-03
402 3.133432e-05 6.092668e-03
403 5.215229e-05 6.246518e-03
404 1.455143e-04 8.447976e-03
405 9.353264e-05 7.986924e-03
406 5.215229e-05 6.246518e-03
407 1.002319e-05 4.246133e-03
408 4.960853e-05 5.698740e-03
409 2.290316e-04 2.666715e-02
410 1.092695e-04 1.212763e-02
411 1.098525e-04 1.291971e-02
412 2.006449e-04 1.706113e-02
413 4.758495e-05 5.699786e-03
414 8.894218e-05 6.879498e-03
415 1.689541e-05 4.708098e-03
416 2.049290e-05 5.951590e-03
417 5.937196e-05 7.749517e-03
418 2.430113e-04 3.182214e-02
419 4.483097e-04 5.106773e-02
420 1.563377e-04 2.679877e-02
421 2.469635e-04 1.037904e-02
422 3.416543e-04 1.607630e-02
423 4.261765e-04 3.444611e-02
424 2.168391e-03 1.011770e-01
425 3.782901e-04 2.565278e-02
426 5.589654e-04 2.189823e-02
427 1.076758e-03 4.992972e-02
428 3.162076e-04 1.897384e-02
429 2.109631e-04 1.803724e-02
430 3.257896e-04 1.864744e-02
431 2.487824e-04 2.966205e-02
432 1.929331e-04 1.349113e-02
433 7.859079e-05 1.227625e-02
434 3.257896e-04 1.864744e-02
435 3.835153e-04 2.786644e-02
436 9.270921e-05 1.941917e-02
437 2.064986e-04 1.787057e-02
438 2.049428e-04 1.697984e-02
439 1.104710e-03 6.532320e-02
440 7.479866e-05 1.212241e-02
441 4.799991e-05 1.167950e-02
442 2.470789e-04 4.071608e-02
443 1.948151e-05 2.101893e-02
444 8.127906e-04 9.299440e-02
445 7.703786e-04 5.655808e-02
446 6.132928e-08 9.117097e-04
447 1.380148e-07 1.217619e-03
448 1.378903e-08 9.079412e-04
449 3.739117e-08 9.089316e-04
450 4.662723e-08 9.915131e-04
451 1.562927e-06 1.701038e-03
452 1.443102e-07 1.218949e-03
453 5.198345e-07 1.100778e-03
454 2.326422e-07 1.231577e-03
455 3.497291e-07 1.223176e-03
456 6.900488e-08 1.029179e-03
457 4.206115e-08 9.235355e-04
458 2.213170e-07 1.219120e-03
459 1.259283e-05 1.327082e-02
460 3.924115e-07 2.580509e-03
461 4.225684e-08 1.052459e-03
462 1.675555e-06 2.842244e-03
463 2.041895e-07 1.105208e-03
464 3.713196e-07 1.299775e-03
465 1.271535e-07 1.145513e-03
466 1.497311e-07 1.371509e-03
467 4.553561e-08 1.079869e-03
468 4.133791e-08 1.090124e-03
469 3.713196e-07 1.299775e-03
470 1.617870e-07 1.738020e-03
471 5.494905e-08 1.213901e-03
472 3.153292e-07 1.105799e-03
473 2.404458e-07 1.299080e-03
474 3.955071e-08 1.046281e-03
475 2.404458e-07 1.299080e-03
476 1.951271e-07 1.404784e-03
477 7.339457e-06 2.708922e-03
478 8.887321e-06 3.593522e-03
479 7.910142e-07 1.515722e-03
480 7.671081e-07 2.031165e-03
481 1.786466e-06 1.817837e-03
482 4.208666e-07 2.096325e-03
483 1.645722e-07 2.055532e-03
484 4.128694e-06 1.942699e-03
485 3.831270e-07 1.740893e-03
486 4.224053e-05 1.062384e-02
487 1.991021e-07 1.476459e-03
488 2.518250e-05 8.197486e-03
489 1.350438e-03 5.946743e-02
490 1.269014e-05 5.346886e-03
491 2.457276e-05 7.042603e-03
492 1.209476e-05 5.277991e-03
493 1.272568e-05 5.801960e-03
494 5.777431e-06 6.346631e-03
495 3.182149e-06 4.828191e-03
496 7.554840e-05 1.196305e-02
497 3.386771e-04 2.372504e-02
498 3.291218e-05 6.041360e-03
499 1.488818e-05 7.447171e-03
500 7.674287e-06 4.935787e-03
501 1.679324e-05 7.707967e-03
502 8.640101e-04 6.268196e-02
503 1.927490e-05 5.375704e-03
504 2.333794e-05 6.612581e-03
505 1.817749e-05 5.043277e-03
506 5.496140e-05 1.446151e-02
507 1.095881e-04 1.459103e-02
508 5.673164e-05 7.803078e-03
509 3.379045e-05 7.505697e-03
510 4.075245e-05 9.169776e-03
511 7.675831e-06 5.511971e-03
512 1.390185e-05 7.087950e-03
513 2.890835e-05 5.923675e-03
514 2.555948e-03 1.132824e-01
515 9.807121e-06 6.353367e-03
516 9.807121e-06 6.353367e-03
517 4.569420e-05 1.032155e-02
518 1.558611e-05 6.122597e-03
519 9.278474e-05 1.477792e-02
520 5.242116e-05 1.452946e-02
521 9.278474e-05 1.477792e-02
522 9.278474e-05 1.477792e-02
523 1.432872e-04 1.504629e-02
524 4.902768e-05 1.060176e-02
525 1.649168e-05 6.612317e-03
526 9.278474e-05 1.477792e-02
527 2.979079e-05 7.841807e-03
528 1.038606e-05 5.454009e-03
529 5.753929e-05 1.289445e-02
530 3.392765e-06 4.805857e-03
531 9.807121e-06 6.353367e-03
532 6.022319e-05 1.405401e-02
533 1.363310e-05 1.132541e-02
534 2.176111e-05 1.008923e-02
535 3.385506e-05 1.024053e-02
536 1.237383e-04 2.600962e-02
537 4.861425e-05 2.071975e-02
538 1.363310e-05 1.132541e-02
539 7.067843e-05 1.699127e-02
540 4.163748e-05 1.826747e-02
541 6.375875e-05 1.864359e-02
542 9.018639e-04 5.443448e-02
543 6.268337e-05 1.542401e-02
544 1.501747e-05 6.441957e-03
545 2.284487e-05 3.796341e-03
546 1.195562e-05 2.828044e-03
547 1.925356e-06 2.397003e-03
548 3.153939e-06 2.713153e-03
549 8.269887e-07 1.541442e-03
550 1.290056e-05 3.503024e-03
551 7.247849e-06 2.237230e-03
552 2.323017e-05 1.093692e-02
553 6.395799e-05 1.030840e-02
554 3.528851e-05 4.160352e-03
555 6.147429e-05 5.462227e-03
556 1.058125e-05 2.064518e-03
557 8.567327e-06 2.947813e-03
558 2.310901e-05 3.939759e-03
559 1.982037e-06 2.400127e-03
560 1.349669e-05 2.986459e-03
561 7.907243e-06 2.572136e-03
562 7.907243e-06 2.572136e-03
563 6.510174e-06 4.167071e-03
564 8.006899e-06 2.559724e-03
565 3.110686e-05 8.289647e-03
566 2.084737e-05 2.884280e-03
567 6.625023e-05 6.439906e-03
568 4.015390e-05 5.578867e-03
569 1.022015e-04 7.517985e-03
570 4.326611e-05 6.863652e-03
571 2.236253e-05 3.954283e-03
572 3.861517e-05 5.787325e-03
573 2.064901e-05 3.594381e-03
574 4.096179e-05 5.620947e-03
575 2.174212e-05 4.409505e-03
576 4.045197e-05 5.684443e-03
577 3.617868e-05 5.546717e-03
578 1.275546e-05 7.078853e-03
579 3.739871e-04 4.882502e-02
580 6.731167e-05 7.164475e-03
581 5.242273e-06 2.721614e-03
582 4.234341e-05 6.498710e-03
583 2.684551e-05 5.756096e-03
584 3.409876e-05 4.317898e-03
585 4.234341e-05 6.498710e-03
586 3.736210e-05 8.542421e-03
587 1.132081e-05 1.028946e-02
588 1.974207e-05 5.821526e-03
589 6.400149e-06 2.057216e-03
590 1.187601e-03 7.857031e-02
591 1.053918e-04 7.676342e-03
592 1.513887e-05 3.646868e-03
593 1.721959e-05 1.359970e-02
594 2.506317e-05 4.417909e-03
595 8.530641e-06 6.241380e-03
596 2.553549e-03 1.652493e-01
597 2.745598e-07 1.902837e-03
598 1.712731e-06 1.875799e-03
599 6.502576e-07 1.904381e-03
600 1.097888e-06 1.993906e-03
601 5.241045e-06 2.623141e-03
602 1.923194e-06 2.467011e-03
603 2.217895e-06 3.145172e-03
604 4.240017e-07 1.903877e-03
605 1.695464e-06 1.997082e-03
606 6.521787e-07 1.905367e-03
607 2.527402e-07 1.768869e-03
608 7.158799e-07 1.993055e-03
609 4.654180e-05 8.344732e-03
610 6.203174e-06 3.793543e-03
611 1.032322e-03 5.131148e-02
612 1.989366e-04 1.731492e-02
613 1.119602e-04 1.274718e-02
614 1.306863e-04 1.935884e-02
615 2.393955e-05 8.722485e-03
616 1.597635e-06 3.230395e-03
617 4.035739e-05 1.006334e-02
618 4.098755e-06 4.073337e-03
619 7.448967e-06 4.629096e-03
620 7.957730e-06 5.163093e-03
621 4.296873e-04 2.204729e-02
622 1.233700e-05 5.390705e-03
623 1.406548e-05 6.864802e-03
624 2.137788e-05 5.575565e-03
625 1.190051e-05 4.093851e-03
626 2.357240e-03 5.625197e-02
627 1.885642e-05 4.326214e-03
628 3.017183e-05 1.135487e-02
629 1.318590e-04 1.404917e-02
630 1.867391e-04 1.365529e-02
631 1.371135e-04 8.832403e-03
632 2.182302e-04 1.981330e-02
633 1.773873e-05 5.535167e-03
634 4.949959e-06 4.408135e-03
635 8.240726e-06 4.541565e-03
636 2.065605e-05 5.399063e-03
637 6.257558e-05 9.195829e-03
638 2.088845e-05 7.695644e-03
639 7.249806e-05 1.217241e-02
640 1.688273e-05 4.160471e-03
641 7.301893e-06 5.100079e-03
642 1.970014e-05 6.239336e-03
643 2.375944e-04 2.287125e-02
644 3.041130e-05 5.235835e-03
645 4.577444e-05 1.025529e-02
646 8.809162e-05 1.607259e-02
647 1.013846e-05 6.880778e-03
648 1.213344e-04 1.664654e-02
649 6.138518e-05 8.085801e-03
650 1.352276e-05 5.231888e-03
651 1.515995e-05 5.988416e-03
652 2.369958e-05 6.669659e-03
653 1.764060e-03 1.489803e-01
654 2.500973e-04 5.374763e-02
655 1.040024e-06 2.773056e-03
656 8.978352e-05 1.406596e-02
657 1.050643e-03 1.554618e-01
658 9.447889e-05 1.369508e-02
659 4.599464e-05 1.136626e-02
660 2.854660e-05 1.059948e-02
661 2.296701e-04 1.796293e-02
662 7.335786e-04 4.357717e-02
663 6.533454e-05 9.378105e-03
664 4.673104e-05 1.129367e-02
665 5.408823e-05 1.184259e-02
666 9.447852e-05 1.895528e-02
667 4.154148e-05 9.215390e-03
668 1.428446e-05 6.043309e-03
669 8.327910e-05 1.663969e-02
670 1.149775e-04 1.358101e-02
671 1.440624e-04 2.038861e-02
672 1.465261e-05 6.520560e-03
673 1.281609e-03 8.136048e-02
674 1.312763e-05 5.744442e-03
675 5.170009e-04 4.242123e-02
676 6.886248e-05 1.202908e-02
677 1.314614e-04 2.391288e-02
678 3.389110e-05 7.179570e-03
679 3.709583e-04 4.038169e-02
680 3.800133e-06 3.267421e-03
681 4.566007e-05 7.173991e-03
682 2.862956e-03 1.615651e-01
683 5.340250e-05 1.046641e-02
684 3.354624e-04 3.218209e-02
685 4.068781e-05 6.137874e-03
686 1.144976e-03 6.797789e-02
687 2.549975e-05 4.000398e-03
688 3.162505e-05 7.340211e-03
689 4.785753e-05 7.669849e-03
690 7.504486e-05 6.109512e-03
691 6.469134e-05 1.273463e-02
692 7.412485e-05 8.563135e-03
693 3.050559e-05 6.091739e-03
694 7.966865e-06 3.148045e-03
695 3.608075e-05 6.802217e-03
696 3.944800e-04 3.081224e-02
697 3.033632e-04 5.113110e-02
698 4.486685e-04 5.419787e-02
699 4.993249e-05 1.433576e-02
700 1.139196e-04 1.256022e-02
701 3.723454e-05 7.635371e-03
702 6.654127e-05 9.336094e-03
703 3.122864e-05 5.862927e-03
704 9.148523e-05 1.817094e-02
705 3.056265e-05 5.641768e-03
706 5.799088e-05 8.028433e-03
707 2.899218e-05 5.060368e-03
708 2.804801e-03 2.037516e-01
709 5.715603e-05 1.818716e-02
710 1.058918e-04 2.067602e-02
711 1.265435e-04 3.372410e-02
712 2.430214e-04 1.660545e-02
713 6.101000e-05 1.992762e-02
714 2.828948e-05 1.095838e-02
715 5.487103e-06 5.999507e-03
716 2.134605e-05 1.327284e-02
717 1.017546e-04 2.098679e-02
718 1.568512e-05 7.904660e-03
719 1.105224e-05 9.161800e-03
720 2.316670e-05 1.524615e-02
721 6.508635e-05 9.289637e-03
722 7.507273e-05 1.443035e-02
723 2.181052e-04 2.162606e-02
724 8.999986e-06 6.368493e-03
725 5.669015e-06 6.401135e-03
726 1.738298e-05 9.464251e-03
727 9.504434e-04 5.889600e-02
728 1.677044e-05 1.089833e-02
729 6.142853e-05 9.332767e-03
730 4.765786e-05 1.187472e-02
731 7.371504e-06 4.879053e-03
732 1.248077e-05 4.975223e-03
733 1.586049e-05 6.404124e-03
734 4.623944e-05 9.687888e-03
735 1.399134e-05 5.987785e-03
736 3.690926e-05 1.538220e-02
737 4.892433e-04 3.748123e-02
738 1.345197e-04 1.978117e-02
739 1.392451e-05 6.440486e-03
740 1.499864e-05 7.238347e-03
741 1.831808e-05 5.315085e-03
742 4.658685e-05 1.111583e-02
743 2.515017e-05 7.865761e-03
744 4.061886e-05 8.896591e-03
745 5.027140e-05 1.583970e-02
746 1.489774e-05 6.722372e-03
747 1.489774e-05 6.722372e-03
748 3.247660e-06 5.678549e-03
749 1.406992e-04 2.024824e-02
750 2.467420e-04 2.044352e-02
751 1.342420e-05 7.322344e-03
752 5.315058e-05 8.552816e-03
753 1.096424e-03 8.442463e-02
754 1.681348e-04 8.113568e-03
755 1.328851e-04 1.217893e-02
756 2.319656e-05 9.694769e-03
757 7.413727e-04 2.392504e-02
758 6.097451e-06 4.608042e-03
759 6.434693e-05 6.540522e-03
760 6.446107e-04 3.507131e-02
761 3.479129e-04 4.514986e-02
762 2.029534e-05 6.901349e-03
763 2.029534e-05 6.901349e-03
764 2.177340e-05 7.090284e-03
765 9.149794e-04 1.467085e-01
766 9.052908e-04 1.697970e-01
767 1.964894e-04 4.054286e-02
768 4.440185e-04 6.757985e-02
769 3.150018e-05 8.160579e-03
770 1.387637e-05 4.295218e-03
771 8.760429e-06 4.011942e-03
772 3.603155e-06 4.236501e-03
773 3.298224e-04 2.083549e-02
774 5.894960e-06 4.660004e-03
775 3.195636e-05 8.842478e-03
776 4.328607e-06 5.018018e-03
777 1.992400e-05 8.196824e-03
778 9.242100e-05 1.213702e-02
779 9.094473e-06 7.214883e-03
780 5.894960e-06 4.660004e-03
781 7.529970e-06 5.075199e-03
782 1.019222e-06 2.213880e-03
783 8.377794e-06 3.310995e-03
784 3.342056e-05 1.036252e-02
785 4.357366e-05 6.128384e-03
786 4.055330e-05 4.658211e-03
787 2.777738e-05 5.809023e-03
788 6.983844e-05 7.938527e-03
789 4.279838e-05 6.049675e-03
790 8.222887e-04 3.031546e-02
791 2.842436e-05 2.890690e-03
792 6.979695e-05 7.271025e-03
793 3.032444e-05 6.321440e-03
794 1.438984e-03 1.122130e-01
795 8.095051e-05 4.205093e-03
796 3.005960e-05 3.326254e-03
797 7.863983e-04 2.386614e-02
798 3.658951e-05 4.819329e-03
799 2.946724e-04 1.265886e-02
800 9.686622e-05 7.324563e-03
801 4.152282e-05 6.019553e-03
802 1.311813e-04 5.978304e-03
803 5.478887e-04 3.251611e-02
804 6.066379e-05 5.972922e-03
805 1.918668e-04 9.459554e-03
806 4.005229e-04 7.924692e-02
807 1.844463e-04 1.014334e-02
808 3.953257e-05 4.433572e-03
809 1.182653e-04 1.229848e-02
810 2.351792e-06 2.202345e-03
811 4.568384e-05 9.038369e-03
812 1.264823e-05 3.489321e-03
813 9.940906e-05 1.909848e-02
814 5.946592e-05 1.011754e-02
815 9.468541e-05 1.085199e-02
816 5.068363e-04 1.500313e-02
817 3.623689e-04 1.795210e-02
818 2.300965e-05 8.994224e-03
819 3.934987e-05 9.186228e-03
820 2.211765e-04 2.310013e-02
821 1.445052e-04 2.388059e-02
822 6.017028e-05 2.756103e-02
823 2.655074e-04 7.786705e-02
824 1.773933e-03 1.973518e-01
825 1.212877e-03 1.405831e-01
826 8.824572e-04 1.049738e-01
827 5.019926e-04 6.265064e-02
828 2.099281e-03 2.514430e-01
829 7.024437e-04 1.024963e-01
830 2.459881e-05 5.740504e-03
831 2.116198e-05 4.159987e-03
832 9.613709e-06 4.684403e-03
833 4.762638e-05 9.190787e-03
834 3.200521e-05 4.179294e-03
835 2.434482e-05 6.056371e-03
836 1.961392e-05 3.848641e-03
837 6.513637e-05 7.138578e-03
838 3.017544e-05 4.394323e-03
839 1.271152e-05 4.287977e-03
840 5.277249e-05 1.311494e-02
841 5.142814e-05 4.947575e-03
842 2.819444e-05 7.468254e-03
843 6.392871e-05 8.051500e-03
844 1.818384e-04 1.322538e-02
845 2.707561e-04 1.260335e-02
846 3.139276e-04 1.863322e-02
847 5.142814e-05 4.947575e-03
848 1.625104e-04 9.635603e-03
849 3.059073e-04 1.635636e-02
850 3.421242e-05 4.988530e-03
851 8.893130e-04 4.540741e-02
852 3.584500e-05 5.699445e-03
853 9.088868e-05 6.841622e-03
854 5.243178e-05 4.773248e-03
855 9.061193e-05 6.611655e-03
856 2.640087e-07 1.458361e-03
857 1.734719e-06 1.234961e-03
858 1.332263e-06 1.962105e-03
859 2.829645e-07 1.480247e-03
860 2.198031e-04 2.509208e-02
861 1.457528e-05 5.067127e-03
862 7.279882e-07 1.491072e-03
863 6.713627e-07 1.406594e-03
864 1.578357e-07 1.380232e-03
865 4.224393e-07 1.420137e-03
866 8.083782e-07 1.879758e-03
867 1.029615e-06 1.407229e-03
868 2.340989e-07 1.341911e-03
869 4.342383e-07 1.567248e-03
870 4.462091e-07 1.477374e-03
871 1.564979e-07 1.385207e-03
872 3.534023e-07 1.846909e-03
873 2.725170e-07 1.391839e-03
874 1.195165e-06 1.336499e-03
875 8.222818e-05 2.975736e-02
876 4.252182e-07 1.422466e-03
877 6.184422e-07 1.388859e-03
878 8.240402e-07 1.755268e-03
879 1.434873e-07 1.338982e-03
880 2.232318e-07 1.339465e-03
881 1.576814e-07 1.384895e-03
882 2.177108e-06 1.629871e-03
883 4.211812e-06 1.387463e-03
884 4.045149e-07 1.381856e-03
885 1.026770e-06 1.425622e-03
886 2.527072e-05 2.764033e-03
887 6.734387e-05 3.132441e-03
888 1.040373e-04 8.125050e-03
889 3.324506e-04 1.599503e-02
890 2.738722e-04 9.960885e-03
891 1.033551e-03 2.774478e-02
892 2.568413e-03 3.763645e-02
893 5.412092e-05 4.509278e-03
894 2.586407e-05 2.828783e-03
895 6.675708e-05 4.530401e-03
896 8.901369e-05 8.200547e-03
897 6.124554e-04 2.692794e-02
898 2.011848e-04 1.028363e-02
899 8.663509e-04 4.189992e-02
900 6.751068e-05 4.038201e-03
901 2.554016e-05 3.215301e-03
902 8.579528e-05 5.945191e-03
903 2.214832e-05 5.551562e-03
904 5.528225e-04 6.453432e-02
905 2.582165e-04 1.152599e-02
906 3.263344e-04 2.787830e-02
907 1.531647e-03 1.343354e-01
908 8.624868e-06 2.310261e-03
909 1.417239e-05 2.614893e-03
910 1.733104e-06 1.508818e-03
911 5.800695e-05 2.925513e-03
912 2.118519e-05 2.562184e-03
913 9.433030e-06 1.429347e-03
914 4.041631e-05 3.797019e-03
915 8.726664e-06 2.331841e-03
916 2.012063e-04 2.089669e-02
917 2.181383e-06 1.995744e-03
918 4.452928e-06 1.657411e-03
919 5.471492e-07 1.363781e-03
920 7.548152e-06 1.894321e-03
921 4.355367e-07 1.046972e-03
922 8.882347e-07 1.361481e-03
923 5.655566e-05 1.663546e-02
924 4.134831e-05 7.551091e-03
925 7.234075e-07 1.017347e-03
926 2.105019e-05 5.320730e-03
927 1.468466e-06 1.237962e-03
928 3.097479e-05 2.262173e-03
929 6.317063e-05 3.429325e-03
930 1.812047e-05 1.882709e-03
931 9.750246e-06 2.875879e-03
932 7.398434e-07 1.451083e-03
933 2.547134e-06 1.347155e-03
934 8.819846e-06 3.041278e-03
935 1.211973e-06 1.504865e-03
936 3.923623e-07 1.136358e-03
937 4.702915e-06 1.847657e-03
938 1.155990e-06 1.630519e-03
939 5.742660e-06 1.967123e-03
940 1.005343e-05 1.678633e-03
941 8.876278e-06 3.037423e-03
942 1.859802e-06 1.507568e-03
943 4.100922e-06 1.307040e-03
944 1.808174e-05 2.035009e-03
945 8.504658e-06 2.028052e-03
946 3.042405e-05 2.999167e-03
947 1.436330e-04 2.732744e-02
948 1.359653e-05 6.525995e-03
949 5.365709e-05 9.520186e-03
950 1.927119e-05 7.361916e-03
951 5.525975e-05 1.469742e-02
952 1.045991e-04 1.002383e-02
953 2.709769e-05 7.957211e-03
954 3.796797e-06 2.941869e-03
955 3.479938e-04 2.203092e-02
956 3.782369e-06 2.950340e-03
957 1.151915e-05 7.812015e-03
958 1.741800e-05 6.297091e-03
959 1.344369e-04 3.494677e-02
960 5.905891e-05 1.735078e-02
961 2.582582e-05 7.630597e-03
962 3.502989e-05 1.116165e-02
963 7.618363e-06 3.588621e-03
964 2.332250e-04 2.627758e-02
965 4.863698e-06 5.261137e-03
966 1.078547e-03 7.137973e-02
967 3.463141e-04 3.144748e-02
968 1.607324e-05 3.568219e-03
969 4.303605e-05 6.080019e-03
970 8.941773e-05 1.511292e-02
971 2.400145e-06 2.824334e-03
972 6.036593e-06 6.693897e-03
973 2.952731e-05 8.397627e-03
974 4.711113e-06 3.146053e-03
975 1.618082e-05 6.055414e-03
976 6.142264e-04 2.962582e-02
977 6.778387e-05 4.123933e-03
978 2.782947e-05 3.441790e-03
979 3.927812e-06 2.610131e-03
980 6.344690e-07 1.201320e-03
981 1.143092e-05 3.531828e-03
982 2.859844e-05 4.263821e-03
983 8.709231e-06 2.344671e-03
984 1.769698e-05 3.655180e-03
985 1.038991e-05 2.898552e-03
986 1.606689e-05 2.934374e-03
987 2.406875e-06 1.174824e-03
988 5.180451e-06 1.939560e-03
989 2.594498e-05 5.143947e-03
990 1.094064e-05 2.907988e-03
991 2.257977e-05 4.708045e-03
992 3.125309e-06 2.021297e-03
993 3.406130e-06 2.152565e-03
994 2.046151e-06 2.048483e-03
995 8.161822e-06 2.168041e-03
996 4.039145e-06 2.700285e-03
997 7.545671e-05 6.343759e-03
998 1.110110e-05 2.926714e-03
999 1.650821e-05 2.592458e-03
1000 2.821338e-06 1.459313e-03
1001 2.821338e-06 1.459313e-03
1002 2.784539e-05 3.532108e-03
1003 4.714944e-06 1.577197e-03
1004 1.732625e-05 3.177636e-03
1005 3.777966e-06 2.536354e-03
1006 3.438495e-05 3.100603e-03
1007 6.313636e-06 2.745886e-03
1008 8.495085e-06 2.197917e-03
1009 1.597513e-05 3.069814e-03
1010 5.770806e-06 2.485743e-03
1011 1.026838e-05 3.004594e-03
1012 6.130499e-06 2.809046e-03
1013 7.847618e-07 2.000625e-03
1014 1.008542e-05 2.820789e-03
1015 1.382704e-06 2.072987e-03
1016 2.601339e-06 1.450775e-03
1017 1.700010e-06 1.489189e-03
1018 2.242238e-06 2.401234e-03
1019 1.771208e-05 3.727803e-03
1020 1.088814e-06 1.597317e-03
1021 1.485282e-05 2.248583e-03
1022 8.418859e-07 1.101364e-03
1023 4.495943e-06 1.613719e-03
1024 1.572020e-06 1.361011e-03
1025 3.083996e-06 2.061641e-03
1026 1.092608e-03 2.283567e-01
1027 6.878565e-04 3.487026e-02
1028 6.795427e-04 3.604782e-02
1029 2.621508e-04 2.471157e-02
1030 6.427686e-04 6.620207e-02
1031 1.536647e-03 1.121272e-01
1032 2.259086e-05 5.802099e-03
1033 5.342321e-05 1.310900e-02
1034 5.043079e-04 5.054961e-02
1035 8.875779e-06 3.307508e-03
1036 2.358265e-05 7.932461e-03
1037 8.543579e-05 1.640881e-02
1038 2.290127e-06 2.713920e-03
1039 3.770148e-05 9.249178e-03
1040 2.438641e-05 7.623700e-03
1041 4.209782e-05 2.317269e-02
1042 2.339682e-05 9.550516e-03
1043 9.805517e-05 1.169885e-02
1044 6.844048e-05 1.441300e-02
1045 3.230325e-05 6.587368e-03
1046 1.761208e-04 1.669690e-02
1047 3.946009e-04 2.718464e-02
1048 1.699529e-04 3.139429e-02
1049 1.612491e-05 7.458411e-03
1050 4.954795e-04 7.974433e-02
1051 1.762752e-04 5.514039e-02
1052 5.187043e-07 1.206664e-03
1053 6.555608e-07 1.774078e-03
1054 6.487717e-05 1.812543e-02
1055 3.648816e-07 1.532164e-03
1056 5.060664e-06 4.452412e-03
1057 2.836757e-06 2.019459e-03
1058 1.942787e-06 1.956415e-03
1059 4.012559e-07 1.023741e-03
1060 4.041635e-07 9.495333e-04
1061 7.787439e-06 2.359298e-03
1062 2.658777e-06 1.705273e-03
1063 1.063862e-05 3.268225e-03
1064 3.222761e-04 1.394048e-02
1065 7.219526e-05 9.402161e-03
1066 9.706660e-07 1.560551e-03
1067 2.242053e-07 1.436654e-03
1068 2.136038e-07 1.461103e-03
1069 6.671726e-07 1.604811e-03
1070 2.576326e-05 1.275795e-02
1071 8.443168e-06 4.693604e-03
1072 5.742849e-06 2.546278e-03
1073 1.310856e-04 1.005556e-02
1074 6.105859e-07 1.027961e-03
1075 8.153189e-05 1.287615e-02
1076 2.495261e-05 3.174099e-03
1077 6.767220e-05 8.053201e-03
1078 1.777411e-06 1.584460e-03
1079 8.652293e-06 5.083631e-03
1080 1.525470e-06 1.534427e-03
1081 6.457416e-07 1.451310e-03
1082 1.544515e-06 1.458538e-03
1083 4.711788e-06 1.717901e-03
1084 3.569716e-07 1.220192e-03
1085 4.177196e-06 3.873061e-03
1086 5.572611e-07 1.224656e-03
1087 1.392426e-06 1.341527e-03
1088 2.124729e-06 4.642328e-03
1089 3.391125e-07 1.225936e-03
1090 2.029188e-07 1.191565e-03
1091 3.569716e-07 1.220192e-03
1092 2.743045e-03 1.912021e-01
1093 4.904172e-05 1.756585e-02
1094 4.673468e-05 1.260756e-02
1095 2.897626e-06 1.497847e-03
1096 6.722060e-07 1.437789e-03
1097 2.812910e-05 3.899448e-03
1098 2.850766e-05 4.917053e-03
1099 4.107321e-06 2.995821e-03
1100 8.860700e-06 2.157679e-03
1101 1.447720e-05 2.473283e-03
1102 9.263423e-06 2.385977e-03
1103 8.194705e-06 2.052120e-03
1104 2.145032e-04 2.176591e-02
1105 1.102557e-06 1.478563e-03
1106 2.276929e-06 2.148136e-03
1107 3.908768e-06 2.917047e-03
1108 2.039603e-06 1.590667e-03
1109 3.241875e-06 1.905729e-03
1110 9.763931e-06 4.253485e-03
1111 6.581708e-06 3.492954e-03
1112 1.448499e-04 1.205216e-02
1113 4.751360e-05 7.932535e-03
1114 1.429948e-06 1.929604e-03
1115 5.478900e-05 1.064292e-02
1116 7.577568e-07 1.448113e-03
1117 6.865805e-07 1.556462e-03
1118 1.711231e-05 4.231166e-03
1119 5.192259e-05 1.010305e-02
1120 1.580588e-05 3.213418e-03
1121 3.830841e-05 3.937846e-03
1122 2.083308e-05 2.817214e-03
1123 7.821829e-06 1.935478e-03
1124 9.769528e-06 2.750058e-03
1125 2.327797e-05 2.511990e-03
1126 2.334710e-05 3.197461e-03
1127 1.391554e-05 2.373279e-03
1128 2.234493e-05 2.508884e-03
1129 1.974821e-05 2.183362e-03
1130 2.357056e-05 3.180652e-03
1131 6.751629e-04 1.410725e-02
1132 7.842506e-04 7.940553e-02
1133 6.332757e-04 2.649983e-02
1134 1.591759e-04 5.223355e-03
1135 1.820104e-05 1.675231e-03
1136 5.160571e-05 2.230294e-03
1137 4.355975e-05 3.551209e-03
1138 3.959274e-05 3.693272e-03
1139 4.955647e-05 4.080168e-03
1140 1.655779e-03 9.469112e-02
1141 1.688328e-04 9.930363e-03
1142 7.414831e-05 4.332624e-03
1143 4.755795e-05 4.284070e-03
1144 3.829582e-04 2.256798e-02
1145 8.721772e-05 6.664967e-03
1146 6.616869e-04 3.338777e-02
1147 4.184001e-04 2.666754e-02
1148 1.346900e-04 6.890734e-03
1149 1.263245e-04 5.295930e-03
1150 9.998407e-05 5.119432e-03
1151 9.905404e-05 4.381841e-03
1152 6.366669e-05 4.081677e-03
1153 3.809200e-05 3.178306e-03
1154 6.644984e-05 4.534418e-03
1155 5.436287e-05 2.842021e-03
1156 1.193624e-04 1.290674e-02
1157 4.026411e-04 2.325526e-02
1158 8.817302e-05 1.063625e-02
1159 1.234692e-03 5.427825e-02
1160 7.828321e-05 5.448728e-03
1161 5.019803e-05 4.701135e-03
1162 2.984715e-04 1.693187e-02
1163 8.036817e-04 2.954494e-02
1164 1.253293e-04 6.722440e-03
1165 4.901457e-05 4.653348e-03
1166 2.714673e-04 2.285704e-02
1167 2.812624e-04 1.161570e-02
1168 8.166244e-05 5.710361e-03
1169 2.984715e-04 1.693187e-02
1170 1.877579e-04 1.510942e-02
1171 7.828321e-05 5.448728e-03
1172 2.086007e-04 1.202245e-02
1173 1.108736e-03 4.922040e-02
1174 2.664610e-04 3.980179e-02
1175 1.422278e-04 2.083800e-02
1176 5.253991e-03 4.649200e-01
1177 5.060772e-06 2.975433e-03
1178 1.450326e-04 1.436497e-02
1179 7.636496e-05 1.817504e-02
1180 9.714420e-05 1.574575e-02
1181 9.120184e-05 1.127670e-02
1182 1.476097e-04 1.555792e-02
1183 8.964298e-05 1.268241e-02
1184 2.315532e-04 3.175341e-02
1185 7.853328e-04 4.301077e-02
1186 9.546218e-05 1.164653e-02
1187 2.979721e-05 6.041770e-03
1188 3.493810e-05 8.398493e-03
1189 1.103594e-04 1.486090e-02
1190 3.773737e-04 3.929988e-02
1191 4.248166e-05 1.047647e-02
1192 4.433122e-04 2.468852e-02
1193 7.751190e-05 2.094799e-02
1194 5.520253e-04 3.952657e-02
1195 1.753170e-04 1.821966e-02
1196 2.751757e-04 1.800447e-02
1197 1.404994e-04 1.103151e-02
1198 1.711813e-04 1.927032e-02
1199 2.486183e-04 1.717498e-02
1200 4.624601e-04 2.542331e-02
1201 1.076135e-04 1.860958e-02
1202 2.575223e-05 1.142505e-02
1203 1.930305e-04 2.460807e-02
1204 4.398980e-04 2.947150e-02
1205 1.091275e-05 4.348709e-03
1206 8.108936e-05 1.264729e-02
1207 4.808911e-06 3.487371e-03
1208 2.643890e-04 2.349269e-02
1209 1.858575e-05 7.402850e-03
1210 6.288408e-05 6.877278e-03
1211 1.434193e-05 3.087349e-03
1212 1.522968e-05 2.859626e-03
1213 3.841016e-05 6.405803e-03
1214 4.028218e-05 7.133811e-03
1215 2.348890e-04 2.537095e-02
1216 2.730256e-06 4.131576e-03
1217 1.372246e-03 6.081414e-02
1218 2.170058e-05 5.403871e-03
1219 9.107234e-07 1.120542e-03
1220 6.404540e-06 3.143060e-03
1221 1.082537e-05 2.335182e-03
1222 1.464848e-03 5.374699e-02
1223 3.233767e-06 1.942229e-03
1224 4.252138e-06 1.778307e-03
1225 4.903754e-04 1.843175e-02
1226 1.196434e-06 2.233042e-03
1227 1.090149e-03 1.049557e-01
1228 2.701666e-05 3.683568e-03
1229 2.537611e-06 1.175113e-03
1230 8.881057e-06 2.253817e-03
1231 2.798736e-06 1.456749e-03
1232 1.965308e-06 1.964632e-03
1233 3.218032e-06 2.147877e-03
1234 1.015543e-05 2.853537e-03
1235 5.805455e-06 2.380591e-03
1236 9.309478e-06 2.443871e-03
1237 5.457512e-06 2.269909e-03
1238 1.551038e-05 2.706105e-03
1239 3.261934e-06 2.167588e-03
1240 3.603639e-03 1.970452e-01
1241 2.268370e-05 3.863591e-03
1242 5.227708e-06 2.345310e-03
1243 1.414348e-05 2.547795e-03
1244 5.065447e-06 2.171887e-03
1245 9.145723e-06 2.395449e-03
1246 8.685140e-06 2.229444e-03
1247 3.328182e-05 9.407726e-03
1248 9.060170e-05 2.372780e-02
1249 9.916328e-06 9.320012e-03
1250 3.867643e-05 1.148494e-02
1251 3.957884e-05 1.274234e-02
1252 6.488800e-05 1.419018e-02
1253 3.958896e-05 1.189352e-02
1254 4.888938e-05 6.542486e-03
1255 2.265363e-03 8.026581e-02
1256 1.661342e-05 4.598213e-03
1257 3.014772e-03 1.486300e-01
1258 3.886375e-04 2.236140e-02
1259 7.202991e-04 5.165678e-02
1260 5.122285e-05 1.123543e-02
1261 1.926695e-06 1.742941e-03
1262 3.041009e-04 1.932976e-02
1263 1.042387e-05 3.355125e-03
1264 1.588121e-04 2.386133e-02
1265 1.467964e-06 2.777255e-03
1266 1.877804e-05 5.694677e-03
1267 1.622580e-07 1.918735e-03
1268 1.622421e-05 4.486516e-03
1269 3.536578e-04 2.813811e-02
1270 1.611319e-04 1.428967e-02
1271 2.256196e-05 7.185224e-03
1272 5.021046e-06 2.873976e-03
1273 2.220265e-05 2.806617e-03
1274 6.974483e-05 1.452299e-02
1275 3.040156e-04 2.263348e-02
1276 2.569777e-04 3.237469e-02
1277 3.491135e-04 4.964741e-02
1278 7.033511e-04 3.697215e-02
1279 2.123277e-05 3.535114e-03
1280 9.231904e-06 6.932847e-03
1281 4.693296e-06 8.083846e-03
1282 7.793456e-05 1.167682e-02
1283 2.109893e-05 8.863380e-03
1284 3.443809e-04 3.280678e-02
1285 5.507324e-05 8.234634e-03
1286 1.879422e-04 2.049337e-02
1287 9.337301e-05 4.132767e-03
1288 8.187588e-04 5.356152e-02
1289 4.202285e-04 9.987576e-02
1290 6.777263e-06 1.647887e-03
1291 7.276794e-05 1.058210e-02
1292 5.346440e-05 4.316127e-03
1293 1.035863e-03 4.682146e-02
1294 2.179684e-06 2.251356e-03
1295 1.141603e-04 6.088769e-03
1296 1.786809e-04 7.510568e-03
1297 1.323620e-03 6.608564e-02
1298 5.223825e-04 4.632025e-02
1299 8.681356e-05 6.887476e-03
1300 1.962118e-03 7.980146e-02
1301 7.571526e-06 2.453649e-03
1302 1.449700e-05 2.790320e-03
1303 3.520420e-05 1.215376e-02
1304 1.043180e-04 1.746537e-02
1305 7.816798e-05 9.923005e-03
1306 6.863531e-05 9.287132e-03
1307 1.599170e-04 8.276527e-03
1308 1.080990e-05 9.165069e-03
1309 5.563260e-04 1.810597e-02
1310 9.339756e-04 5.298331e-02
1311 2.750979e-04 2.239340e-02
1312 2.281735e-03 1.090384e-01
1313 6.310974e-06 3.383873e-03
1314 1.244905e-04 8.781950e-03
1315 9.483058e-05 5.168374e-03
1316 4.997310e-06 4.921229e-03
1317 5.910339e-06 3.331816e-03
1318 1.607645e-06 1.868168e-03
1319 7.224490e-06 2.395982e-03
1320 3.749268e-06 4.257260e-03
1321 5.967835e-06 3.921214e-03
1322 2.329086e-06 1.508789e-03
1323 9.139101e-05 1.038386e-02
1324 5.184643e-06 1.949790e-03
1325 3.410418e-05 5.561422e-03
1326 7.717140e-05 5.010975e-03
1327 5.922229e-05 6.478979e-03
1328 3.383297e-05 3.177119e-03
1329 9.790051e-07 2.750521e-03
1330 1.636062e-04 5.801613e-03
1331 2.346275e-03 2.859083e-02
1332 1.279688e-03 5.280705e-02
1333 4.386654e-05 1.360942e-02
1334 6.217328e-05 1.857164e-02
1335 8.861269e-06 7.247397e-03
1336 8.271275e-06 6.288995e-03
1337 3.085451e-05 2.990077e-03
1338 3.029364e-05 5.812623e-03
1339 1.308761e-04 2.132227e-02
1340 2.419512e-05 8.745924e-03
1341 9.189651e-05 4.582491e-03
1342 8.873400e-07 1.578928e-03
1343 3.266382e-04 4.701169e-02
1344 6.062324e-06 4.749399e-03
1345 4.033594e-04 6.246027e-02
1346 3.289810e-05 1.857903e-02
1347 8.035097e-05 2.453765e-02
1348 4.741008e-05 1.433250e-02
1349 3.623651e-05 1.080989e-02
1350 2.883728e-04 6.280825e-02
1351 7.947594e-04 1.130679e-01
1352 9.117538e-04 2.995819e-02
1353 5.779175e-07 3.217297e-03
1354 3.563241e-06 2.796017e-03
1355 1.117038e-04 2.474218e-02
1356 1.307765e-06 4.297263e-03
1357 2.274956e-05 4.849431e-03
1358 6.045208e-04 2.550131e-02
1359 3.490439e-05 1.931760e-02
1360 6.023371e-06 1.674522e-03
1361 1.725603e-04 7.131600e-03
1362 1.985185e-05 2.586508e-03
1363 6.566537e-07 1.334545e-03
1364 1.357840e-06 1.194902e-03
1365 4.914199e-06 1.833404e-03
1366 1.494854e-05 6.552698e-03
1367 2.288828e-04 1.406752e-02
1368 5.370669e-06 2.729911e-03
1369 9.206913e-06 2.053135e-03
1370 3.042773e-07 1.088247e-03
1371 1.721708e-06 1.521714e-03
1372 1.159192e-06 1.062844e-03
1373 1.924655e-06 1.939438e-03
1374 5.636926e-06 3.049797e-03
1375 1.543124e-04 3.785854e-02
1376 2.585559e-05 2.127350e-03
1377 7.498448e-05 6.078690e-03
1378 4.719098e-05 8.007496e-03
1379 8.460627e-05 1.425760e-02
1380 1.009794e-04 2.476335e-02
1381 1.226289e-04 2.021296e-02
1382 6.705839e-06 1.909396e-03
1383 2.650439e-05 2.300438e-03
1384 6.974682e-04 5.026573e-02
1385 9.197177e-05 1.045832e-02
1386 3.178154e-04 2.528688e-02
1387 1.030456e-03 4.837807e-02
1388 1.647055e-03 6.085659e-02
1389 1.910946e-05 4.781449e-03
1390 3.732129e-04 2.974070e-02
1391 7.922569e-05 6.252083e-03
1392 5.297064e-05 1.451822e-02
1393 7.880468e-06 2.653445e-03
1394 9.635195e-05 7.820900e-03
1395 4.092286e-04 2.087162e-02
1396 3.482573e-05 3.790548e-03
1397 2.710393e-05 2.097314e-03
1398 1.661998e-03 3.802808e-02
1399 2.953302e-05 5.761192e-03
1400 8.466236e-05 3.052227e-03
1401 3.096893e-04 1.776925e-02
1402 1.971730e-05 2.613762e-03
1403 3.262159e-06 1.990070e-03
1404 2.454818e-04 2.358927e-02
1405 3.362211e-06 1.882968e-03
1406 2.004823e-05 5.188762e-03
1407 9.682995e-06 2.281301e-03
1408 5.459077e-06 2.228914e-03
1409 1.294417e-05 6.802838e-03
1410 1.350902e-04 8.896459e-03
1411 1.299849e-03 1.140274e-01
1412 4.771967e-04 3.884538e-02
1413 7.532494e-06 2.005761e-03
1414 1.742727e-03 6.389853e-02
1415 5.316048e-06 2.927548e-03
1416 2.188310e-05 3.267954e-03
1417 7.428965e-06 2.261187e-03
1418 1.430814e-05 2.921446e-03
1419 3.478303e-04 2.158075e-02
1420 3.970720e-04 3.650958e-02
1421 6.959496e-04 5.671283e-02
1422 3.727108e-05 8.364398e-03
1423 1.033503e-03 7.022028e-02
1424 3.470971e-05 8.502997e-03
1425 3.470744e-03 1.159205e-01
1426 1.489410e-03 5.781858e-02
1427 1.237564e-04 2.191733e-02
1428 2.730764e-05 1.852807e-03
1429 2.441236e-05 7.166261e-03
1430 3.739553e-04 1.977122e-02
1431 2.650273e-04 2.559481e-02
1432 8.910544e-05 9.589779e-03
1433 2.149057e-05 7.071429e-03
1434 1.896923e-04 2.869291e-02
1435 1.940251e-04 2.299800e-02
1436 1.572612e-03 8.715315e-02
1437 3.777344e-05 3.087121e-03
1438 3.916851e-05 2.979334e-03
1439 3.538722e-03 2.382309e-01
1440 1.427346e-04 1.917126e-02
1441 9.491946e-04 1.094209e-01
1442 3.718671e-06 2.105478e-03
1443 1.034021e-04 2.276096e-02
1444 2.881000e-04 2.860128e-02
1445 2.611454e-04 2.313231e-02
1446 1.337056e-05 5.363207e-03
1447 2.102780e-05 3.363316e-03
1448 3.072836e-05 7.580142e-03
1449 1.337736e-04 1.312263e-02
1450 5.979181e-04 1.854694e-02
1451 5.767433e-06 1.615072e-03
1452 7.762760e-05 1.063819e-02
1453 1.973621e-06 1.650633e-03
1454 1.954953e-05 1.131003e-02
1455 4.454102e-06 4.295969e-03
1456 1.969964e-05 5.327192e-03
1457 2.657900e-05 4.573191e-03
1458 5.224774e-07 2.831801e-03
1459 2.380800e-05 4.133588e-03
1460 4.680728e-06 4.305382e-03
1461 4.235079e-06 7.185146e-03
1462 1.402712e-05 7.355369e-03
1463 1.520320e-04 1.415195e-02
1464 2.191650e-03 1.472291e-01
1465 1.025395e-03 5.216852e-02
1466 1.254837e-03 9.621463e-02
1467 1.598126e-04 1.913221e-02
1468 1.349834e-03 7.641148e-02
1469 1.137219e-03 9.890496e-02
1470 6.279320e-05 6.320161e-03
1471 8.339770e-05 1.056598e-02
1472 4.314536e-04 2.547441e-02
1473 8.718050e-06 2.771727e-03
1474 1.141461e-05 1.198031e-02
1475 1.039336e-05 4.179828e-03
1476 1.078773e-05 3.665803e-03
1477 1.236972e-03 3.406789e-02
1478 4.230052e-05 1.836663e-02
1479 3.048774e-04 3.168646e-02
1480 2.462159e-04 3.183509e-02
1481 2.168466e-04 1.757891e-02
1482 4.890067e-04 3.433932e-02
1483 5.646755e-06 6.021695e-03
1484 1.018305e-05 4.773260e-03
1485 4.550590e-06 4.575416e-03
1486 5.638225e-04 3.218770e-02
1487 4.257133e-05 3.398174e-03
1488 9.247879e-05 7.184656e-03
1489 9.264350e-06 2.865440e-03
1490 1.100034e-05 3.606705e-03
1491 5.746281e-04 5.761720e-02
1492 8.739106e-05 6.211730e-03
1493 1.316338e-05 2.377327e-03
1494 4.424098e-05 9.719991e-03
1495 4.803514e-04 3.105603e-02
1496 2.468606e-05 1.773714e-03
1497 4.324315e-04 2.616279e-02
1498 1.723846e-03 8.414534e-02
1499 3.977227e-05 2.607137e-03
1500 7.326394e-05 6.702850e-03
1501 3.956529e-04 2.667239e-02
1502 3.340532e-04 2.414433e-02
1503 1.237532e-04 1.013901e-02
1504 1.491014e-03 1.012882e-01
1505 1.467470e-04 5.386543e-02
1506 5.753779e-06 1.467668e-03
1507 3.962889e-04 2.533378e-02
1508 6.030536e-03 2.854980e-01
1509 1.217255e-05 2.742716e-03
1510 3.906133e-06 3.123342e-03
1511 1.456112e-04 1.416387e-02
1512 7.042090e-07 1.016150e-03
1513 9.451386e-05 1.080473e-02
1514 1.843538e-05 4.535486e-03
1515 2.862527e-05 6.796268e-03
1516 4.011111e-04 3.005631e-02
1517 7.055389e-05 6.538571e-03
1518 2.379283e-04 5.229632e-02
1519 1.472137e-06 1.745462e-03
1520 2.998543e-04 1.468461e-02
1521 3.229695e-06 2.120555e-03
1522 6.687314e-06 3.952262e-03
1523 1.134867e-05 4.031504e-03
1524 1.273008e-03 3.259573e-02
1525 1.075672e-04 9.979781e-03
1526 1.327948e-04 1.371940e-02
1527 9.198218e-05 9.520424e-03
1528 1.437104e-05 5.553436e-03
1529 4.700359e-05 1.040279e-02
1530 8.290535e-05 5.349748e-03
1531 4.275744e-04 3.976324e-02
1532 2.584533e-05 6.826816e-03
1533 1.019422e-03 4.248220e-02
1534 1.443032e-03 7.736862e-02
1535 2.386551e-03 1.702720e-01
1536 2.088690e-03 1.326659e-01
1537 5.898824e-05 6.786384e-03
1538 4.889070e-04 1.579745e-01
1539 4.928017e-05 1.383299e-02
1540 9.332456e-05 4.462957e-02
1541 2.637135e-03 1.103750e-01
1542 5.932296e-03 1.366086e-01
1543 9.219865e-06 5.132209e-03
1544 4.384864e-05 1.312759e-02
1545 2.484436e-06 3.579069e-03
1546 2.050466e-04 8.919099e-03
1547 2.248035e-04 1.777111e-02
1548 8.473419e-05 3.799624e-02
1549 5.459283e-06 2.539683e-03
1550 4.443040e-04 1.135077e-02
1551 1.592381e-04 1.208632e-02
1552 2.262401e-06 1.243020e-03
1553 7.933371e-06 2.921195e-03
1554 7.350510e-04 5.648106e-02
1555 1.858745e-04 8.421061e-02
1556 2.604095e-04 1.872452e-02
1557 1.209750e-03 4.285831e-02
1558 2.345413e-03 1.325810e-01
1559 2.557038e-04 9.649300e-03
1560 1.425160e-05 3.715698e-03
1561 1.255690e-04 9.033288e-03
1562 1.683713e-05 1.188743e-02
1563 2.630437e-05 2.366559e-03
1564 1.173762e-05 6.691557e-03
1565 1.137130e-04 2.511783e-02
1566 8.454310e-05 9.316166e-03
1567 1.658049e-05 3.586162e-03
1568 1.340580e-05 2.260495e-03
1569 2.145835e-04 8.220421e-03
1570 2.930895e-04 2.040211e-02
1571 4.123479e-04 1.895744e-02
1572 1.632651e-06 1.875790e-03
1573 7.110175e-04 4.303257e-02
1574 2.093890e-05 3.973860e-03
1575 8.555814e-05 1.271456e-02
1576 5.785749e-05 1.222224e-02
1577 1.360357e-03 6.499998e-02
1578 8.962481e-06 6.301105e-03
1579 8.746271e-05 1.334006e-02
1580 5.763430e-07 2.483410e-03
1581 7.056580e-06 3.424611e-03
1582 2.740774e-05 5.083429e-03
1583 2.477614e-04 2.621667e-02
1584 1.917070e-05 5.675231e-03
1585 1.074047e-03 1.034437e-01
1586 8.376045e-04 1.230984e-01
1587 9.921568e-04 6.548273e-02
1588 4.009561e-04 2.261669e-02
1589 1.180443e-03 4.091411e-02
1590 1.139428e-03 1.027774e-01
1591 5.067677e-04 2.781233e-02
1592 2.900690e-04 1.645071e-02
1593 7.446888e-04 2.843343e-02
1594 4.686114e-04 1.774018e-02
1595 4.081635e-05 1.032921e-02
1596 1.433789e-04 1.242728e-02
1597 1.165146e-04 1.144254e-02
1598 7.343044e-04 3.133058e-02
1599 1.912294e-05 2.154987e-03
1600 7.907583e-04 4.616470e-02
1601 2.114936e-06 1.224714e-03
1602 1.332332e-03 4.616577e-02
1603 4.569621e-06 2.036994e-03
1604 5.568194e-06 2.416999e-03
1605 5.432287e-05 1.230610e-02
1606 3.168930e-07 2.934030e-03
1607 7.094927e-07 1.928573e-03
1608 1.018831e-06 1.822785e-03
1609 2.705131e-05 5.189038e-03
1610 1.646698e-04 1.831898e-02
1611 2.501724e-07 1.877443e-03
1612 5.066194e-06 2.109915e-03
1613 1.989118e-06 2.146587e-03
1614 2.924991e-06 4.706745e-03
1615 5.431862e-04 5.852671e-02
1616 8.274065e-05 2.519841e-02
1617 4.269191e-04 1.773302e-02
1618 1.693264e-04 2.505229e-02
1619 3.180477e-03 1.530100e-01
1620 3.185712e-05 8.492643e-03
1621 7.458757e-04 5.262311e-02
1622 8.158922e-06 3.127952e-03
1623 1.503638e-04 3.609469e-02
1624 1.658434e-05 4.958264e-03
1625 2.525936e-06 1.637213e-03
1626 3.748355e-05 7.873047e-03
1627 2.515834e-05 4.124967e-03
1628 2.655824e-06 1.951612e-03
1629 4.079740e-04 2.248555e-02
1630 3.631798e-06 1.653391e-03
1631 3.448978e-05 6.165314e-03
1632 3.820833e-05 9.223366e-03
1633 1.100915e-04 1.895036e-02
1634 4.624404e-03 1.639540e-01
1635 1.545084e-04 2.784245e-02
1636 6.796003e-03 3.784839e-01
1637 1.199936e-03 5.434476e-02
1638 1.563025e-04 1.143369e-02
1639 2.304861e-03 1.571497e-01
1640 1.404235e-03 3.761649e-02
1641 1.858647e-03 1.333516e-01
1642 3.179394e-04 3.258136e-02
1643 1.312666e-04 1.683822e-02
1644 3.947554e-04 5.152910e-02
1645 1.981509e-06 1.540556e-03
1646 3.014256e-05 3.171833e-03
1647 2.414434e-03 1.013244e-01
1648 3.339045e-05 4.939269e-03
1649 1.783616e-04 7.643527e-03
1650 2.326470e-03 5.932314e-02
1651 9.484906e-06 1.184550e-03
1652 3.514289e-03 1.167872e-01
1653 1.486142e-03 7.761539e-02
1654 3.567467e-06 2.613226e-03
1655 2.216305e-05 4.537102e-03
1656 1.903673e-06 3.591827e-03
1657 1.352598e-06 1.227222e-03
1658 9.118951e-06 2.634768e-03
1659 6.784075e-06 4.536985e-03
1660 4.171893e-07 1.997851e-03
1661 2.963946e-04 2.537661e-02
1662 1.088921e-05 7.899372e-03
1663 3.889750e-05 1.405292e-02
1664 2.750247e-06 6.761358e-03
1665 9.147520e-05 6.893363e-03
1666 7.786264e-05 1.603581e-02
1667 1.822343e-04 2.950485e-02
1668 7.594472e-06 1.837103e-03
1669 3.478628e-06 4.368519e-03
1670 4.133408e-05 7.895543e-03
1671 5.462004e-06 4.008640e-03
1672 2.830233e-05 2.772929e-02
1673 3.494187e-05 1.193261e-02
1674 5.261207e-06 2.410212e-03
1675 4.484284e-05 3.726499e-03
1676 1.490128e-06 1.325141e-03
1677 7.616971e-05 9.291861e-03
1678 1.450563e-03 8.424411e-02
1679 4.227232e-05 9.609580e-03
1680 4.625053e-05 9.152921e-03
1681 1.398308e-04 1.265916e-02
1682 2.227354e-05 5.245193e-03
1683 6.715326e-05 1.127132e-02
1684 3.259047e-05 4.987154e-03
1685 1.994511e-06 2.174408e-03
1686 2.121963e-05 1.144033e-02
1687 1.839331e-05 4.608730e-03
1688 6.021674e-07 1.142335e-03
1689 2.347155e-04 2.921510e-02
1690 2.832735e-05 8.933415e-03
1691 5.200762e-04 3.025559e-02
1692 1.285672e-03 1.403476e-01
1693 9.252572e-04 4.618802e-02
1694 1.763127e-04 4.410762e-02
1695 3.511266e-05 6.362743e-03
1696 5.787933e-06 2.645986e-03
1697 6.955612e-06 5.937611e-03
1698 8.224439e-04 2.802849e-02
1699 1.247578e-04 1.228542e-02
1700 3.679944e-05 5.633203e-03
1701 2.119437e-05 6.869505e-03
1702 5.961954e-06 5.780738e-03
1703 3.587889e-05 1.112593e-02
1704 2.081424e-05 5.981057e-03
1705 1.024171e-03 7.071696e-02
1706 1.842801e-04 1.464384e-02
1707 1.051798e-05 2.630728e-03
1708 3.679301e-07 2.055709e-03
1709 2.295466e-06 5.349878e-03
1710 1.530379e-06 1.388091e-03
1711 5.663542e-06 1.036687e-02
1712 1.206141e-05 4.029652e-03
1713 2.109340e-06 4.268402e-03
1714 3.389033e-06 5.645973e-03
1715 2.228370e-06 4.105759e-03
1716 2.897460e-06 5.990385e-03
1717 3.720253e-07 2.186447e-03
1718 2.196453e-05 1.644315e-02
1719 4.489106e-07 1.975799e-03
1720 1.364381e-05 4.085638e-03
1721 1.105718e-06 1.509240e-03
1722 3.173420e-05 9.528351e-03
1723 7.877985e-08 1.298791e-03
1724 2.192011e-07 1.406929e-03
1725 1.773685e-06 1.828533e-03
1726 4.084257e-05 3.361629e-02
1727 1.011335e-05 9.949768e-03
1728 2.277037e-06 2.482584e-03
1729 1.499997e-05 6.867851e-03
1730 4.606464e-06 4.202188e-03
1731 2.054788e-06 3.096353e-03
1732 6.915518e-05 1.662335e-02
1733 8.679876e-04 1.176403e-01
1734 5.277560e-04 8.906215e-02
1735 5.754132e-04 4.393260e-02
1736 1.436976e-05 7.290150e-03
1737 1.024438e-05 6.527678e-03
1738 5.861125e-04 8.529732e-02
1739 2.326864e-04 1.413105e-02
1740 8.525568e-05 1.086873e-02
1741 2.960601e-07 1.323593e-03
1742 3.056250e-06 1.508199e-03
1743 8.135557e-06 3.856360e-03
1744 7.920755e-07 2.034260e-03
1745 5.491680e-07 2.176488e-03
1746 2.542497e-05 6.280986e-03
1747 2.680860e-05 1.944534e-02
1748 2.269495e-05 5.585855e-03
1749 1.391885e-05 5.148123e-03
1750 3.184206e-05 6.582496e-03
1751 1.150324e-05 3.598715e-03
1752 6.435659e-05 6.432418e-03
1753 8.224930e-04 4.469790e-02
1754 9.989094e-04 7.145070e-02
1755 2.187688e-04 5.856986e-02
1756 6.510755e-05 1.634652e-02
1757 3.580434e-04 4.383796e-02
1758 2.853239e-03 1.678329e-01
1759 1.006035e-03 9.063610e-02
1760 8.917732e-04 6.558872e-02
1761 2.826139e-03 1.698705e-01
1762 3.463634e-03 1.414417e-01
1763 1.005487e-03 9.417843e-02
1764 4.124061e-05 1.867299e-02
1765 1.083291e-04 2.562475e-02
1766 4.249220e-04 1.051055e-01
1767 1.386291e-04 1.817356e-02
1768 2.387874e-04 2.493207e-02
1769 6.158720e-04 7.066267e-02
1770 1.450706e-04 4.607567e-02
1771 7.606865e-04 4.564197e-02
1772 1.318826e-06 4.321064e-03
1773 6.149334e-03 2.699515e-01
1774 3.295687e-03 9.411743e-02
1775 6.523913e-03 3.718457e-01
1776 3.265884e-04 2.534852e-02
1777 3.675936e-04 2.858480e-02
1778 4.662469e-03 1.182248e-01
1779 5.832868e-04 3.734842e-02
1780 3.439755e-04 2.177304e-02
1781 3.135118e-04 1.684613e-02
1782 9.732337e-05 1.997601e-02
1783 2.092735e-03 9.980900e-02
1784 3.040822e-04 3.731450e-02
1785 8.950014e-04 5.665161e-02
1786 2.002086e-05 4.894982e-03
1787 8.598946e-05 7.841308e-03
1788 2.325909e-03 1.082287e-01
1789 5.961971e-04 7.705629e-02
1790 6.294775e-05 1.222133e-02
1791 7.472179e-04 1.109759e-01
1792 4.366625e-04 3.906292e-02
1793 1.972340e-04 3.138073e-02
1794 2.395163e-04 1.266169e-02
1795 1.223442e-04 1.890625e-02
1796 3.367194e-04 6.660455e-02
1797 5.239775e-04 7.118640e-02
1798 1.097701e-04 3.858758e-02
1799 2.015255e-05 1.384120e-02
1800 5.000438e-04 7.418512e-02
1801 1.218694e-04 1.583212e-02
1802 2.539296e-04 4.298225e-02
1803 2.494090e-04 3.858661e-02
1804 1.482750e-03 5.300976e-02
1805 3.807175e-04 3.086155e-02
1806 4.447188e-04 4.446312e-02
1807 1.288393e-04 1.696537e-02
1808 1.094341e-03 9.330263e-02
1809 5.726702e-05 1.897509e-02
1810 7.104769e-06 8.875740e-03
1811 1.283801e-05 9.885831e-03
1812 1.281355e-04 1.300225e-02
1813 3.174397e-05 5.846794e-03
1814 8.261178e-05 1.879704e-02
1815 4.189063e-04 4.011932e-02
1816 1.706408e-04 1.302516e-02
1817 4.853325e-04 3.770597e-02
1818 1.103052e-04 3.826611e-02
1819 9.507941e-04 7.967814e-02
1820 2.978750e-04 3.049142e-02
1821 1.039304e-04 1.317004e-02
1822 7.802852e-05 1.530392e-02
1823 4.108266e-04 3.789304e-02
1824 1.452071e-04 1.866447e-02
1825 2.094921e-03 1.026088e-01
1826 1.682295e-04 2.584586e-02
1827 8.600438e-05 9.309631e-03
1828 1.187384e-04 1.250188e-02
1829 8.291525e-05 1.262528e-02
1830 2.451738e-03 1.741293e-01
1831 3.810610e-05 7.004285e-03
1832 1.698959e-04 2.605840e-02
1833 1.232973e-05 1.048465e-02
1834 7.514690e-05 1.052091e-02
1835 1.123740e-05 8.323946e-03
1836 2.041461e-06 5.089815e-03
1837 3.088642e-04 2.239066e-02
1838 1.276510e-04 1.901955e-02
1839 3.756736e-04 3.684303e-02
1840 2.793745e-04 3.689480e-02
1841 1.092150e-04 2.567173e-02
1842 7.769030e-05 1.691182e-02
1843 7.025231e-05 1.153468e-02
1844 9.287203e-05 1.639063e-02
1845 1.324678e-05 1.148664e-02
1846 1.070825e-05 6.723531e-03
1847 1.225219e-05 8.285713e-03
1848 1.335339e-05 1.121442e-02
1849 4.113795e-05 1.188778e-02
1850 6.536629e-05 7.959339e-03
1851 2.166474e-05 4.435957e-03
1852 3.964812e-06 4.112880e-03
1853 2.286667e-05 3.425077e-03
1854 3.194170e-04 1.783387e-02
1855 1.692418e-04 1.419459e-02
1856 6.680159e-04 3.353100e-02
1857 5.253230e-04 2.409245e-02
1858 3.096463e-04 2.110936e-02
1859 1.499750e-05 4.164410e-03
1860 3.339003e-04 2.390649e-02
1861 1.572632e-05 7.347784e-03
1862 1.241837e-05 7.022143e-03
1863 6.733069e-05 2.066943e-02
1864 6.185545e-04 4.111686e-02
1865 1.642512e-04 3.624451e-02
1866 1.544631e-04 2.679260e-02
1867 1.756180e-05 8.522000e-03
1868 1.150972e-05 9.496335e-03
1869 1.641469e-05 6.089731e-03
1870 8.382180e-05 1.293930e-02
1871 7.821643e-04 5.051546e-02
1872 1.146764e-03 7.299559e-02
1873 5.239847e-05 1.164860e-02
1874 4.748054e-04 4.534762e-02
1875 1.581771e-04 2.632234e-02
1876 9.376961e-06 5.417167e-03
1877 5.657659e-05 1.236916e-02
1878 6.176020e-06 6.275571e-03
1879 7.195481e-05 1.990633e-02
1880 3.222837e-05 1.086837e-02
1881 1.547166e-03 9.328803e-02
1882 2.742465e-04 4.169019e-02
1883 2.433536e-04 3.413664e-02
1884 5.269205e-04 2.447737e-02
1885 2.259463e-04 1.238697e-02
1886 2.339838e-04 2.550252e-02
1887 1.105298e-05 7.567241e-03
1888 3.699303e-05 1.495555e-02
1889 1.147575e-05 7.713169e-03
1890 2.140894e-06 5.413249e-03
1891 1.303869e-05 4.978208e-03
1892 9.396668e-06 5.568434e-03
1893 1.292261e-05 2.156160e-02
1894 2.746175e-04 3.037776e-02
1895 8.080271e-05 1.426122e-02
1896 8.659153e-06 4.795301e-03
1897 2.614796e-06 3.564387e-03
1898 2.133825e-05 3.248073e-03
1899 1.354275e-04 1.282399e-02
1900 8.203973e-05 1.521388e-02
1901 6.733390e-07 1.726113e-03
1902 2.625619e-04 2.992091e-02
1903 6.910349e-04 1.106466e-01
1904 7.465718e-05 1.249326e-02
1905 1.206930e-04 1.416914e-02
1906 1.378648e-03 1.686963e-01
1907 1.632386e-05 6.839666e-03
1908 2.534927e-05 6.868509e-03
1909 4.967067e-06 5.210697e-03
1910 1.335503e-04 1.519203e-02
1911 3.298016e-05 1.120035e-02
1912 2.925398e-04 2.794275e-02
1913 3.243780e-04 5.340080e-02
1914 4.353911e-04 2.928893e-02
1915 1.797186e-03 1.189550e-01
1916 9.704455e-04 4.828615e-02
1917 6.732213e-04 4.626377e-02
1918 2.781441e-04 2.888577e-02
1919 1.072595e-03 9.400074e-02
1920 3.666137e-04 3.997679e-02
1921 2.417468e-04 2.268514e-02
1922 2.027380e-03 7.980205e-02
1923 3.059491e-04 3.621572e-02
1924 1.360489e-03 9.565400e-02
1925 8.819505e-04 3.993256e-02
1926 1.793407e-04 1.707293e-02
1927 5.324571e-04 2.808833e-02
1928 3.281672e-03 1.116015e-01
1929 3.882094e-04 2.998457e-02
1930 1.703831e-05 4.791523e-03
1931 1.752449e-04 3.171325e-02
1932 5.328505e-05 2.498155e-02
1933 6.323727e-05 9.718200e-03
1934 9.539353e-06 6.974905e-03
1935 2.739364e-04 3.223053e-02
1936 3.347627e-05 1.246074e-02
1937 2.037260e-04 1.288143e-02
1938 2.140670e-04 1.950186e-02
1939 2.740305e-04 2.553300e-02
1940 7.870498e-04 7.085192e-02
1941 5.432515e-05 6.423076e-03
1942 7.109053e-04 5.274048e-02
1943 1.047699e-03 5.556862e-02
1944 2.583334e-04 2.378709e-02
1945 4.002451e-05 8.827059e-03
1946 4.177767e-04 7.607587e-02
1947 2.212542e-05 1.568526e-02
1948 7.309877e-05 1.643163e-02
1949 7.643528e-04 6.728440e-02
1950 1.224671e-04 1.136242e-02
1951 4.101911e-04 3.659054e-02
1952 5.263537e-04 4.139958e-02
1953 6.022781e-05 1.721680e-02
1954 6.816450e-05 8.614202e-03
1955 2.319097e-03 1.712063e-01
1956 1.025828e-03 1.412418e-01
1957 1.657416e-03 1.909499e-01
1958 1.202118e-03 9.293018e-02
1959 6.114424e-06 7.105144e-03
1960 2.347152e-05 7.570224e-03
1961 9.573141e-07 2.919280e-03
1962 1.255631e-05 5.768284e-03
1963 1.895942e-06 2.026720e-03
1964 4.055869e-06 3.377018e-03
1965 1.921561e-04 1.341866e-02
1966 3.059934e-05 9.722532e-03
1967 5.781569e-04 3.763912e-02
1968 4.142090e-05 8.452106e-03
1969 3.869239e-05 1.558277e-02
1970 3.489045e-06 9.032312e-03
1971 6.209097e-05 1.961867e-02
1972 8.850813e-06 6.928398e-03
1973 6.871931e-04 4.921328e-02
1974 3.485005e-04 2.475187e-02
1975 4.755839e-05 1.577030e-02
1976 1.434767e-04 1.779417e-02
1977 4.094249e-04 4.249603e-02
1978 1.980818e-04 1.960957e-02
1979 1.456549e-04 1.902243e-02
1980 4.942884e-05 9.560532e-03
1981 3.067468e-05 1.043414e-02
1982 2.126925e-04 5.130878e-02
1983 2.399431e-03 1.464288e-01
1984 2.167927e-04 6.583227e-02
1985 4.555544e-04 9.143705e-02
1986 2.215926e-04 4.075701e-02
1987 1.256362e-03 1.825105e-01
1988 7.473112e-05 2.667482e-02
1989 1.120247e-04 4.029195e-02
1990 1.296333e-03 8.061706e-02
1991 4.649579e-05 1.159481e-02
1992 1.272933e-04 1.860704e-02
1993 2.857060e-04 2.585145e-02
1994 2.339885e-04 1.690066e-02
1995 6.480553e-05 1.604149e-02
1996 1.938505e-05 9.578957e-03
1997 3.499583e-04 3.556416e-02
1998 7.372941e-04 5.972180e-02
1999 1.104380e-03 7.304410e-02
2000 4.305986e-04 2.226521e-02
