2 1.072299e-03 1.236874e-02
3 4.347971e-04 4.851871e-03
4 1.345048e-03 5.356363e-03
5 5.195322e-04 6.290356e-03
6 2.931914e-03 1.251197e-02
7 6.089290e-05 3.822073e-03
8 2.313876e-04 4.879980e-03
9 1.693537e-04 2.214136e-03
10 6.811806e-05 1.393843e-03
11 3.832879e-04 5.292493e-03
12 4.330423e-05 1.830885e-03
13 6.930404e-04 4.491453e-03
14 3.756097e-04 3.816107e-03
15 2.724637e-04 7.699813e-03
16 4.906598e-04 6.079021e-03
17 3.267875e-05 1.217848e-03
18 2.657365e-03 2.518275e-02
19 2.050436e-04 3.616810e-03
20 4.274831e-04 6.421283e-03
21 1.799521e-04 2.684279e-03
22 8.017871e-05 1.867759e-03
23 1.810759e-04 2.320496e-03
24 2.495443e-04 4.904850e-03
25 1.280401e-04 1.376701e-03
26 1.075654e-03 1.175612e-02
27 5.784870e-05 1.008362e-03
28 1.989594e-04 4.591153e-03
29 6.734322e-04 3.852761e-03
30 7.597696e-05 1.519725e-03
31 1.176113e-04 3.952447e-03
32 9.084670e-04 6.496828e-03
33 4.545564e-05 1.635254e-03
34 6.200083e-05 1.166325e-03
35 3.960305e-04 4.055816e-03
36 5.784870e-05 1.008362e-03
37 5.938944e-04 8.832509e-03
38 4.223504e-04 4.769701e-03
39 1.171445e-03 1.198814e-02
40 1.136685e-03 1.461171e-02
41 1.315663e-04 1.501792e-03
42 1.050818e-03 8.823007e-03
43 8.697528e-05 2.016407e-03
44 6.311722e-05 1.287815e-03
45 6.311722e-05 1.287815e-03
46 1.617642e-05 9.471231e-04
47 2.657833e-04 2.259590e-03
48 1.435486e-04 2.137355e-03
49 1.376085e-04 2.041516e-03
50 2.841801e-04 2.426512e-03
51 7.432185e-05 1.978229e-03
52 1.376085e-04 2.041516e-03
53 1.376085e-04 2.041516e-03
54 7.432185e-05 1.978229e-03
55 7.432185e-05 1.978229e-03
56 2.657833e-04 2.259590e-03
57 1.376085e-04 2.041516e-03
58 3.679032e-05 1.362515e-03
59 1.689646e-04 2.742915e-03
60 4.330423e-05 1.830885e-03
61 8.748092e-05 2.555615e-03
62 3.124387e-05 9.817575e-04
63 8.748092e-05 2.555615e-03
64 2.964472e-04 2.624434e-03
65 3.679032e-05 1.362515e-03
66 1.249518e-04 1.414955e-03
67 6.311722e-05 1.287815e-03
68 1.435486e-04 2.137355e-03
69 1.168629e-04 1.341560e-03
70 2.739110e-04 1.904225e-03
71 1.435486e-04 2.137355e-03
72 7.432185e-05 1.978229e-03
73 1.200679e-04 1.577045e-03
74 2.657833e-04 2.259590e-03
75 1.194654e-04 1.142714e-03
76 1.619728e-04 2.630107e-03
77 9.848758e-05 2.942887e-03
78 2.657833e-04 2.259590e-03
79 6.185282e-05 1.044694e-03
80 2.791536e-04 2.145092e-03
81 7.432185e-05 1.978229e-03
82 6.050540e-05 1.245675e-03
83 6.811806e-05 1.393843e-03
84 1.619728e-04 2.630107e-03
85 2.657833e-04 2.259590e-03
86 8.942907e-05 2.015930e-03
87 7.281896e-05 1.808715e-03
88 7.432185e-05 1.978229e-03
89 1.435486e-04 2.137355e-03
90 6.163430e-04 3.418760e-03
91 5.784870e-05 1.008362e-03
92 2.657833e-04 2.259590e-03
93 1.376085e-04 2.041516e-03
94 1.435486e-04 2.137355e-03
95 1.474854e-04 2.669571e-03
96 7.105849e-05 1.441284e-03
97 1.989594e-04 4.591153e-03
98 1.315663e-04 1.501792e-03
99 3.900999e-04 4.706933e-03
100 3.481724e-04 4.526821e-03
101 2.650977e-04 2.362136e-03
102 6.311722e-05 1.287815e-03
103 2.784335e-04 2.247933e-03
104 1.196437e-03 6.641222e-03
105 3.037916e-04 3.399659e-03
106 1.376085e-04 2.041516e-03
107 3.683775e-04 4.760572e-03
108 1.752546e-04 2.821986e-03
109 6.803466e-05 1.441460e-03
110 3.679032e-05 1.362515e-03
111 7.725738e-05 1.544276e-03
112 9.316966e-05 2.484799e-03
113 2.118974e-04 4.024197e-03
114 7.659463e-05 1.614261e-03
115 9.397583e-05 2.399670e-03
116 2.443228e-04 5.483206e-03
117 3.679032e-05 1.362515e-03
118 6.811806e-05 1.393843e-03
119 1.848873e-04 3.202531e-03
120 9.397583e-05 2.399670e-03
121 1.435486e-04 2.137355e-03
122 6.311722e-05 1.287815e-03
123 2.814230e-04 2.333734e-03
124 6.289521e-05 1.055968e-03
125 3.070534e-04 3.678772e-03
126 2.479563e-04 1.912967e-03
127 5.274245e-04 3.227907e-03
128 1.345321e-03 9.155297e-03
129 6.163430e-04 3.418760e-03
130 5.882744e-04 3.951908e-03
131 5.391700e-04 2.587479e-03
132 1.303456e-04 1.501979e-03
133 1.334472e-03 8.283582e-03
134 6.050540e-05 1.245675e-03
135 1.245103e-03 5.844899e-03
136 6.994461e-05 1.513217e-03
137 1.435486e-04 2.137355e-03
138 7.432185e-05 1.978229e-03
139 1.435486e-04 2.137355e-03
140 2.487177e-04 1.465020e-03
141 6.811806e-05 1.393843e-03
142 1.315663e-04 1.501792e-03
143 1.245103e-03 5.844899e-03
144 4.157058e-04 3.532762e-03
145 1.727274e-04 2.207401e-03
146 4.330423e-05 1.830885e-03
147 7.871373e-05 1.624526e-03
148 7.597696e-05 1.519725e-03
149 3.511850e-04 4.202359e-03
150 4.098181e-04 5.715600e-03
151 2.028655e-04 3.643362e-03
152 3.692478e-04 3.079568e-03
153 1.351745e-04 1.766905e-03
154 1.467454e-04 1.682394e-03
155 3.340649e-05 1.016247e-03
156 1.226688e-04 1.200078e-03
157 8.039994e-05 1.410725e-03
158 1.861845e-04 2.512453e-03
159 1.042210e-04 2.626595e-03
160 1.042210e-04 2.626595e-03
161 3.367807e-05 1.057814e-03
162 6.683129e-05 1.317252e-03
163 3.340649e-05 1.016247e-03
164 3.679032e-05 1.362515e-03
165 1.617642e-05 9.471231e-04
166 1.617642e-05 9.471231e-04
167 9.015610e-05 2.127203e-03
168 4.330423e-05 1.830885e-03
169 3.679032e-05 1.362515e-03
170 2.995099e-05 9.608977e-04
171 7.659463e-05 1.614261e-03
172 2.146752e-04 3.352323e-03
173 3.481724e-04 4.526821e-03
174 2.345137e-04 4.736829e-03
175 1.617642e-05 9.471231e-04
176 4.330423e-05 1.830885e-03
177 8.484629e-05 1.730835e-03
178 2.050436e-04 3.616810e-03
179 2.051500e-04 3.174198e-03
180 1.617642e-05 9.471231e-04
181 2.227115e-03 1.400523e-02
182 1.737512e-04 2.980744e-03
183 1.343316e-04 1.350634e-03
184 1.042210e-04 2.626595e-03
185 3.367807e-05 1.057814e-03
186 3.328846e-04 3.135302e-03
187 1.746000e-03 7.887215e-03
188 1.727274e-04 2.207401e-03
189 1.406730e-04 1.584421e-03
190 8.942907e-05 2.015930e-03
191 1.737512e-04 2.980744e-03
192 8.942907e-05 2.015930e-03
193 4.545564e-05 1.635254e-03
194 8.942907e-05 2.015930e-03
195 3.679032e-05 1.362515e-03
196 7.432185e-05 1.978229e-03
197 1.581782e-04 1.941560e-03
198 7.578098e-05 1.624179e-03
199 1.823518e-04 3.026751e-03
200 3.217040e-04 3.128696e-03
201 2.928704e-04 2.076252e-03
202 9.015610e-05 2.127203e-03
203 7.332590e-04 4.393045e-03
204 4.545564e-05 1.635254e-03
205 1.031139e-04 2.779820e-03
206 1.911769e-04 2.670250e-03
207 7.669339e-04 6.305293e-03
208 4.108779e-04 5.441334e-03
209 8.942907e-05 2.015930e-03
210 7.819907e-04 5.129341e-03
211 3.121581e-04 3.949952e-03
212 8.017871e-05 1.867759e-03
213 3.340649e-05 1.016247e-03
214 1.929674e-04 2.715341e-03
215 1.806599e-04 2.929433e-03
216 1.507699e-04 2.016708e-03
217 3.462352e-05 1.132327e-03
218 1.351745e-04 1.766905e-03
219 1.617642e-05 9.471231e-04
220 1.514279e-03 6.096019e-03
221 9.268707e-05 2.326676e-03
222 2.665696e-04 1.898329e-03
223 4.330423e-05 1.830885e-03
224 3.143899e-05 8.885038e-04
225 7.659463e-05 1.614261e-03
226 1.435486e-04 2.137355e-03
227 1.418166e-04 1.679483e-03
228 3.462352e-05 1.132327e-03
229 4.136562e-04 5.936362e-03
230 1.739752e-03 1.337357e-02
231 3.396948e-05 1.027042e-03
232 7.248682e-04 6.459924e-03
233 3.886922e-04 4.350422e-03
234 3.679032e-05 1.362515e-03
235 2.921149e-04 2.179271e-03
236 3.007235e-04 2.213925e-03
237 6.724759e-04 5.272271e-03
238 8.748092e-05 2.555615e-03
239 3.367807e-05 1.057814e-03
240 1.697502e-03 1.265594e-02
241 1.050273e-03 1.004723e-02
242 3.489347e-04 3.316233e-03
243 8.232866e-05 2.008270e-03
244 1.617642e-05 9.471231e-04
245 1.617642e-05 9.471231e-04
246 1.823518e-04 3.026751e-03
247 2.789877e-04 1.937814e-03
248 3.962360e-04 3.613433e-03
249 3.985037e-04 3.255219e-03
250 3.866790e-04 3.870174e-03
251 1.617642e-05 9.471231e-04
252 2.033901e-04 3.363738e-03
253 4.330423e-05 1.830885e-03
254 3.588195e-04 3.723206e-03
255 3.055126e-04 2.280226e-03
256 7.105849e-05 1.441284e-03
257 1.042210e-04 2.626595e-03
258 7.887571e-04 4.953149e-03
259 1.617642e-05 9.471231e-04
260 2.864904e-04 2.618551e-03
261 3.367807e-05 1.057814e-03
262 1.698008e-05 8.740449e-04
263 2.995099e-05 9.608977e-04
264 7.607492e-04 5.791205e-03
265 9.039860e-04 6.454630e-03
266 8.345703e-05 2.409670e-03
267 1.821286e-04 3.154222e-03
268 1.727274e-04 2.207401e-03
269 2.912038e-04 2.339512e-03
270 1.444450e-04 1.708906e-03
271 4.223504e-04 4.769701e-03
272 8.039994e-05 1.410725e-03
273 5.656631e-04 2.540376e-03
274 3.679032e-05 1.362515e-03
275 1.381326e-04 6.658432e-03
276 3.588195e-04 3.723206e-03
277 6.954976e-05 1.201725e-03
278 3.619243e-04 3.570873e-03
279 7.597696e-05 1.519725e-03
280 7.696881e-04 3.886745e-03
281 3.614188e-04 4.557248e-03
282 1.870004e-05 1.116404e-03
283 2.730724e-04 2.795158e-03
284 1.635180e-04 2.216852e-03
285 6.811806e-05 1.393843e-03
286 6.870746e-05 1.321950e-03
287 1.042210e-04 2.626595e-03
288 3.679032e-05 1.362515e-03
289 9.244799e-05 2.608976e-03
290 3.340649e-05 1.016247e-03
291 6.954976e-05 1.201725e-03
292 2.050436e-04 3.616810e-03
293 1.033806e-04 2.497962e-03
294 6.954976e-05 1.201725e-03
295 2.860001e-04 6.468938e-03
296 7.840131e-04 4.853560e-03
297 1.714020e-04 2.353499e-03
298 4.545564e-05 1.635254e-03
299 1.033806e-04 2.497962e-03
300 1.031139e-04 2.779820e-03
301 3.522026e-04 3.315732e-03
302 3.367807e-05 1.057814e-03
303 6.324710e-04 5.086355e-03
304 1.327047e-04 1.430834e-03
305 3.669542e-05 1.467375e-03
306 3.861810e-05 1.196312e-03
307 8.178564e-04 5.399597e-03
308 2.921149e-04 2.179271e-03
309 6.658167e-04 3.217292e-03
310 3.447246e-04 2.670993e-03
311 8.039994e-05 1.410725e-03
312 2.995099e-05 9.608977e-04
313 3.512941e-04 3.595480e-03
314 1.617642e-05 9.471231e-04
315 1.042210e-04 2.626595e-03
316 6.213537e-04 3.638514e-03
317 4.234427e-04 4.492989e-03
318 1.635180e-04 2.216852e-03
319 5.793328e-04 2.791929e-03
320 8.748092e-05 2.555615e-03
321 7.129652e-03 3.105866e-02
322 2.146752e-04 3.352323e-03
323 1.741316e-04 2.320231e-03
324 6.811806e-05 1.393843e-03
325 7.432185e-05 1.978229e-03
326 6.701105e-04 3.879059e-03
327 2.234142e-04 5.746120e-03
328 3.596052e-04 2.911081e-03
329 1.929674e-04 2.715341e-03
330 9.848758e-05 2.942887e-03
331 1.723500e-04 2.766294e-03
332 3.796426e-04 3.791409e-03
333 7.332590e-04 4.393045e-03
334 4.223504e-04 4.769701e-03
335 1.870004e-05 1.116404e-03
336 3.367807e-05 1.057814e-03
337 1.405007e-04 1.732181e-03
338 1.042210e-04 2.626595e-03
339 3.960305e-04 4.055816e-03
340 1.031139e-04 2.779820e-03
341 7.167334e-05 1.369803e-03
342 7.208353e-05 1.277514e-03
343 4.234427e-04 4.492989e-03
344 1.426747e-04 1.714284e-03
345 3.232986e-04 3.269778e-03
346 3.796426e-04 3.791409e-03
347 1.303456e-04 1.501979e-03
348 3.539682e-04 2.833042e-03
349 7.844560e-05 1.843433e-03
350 3.679032e-05 1.362515e-03
351 9.362481e-04 5.771591e-03
352 4.223504e-04 4.769701e-03
353 1.617642e-05 9.471231e-04
354 7.273459e-04 4.133713e-03
355 3.376866e-04 2.674336e-03
356 7.607492e-04 5.791205e-03
357 7.669339e-04 6.305293e-03
358 3.462352e-05 1.132327e-03
359 1.711813e-05 8.951727e-04
360 2.904526e-04 2.441852e-03
361 4.377371e-04 5.229944e-03
362 4.697504e-05 1.976407e-03
363 6.715778e-04 3.144348e-03
364 2.928704e-04 2.076252e-03
365 2.860001e-04 6.468938e-03
366 4.993083e-05 2.566458e-03
367 1.031139e-04 2.779820e-03
368 9.848758e-05 2.942887e-03
369 1.821286e-04 3.154222e-03
370 2.875192e-04 1.715096e-03
371 7.248682e-04 6.459924e-03
372 7.907969e-04 4.676911e-03
373 9.605589e-04 9.262451e-03
374 1.552881e-04 1.582864e-03
375 1.617642e-05 9.471231e-04
376 4.545564e-05 1.635254e-03
377 2.928704e-04 2.076252e-03
378 1.033806e-04 2.497962e-03
379 1.617642e-05 9.471231e-04
380 1.619728e-04 2.630107e-03
381 3.217040e-04 3.128696e-03
382 8.363976e-05 1.923601e-03
383 4.142182e-04 5.952577e-03
384 9.848758e-05 2.942887e-03
385 8.532099e-04 7.990969e-03
386 7.105849e-05 1.441284e-03
387 6.994461e-05 1.513217e-03
388 4.330423e-05 1.830885e-03
389 8.942907e-05 2.015930e-03
390 8.748092e-05 2.555615e-03
391 4.330423e-05 1.830885e-03
392 3.198084e-04 2.354482e-03
393 4.545564e-05 1.635254e-03
394 3.549887e-03 1.361649e-02
395 1.617642e-05 9.471231e-04
396 1.727274e-04 2.207401e-03
397 9.848758e-05 2.942887e-03
398 6.954976e-05 1.201725e-03
399 8.942907e-05 2.015930e-03
400 1.469346e-03 6.996797e-03
401 9.848758e-05 2.942887e-03
402 5.389661e-04 9.949430e-03
403 4.142182e-04 5.952577e-03
404 2.852623e-04 7.248691e-03
405 4.330423e-05 1.830885e-03
406 1.800216e-03 1.340929e-02
407 4.142182e-04 5.952577e-03
408 6.643620e-04 4.028749e-03
409 2.618061e-04 4.780470e-03
410 1.727274e-04 2.207401e-03
411 9.015610e-05 2.127203e-03
412 1.530887e-04 2.398270e-03
413 2.875192e-04 1.715096e-03
414 4.545564e-05 1.635254e-03
415 3.367807e-05 1.057814e-03
416 1.039116e-03 1.011556e-02
417 1.617642e-05 9.471231e-04
418 1.315663e-04 1.501792e-03
419 1.861845e-04 2.512453e-03
420 1.577702e-04 2.044926e-03
421 6.235567e-05 1.086491e-03
422 4.068917e-04 5.196361e-03
423 3.679032e-05 1.362515e-03
424 1.737512e-04 2.980744e-03
425 3.384260e-04 2.245892e-03
426 3.367807e-05 1.057814e-03
427 1.583822e-03 8.450994e-03
428 3.384260e-04 2.245892e-03
429 8.654695e-04 7.544627e-03
430 1.617642e-05 9.471231e-04
431 1.581782e-04 1.941560e-03
432 4.778465e-04 5.665107e-03
433 1.617642e-05 9.471231e-04
434 4.330423e-05 1.830885e-03
435 9.463516e-05 1.887631e-03
436 8.039994e-05 1.410725e-03
437 4.413830e-04 4.743887e-03
438 6.954976e-05 1.201725e-03
439 8.345703e-05 2.409670e-03
440 1.452437e-04 1.910231e-03
441 3.517714e-04 3.544167e-03
442 1.581782e-04 1.941560e-03
443 8.345703e-05 2.409670e-03
444 1.806599e-04 2.929433e-03
445 1.708980e-03 1.164398e-02
446 1.861845e-04 2.512453e-03
447 1.617642e-05 9.471231e-04
448 3.124387e-05 9.817575e-04
449 6.811806e-05 1.393843e-03
450 1.418166e-04 1.679483e-03
451 8.222265e-06 8.389100e-04
452 1.929674e-04 2.715341e-03
453 8.039994e-05 1.410725e-03
454 1.174062e-03 5.530809e-03
455 2.710013e-04 1.911064e-03
456 5.005996e-05 2.284049e-03
457 6.452281e-05 1.087772e-03
458 6.452281e-05 1.087772e-03
459 1.727274e-04 2.207401e-03
460 7.597696e-05 1.519725e-03
461 7.607492e-04 5.791205e-03
462 1.821286e-04 3.154222e-03
463 3.592822e-03 1.824099e-02
464 7.639705e-05 1.718471e-03
465 3.367807e-05 1.057814e-03
466 6.402770e-05 1.142347e-03
467 4.157058e-04 3.532762e-03
468 1.806599e-04 2.929433e-03
469 3.697005e-04 2.889330e-03
470 2.028655e-04 3.643362e-03
471 8.017871e-05 1.867759e-03
472 3.679032e-05 1.362515e-03
473 1.431783e-04 2.240217e-03
474 6.185282e-05 1.044694e-03
475 1.033806e-04 2.497962e-03
476 3.679032e-05 1.362515e-03
477 9.643867e-05 2.673362e-03
478 1.581782e-04 1.941560e-03
479 3.535124e-05 9.683208e-04
480 9.015610e-05 2.127203e-03
481 4.242013e-05 1.851380e-03
482 4.033706e-04 4.139482e-03
483 1.698008e-05 8.740449e-04
484 3.367807e-05 1.057814e-03
485 3.866790e-04 3.870174e-03
486 3.669542e-05 1.467375e-03
487 1.519956e-04 2.204306e-03
488 7.458876e-05 1.278995e-03
489 7.597696e-05 1.519725e-03
490 4.430832e-04 6.957102e-03
491 3.522026e-04 3.315732e-03
492 2.995099e-05 9.608977e-04
493 1.617642e-05 9.471231e-04
494 3.618618e-04 4.025439e-03
495 4.613805e-04 6.700799e-03
496 1.652190e-03 9.554068e-03
497 1.579736e-03 8.717496e-03
498 3.376866e-04 2.674336e-03
499 4.582518e-05 1.691813e-03
500 3.283839e-04 2.508043e-03
501 1.514279e-03 6.096019e-03
502 1.257520e-04 4.082276e-03
503 1.467454e-04 1.682394e-03
504 7.795517e-04 5.558306e-03
505 6.748602e-05 1.357489e-03
506 2.224247e-04 3.461121e-03
507 1.911769e-04 2.670250e-03
508 7.141470e-05 1.260671e-03
509 7.696881e-04 3.886745e-03
510 3.727060e-04 3.021145e-03
511 9.463516e-05 1.887631e-03
512 3.340649e-05 1.016247e-03
513 3.195433e-04 3.147986e-03
514 4.108779e-04 5.441334e-03
515 1.624197e-04 2.075621e-03
516 3.517714e-04 3.544167e-03
517 6.311722e-05 1.287815e-03
518 1.343316e-04 1.350634e-03
519 6.811806e-05 1.393843e-03
520 3.367807e-05 1.057814e-03
521 1.552881e-04 1.582864e-03
522 7.659463e-05 1.614261e-03
523 1.914113e-04 2.585993e-03
524 1.380156e-04 1.602832e-03
525 2.120073e-04 3.566791e-03
526 1.350942e-04 1.624061e-03
527 1.727274e-04 2.207401e-03
528 1.625545e-04 1.807336e-03
529 1.723500e-04 2.766294e-03
530 7.639705e-05 1.718471e-03
531 3.367807e-05 1.057814e-03
532 1.403101e-04 1.688709e-03
533 3.340649e-05 1.016247e-03
534 4.882396e-04 6.038883e-03
535 8.612006e-04 7.670950e-03
536 7.332590e-04 4.393045e-03
537 3.278632e-03 1.629036e-02
538 4.776036e-04 8.035691e-03
539 7.858892e-04 6.067532e-03
540 3.588195e-04 3.723206e-03
541 8.402862e-04 6.935065e-03
542 4.223504e-04 4.769701e-03
543 3.367807e-05 1.057814e-03
544 3.081561e-04 2.216003e-03
545 1.488622e-04 1.479187e-03
546 2.152304e-04 3.071946e-03
547 3.974757e-04 3.535124e-03
548 2.062843e-04 3.708915e-03
549 3.303303e-04 3.416867e-03
550 8.345703e-05 2.409670e-03
551 1.418166e-04 1.679483e-03
552 5.784870e-05 1.008362e-03
553 1.827827e-04 2.090248e-03
554 8.019255e-05 1.515461e-03
555 8.771622e-04 7.849626e-03
556 8.748092e-05 2.555615e-03
557 1.033806e-04 2.497962e-03
558 7.015155e-05 1.172198e-03
559 2.146752e-04 3.352323e-03
560 7.597696e-05 1.519725e-03
561 5.938944e-04 8.832509e-03
562 3.124387e-05 9.817575e-04
563 2.366491e-03 2.092275e-02
564 7.607492e-04 5.791205e-03
565 6.235567e-05 1.086491e-03
566 8.019255e-05 1.515461e-03
567 3.618618e-04 4.025439e-03
568 3.055126e-04 2.280226e-03
569 6.200083e-05 1.166325e-03
570 2.152304e-04 3.071946e-03
571 1.619728e-04 2.630107e-03
572 5.824592e-04 1.049205e-02
573 3.055126e-04 2.280226e-03
574 6.311722e-05 1.287815e-03
575 7.659463e-05 1.614261e-03
576 9.015610e-05 2.127203e-03
577 8.484629e-05 1.730835e-03
578 9.015610e-05 2.127203e-03
579 6.811806e-05 1.393843e-03
580 9.848758e-05 2.942887e-03
581 4.653727e-04 6.270839e-03
582 2.555389e-04 1.720355e-03
583 2.268127e-03 2.558601e-02
584 3.539682e-04 2.833042e-03
585 4.098181e-04 5.715600e-03
586 1.789072e-04 2.821720e-03
587 2.012972e-04 2.849736e-03
588 6.380150e-04 3.940355e-03
589 3.367807e-05 1.057814e-03
590 1.516991e-04 2.011970e-03
591 3.121581e-04 3.949952e-03
592 3.761201e-04 3.932483e-03
593 8.942907e-05 2.015930e-03
594 3.761201e-04 3.932483e-03
595 1.042210e-04 2.626595e-03
596 1.617642e-05 9.471231e-04
597 1.617642e-05 9.471231e-04
598 9.072972e-05 2.076982e-03
599 9.072972e-05 2.076982e-03
600 4.545564e-05 1.635254e-03
601 3.679032e-05 1.362515e-03
602 6.748602e-05 1.357489e-03
603 3.765811e-04 3.536929e-03
604 3.679032e-05 1.362515e-03
605 8.017871e-05 1.867759e-03
606 1.861845e-04 2.512453e-03
607 8.748092e-05 2.555615e-03
608 2.995099e-05 9.608977e-04
609 8.760327e-05 2.032647e-03
610 8.760327e-05 2.032647e-03
611 8.039994e-05 1.410725e-03
612 4.529504e-04 5.238932e-03
613 7.458876e-05 1.278995e-03
614 4.545564e-05 1.635254e-03
615 1.996739e-04 2.719304e-03
616 6.954976e-05 1.201725e-03
617 4.529504e-04 5.238932e-03
618 1.033806e-04 2.497962e-03
619 3.430227e-05 1.070219e-03
620 4.446542e-05 1.970406e-03
621 5.943521e-05 1.124931e-03
622 3.306273e-05 9.318233e-04
623 7.105849e-05 1.441284e-03
624 3.124387e-05 9.817575e-04
625 1.226688e-04 1.200078e-03
626 6.625296e-05 1.143662e-03
627 6.625296e-05 1.143662e-03
628 3.777683e-05 1.481049e-03
629 8.222265e-06 8.389100e-04
630 1.617642e-05 9.471231e-04
631 6.050540e-05 1.245675e-03
632 1.522370e-05 8.459115e-04
633 3.928369e-04 3.799204e-03
634 3.340649e-05 1.016247e-03
635 2.146752e-04 3.352323e-03
636 3.761201e-04 3.932483e-03
637 1.488622e-04 1.479187e-03
638 7.150224e-05 1.229196e-03
639 3.462352e-05 1.132327e-03
640 7.150224e-05 1.229196e-03
641 1.870004e-05 1.116404e-03
642 8.193216e-05 1.942203e-03
643 6.446485e-04 4.823297e-03
644 1.727274e-04 2.207401e-03
645 1.996739e-04 2.719304e-03
646 8.779508e-05 1.732577e-03
647 1.617642e-05 9.471231e-04
648 1.548608e-04 1.994822e-03
649 3.191097e-04 2.913054e-03
650 2.995099e-05 9.608977e-04
651 2.050436e-04 3.616810e-03
652 2.814230e-04 2.333734e-03
653 1.790200e-04 2.473561e-03
654 7.208353e-05 1.277514e-03
655 9.848758e-05 2.942887e-03
656 3.169458e-05 9.097491e-04
657 1.178741e-04 1.278532e-03
658 4.251301e-05 1.588325e-03
659 1.861845e-04 2.512453e-03
660 3.376866e-04 2.674336e-03
661 8.039994e-05 1.410725e-03
662 1.778495e-03 1.008039e-02
663 3.796426e-04 3.791409e-03
664 2.935712e-04 2.529735e-03
665 9.933976e-05 2.749706e-03
666 2.864904e-04 2.618551e-03
667 1.522370e-05 8.459115e-04
668 1.741316e-04 2.320231e-03
669 7.332590e-04 4.393045e-03
670 2.028655e-04 3.643362e-03
671 6.954976e-05 1.201725e-03
672 1.737512e-04 2.980744e-03
673 1.042210e-04 2.626595e-03
674 3.367807e-05 1.057814e-03
675 6.643620e-04 4.028749e-03
676 7.150224e-05 1.229196e-03
677 3.367807e-05 1.057814e-03
678 7.578098e-05 1.624179e-03
679 3.960305e-04 4.055816e-03
680 2.487177e-04 1.465020e-03
681 1.467454e-04 1.682394e-03
682 7.597696e-05 1.519725e-03
683 4.566328e-04 5.534812e-03
684 3.217040e-04 3.128696e-03
685 8.039994e-05 1.410725e-03
686 9.848758e-05 2.942887e-03
687 1.102452e-03 8.563873e-03
688 9.463516e-05 1.887631e-03
689 8.942907e-05 2.015930e-03
690 3.367807e-05 1.057814e-03
691 2.364202e-04 5.028627e-03
692 3.340649e-05 1.016247e-03
693 9.015610e-05 2.127203e-03
694 1.861845e-04 2.512453e-03
695 4.234427e-04 4.492989e-03
696 7.273459e-04 4.133713e-03
697 1.929674e-04 2.715341e-03
698 8.612006e-04 7.670950e-03
699 3.124387e-05 9.817575e-04
700 8.612006e-04 7.670950e-03
701 7.578098e-05 1.624179e-03
702 1.617642e-05 9.471231e-04
703 7.296389e-05 1.561931e-03
704 1.617642e-05 9.471231e-04
705 1.914113e-04 2.585993e-03
706 1.617642e-05 9.471231e-04
707 1.752190e-04 1.968215e-03
708 1.577702e-04 2.044926e-03
709 6.954976e-05 1.201725e-03
710 6.629236e-05 1.234767e-03
711 1.711813e-05 8.951727e-04
712 8.416208e-05 1.673961e-03
713 3.701293e-05 1.395398e-03
714 8.484629e-05 1.730835e-03
715 7.643669e-05 1.553559e-03
716 1.861845e-04 2.512453e-03
717 3.701293e-05 1.395398e-03
718 8.484629e-05 1.730835e-03
719 5.056642e-04 5.341007e-03
720 1.698008e-05 8.740449e-04
721 2.940374e-05 8.700371e-04
722 4.330423e-05 1.830885e-03
723 1.418902e-04 1.514178e-03
724 3.851849e-05 1.301601e-03
725 1.698008e-05 8.740449e-04
726 1.823518e-04 3.026751e-03
727 4.697504e-05 1.976407e-03
728 8.416208e-05 1.673961e-03
729 1.978094e-04 2.958924e-03
730 1.588086e-05 8.565142e-04
731 5.056642e-04 5.341007e-03
732 3.340649e-05 1.016247e-03
733 8.222265e-06 8.389100e-04
734 4.330423e-05 1.830885e-03
735 6.954976e-05 1.201725e-03
736 1.914113e-04 2.585993e-03
737 3.340649e-05 1.016247e-03
738 3.225756e-04 2.274072e-03
739 6.185282e-05 1.044694e-03
740 1.033806e-04 2.497962e-03
741 9.182707e-05 2.160413e-03
742 9.182707e-05 2.160413e-03
743 4.133641e-04 5.333690e-03
744 7.597696e-05 1.519725e-03
745 3.367807e-05 1.057814e-03
746 1.617642e-05 9.471231e-04
747 8.593360e-05 2.233700e-03
748 6.508111e-05 1.057259e-03
749 2.083052e-04 3.971116e-03
750 7.296389e-05 1.561931e-03
751 1.806599e-04 2.929433e-03
752 3.430227e-05 1.070219e-03
753 6.748602e-05 1.357489e-03
754 4.691560e-04 6.849887e-03
755 1.376085e-04 2.041516e-03
756 3.367807e-05 1.057814e-03
757 1.617642e-05 9.471231e-04
758 1.376085e-04 2.041516e-03
759 1.617642e-05 9.471231e-04
760 3.267875e-05 1.217848e-03
761 1.204366e-04 1.185309e-03
762 6.954976e-05 1.201725e-03
763 3.340649e-05 1.016247e-03
764 3.047245e-04 2.382719e-03
765 2.056098e-04 5.031109e-03
766 6.629236e-05 1.234767e-03
767 1.348259e-04 1.870722e-03
768 3.679032e-05 1.362515e-03
769 1.287729e-04 1.260948e-03
770 1.376085e-04 2.041516e-03
771 3.669542e-05 1.467375e-03
772 3.340649e-05 1.016247e-03
773 1.068361e-04 2.867951e-03
774 1.617642e-05 9.471231e-04
775 1.418902e-04 1.514178e-03
776 3.679032e-05 1.362515e-03
777 2.995099e-05 9.608977e-04
778 3.303303e-04 3.416867e-03
779 7.597696e-05 1.519725e-03
780 2.050436e-04 3.616810e-03
781 4.330423e-05 1.830885e-03
782 1.617642e-05 9.471231e-04
783 9.015610e-05 2.127203e-03
784 1.065606e-04 3.159230e-03
785 5.784870e-05 1.008362e-03
786 2.234142e-04 5.746120e-03
787 7.578098e-05 1.624179e-03
788 3.679032e-05 1.362515e-03
789 1.631639e-05 9.153935e-04
790 1.823518e-04 3.026751e-03
791 7.432185e-05 1.978229e-03
792 6.811806e-05 1.393843e-03
793 4.330423e-05 1.830885e-03
794 3.340649e-05 1.016247e-03
795 2.022335e-03 1.830976e-02
796 8.850883e-05 1.789927e-03
797 1.789072e-04 2.821720e-03
798 2.841801e-04 2.426512e-03
799 7.300728e-05 1.704738e-03
800 1.865180e-05 1.221899e-03
801 2.995099e-05 9.608977e-04
802 3.372150e-04 3.309309e-03
803 1.656134e-04 3.185987e-03
804 8.760327e-05 2.032647e-03
805 1.351745e-04 1.766905e-03
806 2.928704e-04 2.076252e-03
807 7.677027e-04 4.165020e-03
808 3.462352e-05 1.132327e-03
809 9.093620e-05 2.044827e-03
810 7.519514e-05 1.327718e-03
811 3.679032e-05 1.362515e-03
812 1.031139e-04 2.779820e-03
813 3.384260e-04 2.245892e-03
814 2.045147e-04 3.895782e-03
815 4.330423e-05 1.830885e-03
816 8.748092e-05 2.555615e-03
817 2.234142e-04 5.746120e-03
818 3.679032e-05 1.362515e-03
819 5.938944e-04 8.832509e-03
820 7.105849e-05 1.441284e-03
821 4.108779e-04 5.441334e-03
822 1.376085e-04 2.041516e-03
823 6.683129e-05 1.317252e-03
824 1.252508e-04 1.660668e-03
825 1.823518e-04 3.026751e-03
826 5.939988e-05 1.062123e-03
827 1.387992e-04 1.896283e-03
828 1.519956e-04 2.204306e-03
829 1.543333e-04 2.588753e-03
830 1.438440e-03 1.064038e-02
831 3.893206e-05 1.244363e-03
832 1.617642e-05 9.471231e-04
833 3.344956e-04 3.083268e-03
834 1.989594e-04 4.591153e-03
835 3.340649e-05 1.016247e-03
836 8.222265e-06 8.389100e-04
837 3.697005e-04 2.889330e-03
838 6.827899e-05 1.044009e-03
839 3.552501e-04 3.125777e-03
840 2.028655e-04 3.643362e-03
841 1.872415e-04 3.346317e-03
842 1.059361e-03 9.533112e-03
843 7.432185e-05 1.978229e-03
844 4.223504e-04 4.769701e-03
845 2.364202e-04 5.028627e-03
846 7.208353e-05 1.277514e-03
847 1.909175e-04 2.867623e-03
848 1.778495e-03 1.008039e-02
849 1.586659e-04 2.751531e-03
850 1.199754e-03 1.374393e-02
851 1.834552e-04 3.115286e-03
852 2.050794e-04 5.316809e-03
853 7.673318e-04 5.411335e-03
854 1.455091e-03 6.736733e-03
855 2.741124e-04 7.943340e-03
856 3.155485e-04 2.718066e-03
857 6.821766e-04 4.341053e-03
858 2.852623e-04 7.248691e-03
859 4.993083e-05 2.566458e-03
860 3.376866e-04 2.674336e-03
861 1.865180e-05 1.221899e-03
862 2.105417e-04 3.952197e-03
863 2.487177e-04 1.465020e-03
864 1.872415e-04 3.346317e-03
865 3.657999e-04 3.214231e-03
866 9.039860e-04 6.454630e-03
867 1.199754e-03 1.374393e-02
868 1.621993e-04 2.107243e-03
869 8.428769e-04 8.987502e-03
870 7.310141e-04 6.778068e-03
871 7.673318e-04 5.411335e-03
872 2.116233e-03 1.775442e-02
873 2.474036e-04 5.135406e-03
874 4.697504e-05 1.976407e-03
875 4.075380e-05 1.559941e-03
876 1.617642e-05 9.471231e-04
877 9.823353e-05 3.223597e-03
878 4.778465e-04 5.665107e-03
879 2.623910e-04 1.793208e-03
880 1.806599e-04 2.929433e-03
881 3.124387e-05 9.817575e-04
882 2.114604e-04 3.856268e-03
883 1.351745e-04 1.766905e-03
884 8.532099e-04 7.990969e-03
885 8.771622e-04 7.849626e-03
886 1.039522e-04 2.908121e-03
887 7.725738e-05 1.544276e-03
888 9.489648e-05 2.519119e-03
889 1.670125e-04 2.009400e-03
890 2.345137e-04 4.736829e-03
891 2.486627e-03 1.966299e-02
892 4.582518e-05 1.691813e-03
893 7.264554e-04 4.737770e-03
894 8.942907e-05 2.015930e-03
895 1.068361e-04 2.867951e-03
896 7.625696e-04 7.287193e-03
897 3.607139e-04 3.921950e-03
898 8.942907e-05 2.015930e-03
899 2.152304e-04 3.071946e-03
900 1.547324e-04 2.486793e-03
901 3.128416e-04 2.886792e-03
902 3.267875e-05 1.217848e-03
903 7.281896e-05 1.808715e-03
904 5.281693e-04 7.491598e-03
905 7.496494e-05 1.832449e-03
906 1.953241e-04 3.476723e-03
907 3.369554e-05 9.851156e-04
908 3.886922e-04 4.350422e-03
909 1.700543e-04 3.475693e-03
910 7.281896e-05 1.808715e-03
911 2.345137e-04 4.736829e-03
912 1.989594e-04 4.591153e-03
913 4.330423e-05 1.830885e-03
914 2.102561e-04 4.348275e-03
915 3.218709e-04 2.753710e-03
916 3.669542e-05 1.467375e-03
917 4.075380e-05 1.559941e-03
918 4.330423e-05 1.830885e-03
919 9.064822e-04 8.398500e-03
920 1.127445e-04 3.873924e-03
921 3.535124e-05 9.683208e-04
922 1.911769e-04 2.670250e-03
923 1.911769e-04 2.670250e-03
924 4.260049e-04 4.590396e-03
925 1.267744e-04 4.238746e-03
926 1.621993e-04 2.107243e-03
927 3.141573e-04 1.132028e-02
928 1.102452e-03 8.563873e-03
929 2.193321e-04 4.494711e-03
930 4.282860e-04 5.514012e-03
931 2.152680e-04 4.390347e-03
932 2.088439e-04 3.692339e-03
933 4.242013e-05 1.851380e-03
934 1.031139e-04 2.779820e-03
935 4.330423e-05 1.830885e-03
936 9.779843e-05 2.237219e-03
937 1.924079e-04 2.882926e-03
938 3.367807e-05 1.057814e-03
939 1.902234e-04 3.153753e-03
940 2.852623e-04 7.248691e-03
941 3.893206e-05 1.244363e-03
942 7.871373e-05 1.624526e-03
943 5.044724e-04 7.931822e-03
944 4.251301e-05 1.588325e-03
945 8.363976e-05 1.923601e-03
946 2.201098e-05 1.541198e-03
947 5.281693e-04 7.491598e-03
948 3.861810e-05 1.196312e-03
949 1.039522e-04 2.908121e-03
950 9.039860e-04 6.454630e-03
951 2.618061e-04 4.780470e-03
952 4.098181e-04 5.715600e-03
953 7.659463e-05 1.614261e-03
954 2.370731e-04 6.968559e-03
955 4.330423e-05 1.830885e-03
956 3.267875e-05 1.217848e-03
957 6.089290e-05 3.822073e-03
958 4.446542e-05 1.970406e-03
959 1.625545e-04 1.807336e-03
960 4.242013e-05 1.851380e-03
961 2.954045e-04 2.010265e-03
962 1.918693e-04 2.962396e-03
963 7.087520e-05 1.545941e-03
964 3.279611e-05 9.103999e-04
965 9.463516e-05 1.887631e-03
966 6.954976e-05 1.201725e-03
967 1.727274e-04 2.207401e-03
968 3.124387e-05 9.817575e-04
969 6.452281e-05 1.087772e-03
970 8.942907e-05 2.015930e-03
971 2.033901e-04 3.363738e-03
972 3.447246e-04 2.670993e-03
973 6.185282e-05 1.044694e-03
974 6.185282e-05 1.044694e-03
975 7.597696e-05 1.519725e-03
976 1.806599e-04 2.929433e-03
977 8.942907e-05 2.015930e-03
978 6.185282e-05 1.044694e-03
979 3.340649e-05 1.016247e-03
980 7.597696e-05 1.519725e-03
981 1.418166e-04 1.679483e-03
982 1.617642e-05 9.471231e-04
983 3.851849e-05 1.301601e-03
984 1.861845e-04 2.512453e-03
985 8.612006e-04 7.670950e-03
986 1.789072e-04 2.821720e-03
987 1.621993e-04 2.107243e-03
988 3.367807e-05 1.057814e-03
989 1.380156e-04 1.602832e-03
990 3.340649e-05 1.016247e-03
991 8.771622e-04 7.849626e-03
992 3.458113e-05 1.112901e-03
993 3.761201e-04 3.932483e-03
994 3.340649e-05 1.016247e-03
995 1.827827e-04 2.090248e-03
996 5.690859e-04 2.580386e-03
997 1.727274e-04 2.207401e-03
998 4.211603e-05 1.898576e-03
999 1.267744e-04 4.238746e-03
1000 3.340649e-05 1.016247e-03
1001 2.045147e-04 3.895782e-03
1002 4.260049e-04 4.590396e-03
1003 9.015610e-05 2.127203e-03
1004 3.866790e-04 3.870174e-03
1005 1.617642e-05 9.471231e-04
1006 2.046208e-04 3.454312e-03
1007 4.582518e-05 1.691813e-03
1008 7.578098e-05 1.624179e-03
1009 1.711813e-05 8.951727e-04
1010 7.300728e-05 1.704738e-03
1011 4.909516e-04 6.753731e-03
1012 9.863158e-04 1.007656e-02
1013 1.902234e-04 3.153753e-03
1014 1.312269e-04 1.606293e-03
1015 1.591353e-04 1.977947e-03
1016 1.381027e-04 1.342508e-03
1017 3.143899e-05 8.885038e-04
1018 3.761201e-04 3.932483e-03
1019 1.865180e-05 1.221899e-03
1020 3.765811e-04 3.536929e-03
1021 9.463516e-05 1.887631e-03
1022 3.340649e-05 1.016247e-03
1023 9.463516e-05 1.887631e-03
1024 6.311722e-05 1.287815e-03
1025 3.340649e-05 1.016247e-03
1026 3.340649e-05 1.016247e-03
1027 1.257520e-04 4.082276e-03
1028 1.181581e-03 1.149081e-02
1029 7.281896e-05 1.808715e-03
1030 4.393404e-05 1.927908e-03
1031 1.655798e-04 2.092080e-03
1032 4.234427e-04 4.492989e-03
1033 1.617642e-05 9.471231e-04
1034 2.710013e-04 1.911064e-03
1035 4.330423e-05 1.830885e-03
1036 2.788118e-04 2.542476e-03
1037 9.268707e-05 2.326676e-03
1038 8.416208e-05 1.673961e-03
1039 3.669542e-05 1.467375e-03
1040 8.017871e-05 1.867759e-03
1041 3.585043e-04 4.111172e-03
1042 6.954976e-05 1.201725e-03
1043 1.617642e-05 9.471231e-04
1044 3.701293e-05 1.395398e-03
1045 3.851849e-05 1.301601e-03
1046 3.340649e-05 1.016247e-03
1047 1.617642e-05 9.471231e-04
1048 7.578098e-05 1.624179e-03
1049 1.617642e-05 9.471231e-04
1050 3.420141e-04 3.893676e-03
1051 1.861845e-04 2.512453e-03
1052 3.267875e-05 1.217848e-03
1053 1.343316e-04 1.350634e-03
1054 1.617642e-05 9.471231e-04
1055 1.617642e-05 9.471231e-04
1056 3.669542e-05 1.467375e-03
1057 6.811806e-05 1.393843e-03
1058 2.940374e-05 8.700371e-04
1059 9.015610e-05 2.127203e-03
1060 8.222265e-06 8.389100e-04
1061 8.222265e-06 8.389100e-04
1062 1.617642e-05 9.471231e-04
1063 8.542558e-04 7.093675e-03
1064 1.011285e-04 3.260203e-03
1065 2.201098e-05 1.541198e-03
1066 1.522370e-05 8.459115e-04
1067 3.340649e-05 1.016247e-03
1068 1.617642e-05 9.471231e-04
1069 1.617642e-05 9.471231e-04
1070 1.617642e-05 9.471231e-04
1071 1.617642e-05 9.471231e-04
1072 3.267875e-05 1.217848e-03
1073 1.617642e-05 9.471231e-04
1074 3.210074e-05 1.097596e-03
1075 3.669542e-05 1.467375e-03
1076 6.235567e-05 1.086491e-03
1077 7.432185e-05 1.978229e-03
1078 8.942907e-05 2.015930e-03
1079 3.267875e-05 1.217848e-03
1080 1.991588e-04 3.000591e-03
1081 3.915235e-04 4.036331e-03
1082 6.235567e-05 1.086491e-03
1083 6.827899e-05 1.044009e-03
1084 1.617642e-05 9.471231e-04
1085 1.617642e-05 9.471231e-04
1086 3.679032e-05 1.362515e-03
1087 1.617642e-05 9.471231e-04
1088 3.679032e-05 1.362515e-03
1089 1.617642e-05 9.471231e-04
1090 1.617642e-05 9.471231e-04
1091 1.617642e-05 9.471231e-04
1092 1.617642e-05 9.471231e-04
1093 1.545225e-04 2.480736e-03
1094 9.015610e-05 2.127203e-03
1095 6.954976e-05 1.201725e-03
1096 1.823518e-04 3.026751e-03
1097 1.793884e-03 9.679669e-03
1098 2.028655e-04 3.643362e-03
1099 1.488622e-04 1.479187e-03
1100 1.698008e-05 8.740449e-04
1101 3.191097e-04 2.913054e-03
1102 2.045147e-04 3.895782e-03
1103 7.643669e-05 1.553559e-03
1104 3.891687e-04 3.941646e-03
1105 3.535124e-05 9.683208e-04
1106 8.039994e-05 1.410725e-03
1107 6.954976e-05 1.201725e-03
1108 1.591353e-04 1.977947e-03
1109 3.462352e-05 1.132327e-03
1110 1.591353e-04 1.977947e-03
1111 3.340649e-05 1.016247e-03
1112 3.535124e-05 9.683208e-04
1113 1.911769e-04 2.670250e-03
1114 8.019255e-05 1.515461e-03
1115 1.287729e-04 1.260948e-03
1116 2.201098e-05 1.541198e-03
1117 1.581782e-04 1.941560e-03
1118 8.942907e-05 2.015930e-03
1119 6.341067e-04 4.990854e-03
1120 1.581782e-04 1.941560e-03
1121 1.380156e-04 1.602832e-03
1122 3.596052e-04 2.911081e-03
1123 4.582518e-05 1.691813e-03
1124 3.588195e-04 3.723206e-03
1125 8.087247e-05 1.783138e-03
1126 1.909175e-04 2.867623e-03
1127 1.861845e-04 2.512453e-03
1128 3.898225e-04 4.131478e-03
1129 1.298871e-04 1.231934e-03
1130 2.607626e-04 2.254623e-03
1131 7.208353e-05 1.277514e-03
1132 7.781301e-05 1.746613e-03
1133 3.075411e-05 1.013386e-03
1134 9.578523e-05 2.690940e-03
1135 7.578098e-05 1.624179e-03
1136 1.577702e-04 2.044926e-03
1137 1.581782e-04 1.941560e-03
1138 3.679032e-05 1.362515e-03
1139 4.582518e-05 1.691813e-03
1140 7.597696e-05 1.519725e-03
1141 5.005996e-05 2.284049e-03
1142 1.669259e-04 2.203973e-03
1143 7.248682e-04 6.459924e-03
1144 7.725738e-05 1.544276e-03
1145 1.471050e-04 2.771059e-03
1146 2.131795e-04 4.119382e-03
1147 1.879610e-04 3.704285e-03
1148 4.582518e-05 1.691813e-03
1149 1.503810e-04 2.119881e-03
1150 6.954976e-05 1.201725e-03
1151 1.507699e-04 2.016708e-03
1152 6.909187e-04 6.804299e-03
1153 1.178741e-04 1.278532e-03
1154 3.679032e-05 1.362515e-03
1155 7.413014e-05 2.081501e-03
1156 1.870004e-05 1.116404e-03
1157 3.047245e-04 2.382719e-03
1158 6.976419e-05 1.617688e-03
1159 3.340649e-05 1.016247e-03
1160 7.659463e-05 1.614261e-03
1161 1.620007e-04 2.178642e-03
1162 3.552501e-04 3.125777e-03
1163 3.679032e-05 1.362515e-03
1164 1.790200e-04 2.473561e-03
1165 9.158525e-04 6.820738e-03
1166 3.701293e-05 1.395398e-03
1167 3.345635e-04 5.374663e-03
1168 1.519956e-04 2.204306e-03
1169 1.595469e-04 1.874407e-03
1170 1.507699e-04 2.016708e-03
1171 2.046208e-04 3.454312e-03
1172 4.025694e-04 4.970353e-03
1173 1.617642e-05 9.471231e-04
1174 3.418108e-04 3.423649e-03
1175 8.345703e-05 2.409670e-03
1176 3.210074e-05 1.097596e-03
1177 4.025694e-04 4.970353e-03
1178 6.171804e-04 3.832141e-03
1179 1.545225e-04 2.480736e-03
1180 4.367893e-05 1.745944e-03
1181 1.617642e-05 9.471231e-04
1182 3.217040e-04 3.128696e-03
1183 7.141470e-05 1.260671e-03
1184 1.810759e-04 2.320496e-03
1185 9.848758e-05 2.942887e-03
1186 3.486675e-04 3.300213e-03
1187 1.617642e-05 9.471231e-04
1188 1.865180e-05 1.221899e-03
1189 1.617642e-05 9.471231e-04
1190 6.629236e-05 1.234767e-03
1191 3.679032e-05 1.362515e-03
1192 4.172354e-04 5.499787e-03
1193 7.300728e-05 1.704738e-03
1194 9.244799e-05 2.608976e-03
1195 3.539682e-04 2.833042e-03
1196 1.380156e-04 1.602832e-03
1197 3.669542e-05 1.467375e-03
1198 1.617642e-05 9.471231e-04
1199 3.960305e-04 4.055816e-03
1200 4.375966e-04 4.929664e-03
1201 1.617642e-05 9.471231e-04
1202 9.182707e-05 2.160413e-03
1203 3.898225e-04 4.131478e-03
1204 8.416208e-05 1.673961e-03
1205 6.954976e-05 1.201725e-03
1206 1.861845e-04 2.512453e-03
1207 4.582518e-05 1.691813e-03
1208 6.748602e-05 1.357489e-03
1209 7.597696e-05 1.519725e-03
1210 4.697504e-05 1.976407e-03
1211 1.861845e-04 2.512453e-03
1212 7.015155e-05 1.172198e-03
1213 4.330423e-05 1.830885e-03
1214 8.222265e-06 8.389100e-04
1215 7.150224e-05 1.229196e-03
1216 4.545564e-05 1.635254e-03
1217 4.223504e-04 4.769701e-03
1218 2.201098e-05 1.541198e-03
1219 2.201098e-05 1.541198e-03
1220 6.963943e-04 4.252757e-03
1221 1.806599e-04 2.929433e-03
1222 4.136562e-04 5.936362e-03
1223 2.146752e-04 3.352323e-03
1224 1.806599e-04 2.929433e-03
1225 1.617642e-05 9.471231e-04
1226 1.617642e-05 9.471231e-04
1227 6.235567e-05 1.086491e-03
1228 8.942907e-05 2.015930e-03
1229 1.806599e-04 2.929433e-03
1230 5.005996e-05 2.284049e-03
1231 1.929674e-04 2.715341e-03
1232 2.610822e-04 1.981122e-03
1233 4.993083e-05 2.566458e-03
1234 3.974757e-04 3.535124e-03
1235 2.428832e-04 4.351516e-03
1236 6.748602e-05 1.357489e-03
1237 4.271066e-04 4.313221e-03
1238 1.877955e-04 2.433410e-03
1239 1.249518e-04 1.414955e-03
1240 3.340649e-05 1.016247e-03
1241 3.340649e-05 1.016247e-03
1242 5.626743e-04 8.864088e-03
1243 3.489347e-04 3.316233e-03
1244 1.351745e-04 1.766905e-03
1245 3.679032e-05 1.362515e-03
1246 3.679032e-05 1.362515e-03
1247 1.372535e-04 2.144625e-03
1248 8.102195e-04 5.302287e-03
1249 7.432185e-05 1.978229e-03
1250 2.604088e-04 2.084387e-03
1251 6.185282e-05 1.044694e-03
1252 1.405007e-04 1.732181e-03
1253 8.628181e-04 7.359430e-03
1254 7.659463e-05 1.614261e-03
1255 7.300728e-05 1.704738e-03
1256 8.222265e-06 8.389100e-04
1257 1.806599e-04 2.929433e-03
1258 1.033806e-04 2.497962e-03
1259 1.735985e-04 3.369362e-03
1260 3.585043e-04 4.111172e-03
1261 3.124387e-05 9.817575e-04
1262 1.259676e-04 1.499393e-03
1263 2.499721e-04 2.080527e-03
1264 3.427629e-04 2.980865e-03
1265 8.942907e-05 2.015930e-03
1266 2.050436e-04 3.616810e-03
1267 9.848758e-05 2.942887e-03
1268 1.735985e-04 3.369362e-03
1269 1.806599e-04 2.929433e-03
1270 8.697528e-05 2.016407e-03
1271 1.530887e-04 2.398270e-03
1272 1.617642e-05 9.471231e-04
1273 2.028655e-04 3.643362e-03
1274 3.765085e-04 4.554730e-03
1275 1.924079e-04 2.882926e-03
1276 1.405007e-04 1.732181e-03
1277 9.015610e-05 2.127203e-03
1278 4.651314e-04 7.274881e-03
1279 3.367807e-05 1.057814e-03
1280 2.555389e-04 1.720355e-03
1281 3.679032e-05 1.362515e-03
1282 1.315663e-04 1.501792e-03
1283 4.347971e-04 4.851871e-03
1284 1.617642e-05 9.471231e-04
1285 8.942907e-05 2.015930e-03
1286 4.545564e-05 1.635254e-03
1287 7.659463e-05 1.614261e-03
1288 2.995099e-05 9.608977e-04
1289 5.159981e-05 2.938737e-03
1290 5.777622e-04 9.773157e-03
1291 3.669542e-05 1.467375e-03
1292 9.605589e-04 9.262451e-03
1293 1.200679e-04 1.577045e-03
1294 7.208353e-05 1.277514e-03
1295 4.582518e-05 1.691813e-03
1296 1.655798e-04 2.092080e-03
1297 7.840131e-04 4.853560e-03
1298 4.336755e-04 5.127657e-03
1299 2.995099e-05 9.608977e-04
1300 1.617642e-05 9.471231e-04
1301 4.330423e-05 1.830885e-03
1302 1.230126e-04 5.009467e-03
1303 1.861845e-04 2.512453e-03
1304 4.330423e-05 1.830885e-03
1305 2.956825e-04 2.726039e-03
1306 1.617642e-05 9.471231e-04
1307 6.954976e-05 1.201725e-03
1308 6.954976e-05 1.201725e-03
1309 6.487771e-04 1.266272e-02
1310 3.340649e-05 1.016247e-03
1311 3.985037e-04 3.255219e-03
1312 7.463785e-04 6.101640e-03
1313 3.340649e-05 1.016247e-03
1314 7.281896e-05 1.808715e-03
1315 6.311722e-05 1.287815e-03
1316 1.617642e-05 9.471231e-04
1317 1.698008e-05 8.740449e-04
1318 8.228051e-04 5.502489e-03
1319 4.049207e-04 4.500499e-03
1320 4.446542e-05 1.970406e-03
1321 2.028655e-04 3.643362e-03
1322 1.617642e-05 9.471231e-04
1323 1.617642e-05 9.471231e-04
1324 1.406730e-04 1.584421e-03
1325 2.033901e-04 3.363738e-03
1326 4.330423e-05 1.830885e-03
1327 1.351745e-04 1.766905e-03
1328 2.995099e-05 9.608977e-04
1329 1.914113e-04 2.585993e-03
1330 2.713695e-04 2.032999e-03
1331 3.340649e-05 1.016247e-03
1332 1.617642e-05 9.471231e-04
1333 3.340649e-05 1.016247e-03
1334 3.340649e-05 1.016247e-03
1335 1.198002e-04 4.623483e-03
1336 4.330423e-05 1.830885e-03
1337 7.597696e-05 1.519725e-03
1338 7.150224e-05 1.229196e-03
1339 1.376085e-04 2.041516e-03
1340 4.330423e-05 1.830885e-03
1341 2.033901e-04 3.363738e-03
1342 1.617642e-05 9.471231e-04
1343 1.617642e-05 9.471231e-04
1344 4.330423e-05 1.830885e-03
1345 3.866790e-04 3.870174e-03
1346 6.235567e-05 1.086491e-03
1347 1.617642e-05 9.471231e-04
1348 1.867585e-04 3.625986e-03
1349 1.739752e-03 1.337357e-02
1350 4.446542e-05 1.970406e-03
1351 6.954976e-05 1.201725e-03
1352 8.823786e-05 2.384023e-03
1353 8.748092e-05 2.555615e-03
1354 8.942907e-05 2.015930e-03
1355 8.363976e-05 1.923601e-03
1356 1.405007e-04 1.732181e-03
1357 6.050540e-05 1.245675e-03
1358 6.811806e-05 1.393843e-03
1359 3.340649e-05 1.016247e-03
1360 3.340649e-05 1.016247e-03
1361 9.268707e-05 2.326676e-03
1362 6.811806e-05 1.393843e-03
1363 3.679032e-05 1.362515e-03
1364 6.629236e-05 1.234767e-03
1365 8.748092e-05 2.555615e-03
1366 6.185282e-05 1.044694e-03
1367 1.617642e-05 9.471231e-04
1368 4.108779e-04 5.441334e-03
1369 4.330423e-05 1.830885e-03
1370 1.617642e-05 9.471231e-04
1371 8.942907e-05 2.015930e-03
1372 6.748602e-05 1.357489e-03
1373 2.995099e-05 9.608977e-04
1374 7.597696e-05 1.519725e-03
1375 8.017871e-05 1.867759e-03
1376 1.940470e-03 1.658864e-02
1377 1.655798e-04 2.092080e-03
1378 1.617642e-05 9.471231e-04
1379 1.617642e-05 9.471231e-04
1380 5.044724e-04 7.931822e-03
1381 4.330423e-05 1.830885e-03
1382 1.522370e-05 8.459115e-04
1383 1.774645e-04 2.600906e-03
1384 8.942907e-05 2.015930e-03
1385 8.942907e-05 2.015930e-03
1386 8.942907e-05 2.015930e-03
1387 9.015610e-05 2.127203e-03
1388 2.995099e-05 9.608977e-04
1389 3.367807e-05 1.057814e-03
1390 1.617642e-05 9.471231e-04
1391 8.880601e-05 2.594856e-03
1392 1.617642e-05 9.471231e-04
1393 1.861845e-04 2.512453e-03
1394 1.405007e-04 1.732181e-03
1395 6.954976e-05 1.201725e-03
1396 2.601401e-04 1.851820e-03
1397 8.416208e-05 1.673961e-03
1398 2.420141e-04 6.628433e-03
1399 3.276665e-04 3.195441e-03
1400 6.954976e-05 1.201725e-03
1401 1.861845e-04 2.512453e-03
1402 1.698008e-05 8.740449e-04
1403 4.330423e-05 1.830885e-03
1404 2.995099e-05 9.608977e-04
1405 8.363976e-05 1.923601e-03
1406 1.806599e-04 2.929433e-03
1407 1.617642e-05 9.471231e-04
1408 1.481291e-03 7.520685e-03
1409 7.840131e-04 4.853560e-03
1410 6.748602e-05 1.357489e-03
1411 3.679032e-05 1.362515e-03
1412 7.597696e-05 1.519725e-03
1413 1.617642e-05 9.471231e-04
1414 3.267875e-05 1.217848e-03
1415 3.210074e-05 1.097596e-03
1416 3.679032e-05 1.362515e-03
1417 1.617642e-05 9.471231e-04
1418 8.942907e-05 2.015930e-03
1419 5.784870e-05 1.008362e-03
1420 6.748602e-05 1.357489e-03
1421 9.668807e-05 2.391229e-03
1422 6.954976e-05 1.201725e-03
1423 3.679032e-05 1.362515e-03
1424 3.340649e-05 1.016247e-03
1425 3.340649e-05 1.016247e-03
1426 3.340649e-05 1.016247e-03
1427 3.340649e-05 1.016247e-03
1428 4.330423e-05 1.830885e-03
1429 7.578098e-05 1.624179e-03
1430 1.287729e-04 1.260948e-03
1431 9.536730e-04 6.947624e-03
1432 1.911769e-04 2.670250e-03
1433 1.227417e-04 1.291216e-03
1434 3.143899e-05 8.885038e-04
1435 1.698008e-05 8.740449e-04
1436 2.995099e-05 9.608977e-04
1437 1.588086e-05 8.565142e-04
1438 3.669542e-05 1.467375e-03
1439 2.028655e-04 3.643362e-03
1440 3.210074e-05 1.097596e-03
1441 3.340649e-05 1.016247e-03
1442 7.105849e-05 1.441284e-03
1443 9.257360e-05 2.274671e-03
1444 7.854176e-05 1.887502e-03
1445 6.351138e-05 1.099429e-03
1446 3.679032e-05 1.362515e-03
1447 3.937997e-04 6.713557e-03
1448 3.340649e-05 1.016247e-03
1449 4.330423e-05 1.830885e-03
1450 8.345703e-05 2.409670e-03
1451 1.861845e-04 2.512453e-03
1452 7.578098e-05 1.624179e-03
1453 6.629236e-05 1.234767e-03
1454 3.143899e-05 8.885038e-04
1455 3.679032e-05 1.362515e-03
1456 1.617642e-05 9.471231e-04
1457 3.367807e-05 1.057814e-03
1458 3.340649e-05 1.016247e-03
1459 2.995099e-05 9.608977e-04
1460 9.268707e-05 2.326676e-03
1461 1.617642e-05 9.471231e-04
1462 1.617642e-05 9.471231e-04
1463 1.617642e-05 9.471231e-04
1464 3.340649e-05 1.016247e-03
1465 1.617642e-05 9.471231e-04
1466 1.823518e-04 3.026751e-03
1467 2.995099e-05 9.608977e-04
1468 8.017871e-05 1.867759e-03
1469 1.507699e-04 2.016708e-03
1470 8.697528e-05 2.016407e-03
1471 1.259676e-04 1.499393e-03
1472 8.017871e-05 1.867759e-03
1473 3.340649e-05 1.016247e-03
1474 1.911769e-04 2.670250e-03
1475 3.458113e-05 1.112901e-03
1476 8.942907e-05 2.015930e-03
1477 6.954976e-05 1.201725e-03
1478 1.655798e-04 2.092080e-03
1479 4.033706e-04 4.139482e-03
1480 1.823518e-04 3.026751e-03
1481 4.036105e-04 4.694161e-03
1482 2.051500e-04 3.174198e-03
1483 6.748602e-05 1.357489e-03
1484 1.740654e-03 1.134567e-02
1485 3.765811e-04 3.536929e-03
1486 4.108779e-04 5.441334e-03
1487 6.311722e-05 1.287815e-03
1488 5.005996e-05 2.284049e-03
1489 1.617642e-05 9.471231e-04
1490 3.851849e-05 1.301601e-03
1491 3.765811e-04 3.536929e-03
1492 2.050436e-04 3.616810e-03
1493 6.811806e-05 1.393843e-03
1494 7.639705e-05 1.718471e-03
1495 1.435486e-04 2.137355e-03
1496 4.075380e-05 1.559941e-03
1497 3.928369e-04 3.799204e-03
1498 1.619728e-04 2.630107e-03
1499 7.432185e-05 1.978229e-03
1500 6.102893e-05 1.181817e-03
1501 9.823353e-05 3.223597e-03
1502 1.534846e-04 2.295817e-03
1503 4.580730e-04 5.346075e-03
1504 1.727274e-04 2.207401e-03
1505 4.330423e-05 1.830885e-03
1506 3.679032e-05 1.362515e-03
1507 6.748602e-05 1.357489e-03
1508 3.517714e-04 3.544167e-03
1509 3.679032e-05 1.362515e-03
1510 1.406730e-04 1.584421e-03
1511 9.015610e-05 2.127203e-03
1512 3.210074e-05 1.097596e-03
1513 7.578098e-05 1.624179e-03
1514 7.432185e-05 1.978229e-03
1515 1.924079e-04 2.882926e-03
1516 2.152304e-04 3.071946e-03
1517 3.765811e-04 3.536929e-03
1518 5.943521e-05 1.124931e-03
1519 8.363976e-05 1.923601e-03
1520 1.698008e-05 8.740449e-04
1521 8.748092e-05 2.555615e-03
1522 1.806599e-04 2.929433e-03
1523 7.413014e-05 2.081501e-03
1524 1.257520e-04 4.082276e-03
1525 2.474036e-04 5.135406e-03
1526 1.806599e-04 2.929433e-03
1527 1.806599e-04 2.929433e-03
1528 8.942907e-05 2.015930e-03
1529 8.942907e-05 2.015930e-03
1530 2.474036e-04 5.135406e-03
1531 8.942907e-05 2.015930e-03
1532 8.942907e-05 2.015930e-03
1533 8.942907e-05 2.015930e-03
1534 1.727274e-04 2.207401e-03
1535 1.617642e-05 9.471231e-04
1536 3.210074e-05 1.097596e-03
1537 4.330423e-05 1.830885e-03
1538 3.679032e-05 1.362515e-03
1539 1.617642e-05 9.471231e-04
1540 9.823353e-05 3.223597e-03
1541 7.819907e-04 5.129341e-03
1542 6.341067e-04 4.990854e-03
1543 1.334472e-03 8.283582e-03
1544 8.942907e-05 2.015930e-03
1545 3.710865e-05 1.290351e-03
1546 1.865180e-05 1.221899e-03
1547 4.223504e-04 4.769701e-03
1548 8.942907e-05 2.015930e-03
1549 6.748602e-05 1.357489e-03
1550 7.659463e-05 1.614261e-03
1551 7.854176e-05 1.887502e-03
1552 1.984462e-04 4.867612e-03
1553 1.139775e-03 4.454817e-03
1554 3.214213e-04 3.517184e-03
1555 3.130817e-04 2.954818e-03
1556 2.601401e-04 1.851820e-03
1557 4.234427e-04 4.492989e-03
1558 3.344956e-04 3.083268e-03
1559 3.191097e-04 2.913054e-03
1560 1.503810e-04 2.119881e-03
1561 5.811765e-04 3.121090e-03
1562 2.665696e-04 1.898329e-03
1563 3.121581e-04 3.949952e-03
1564 2.364202e-04 5.028627e-03
1565 3.047245e-04 2.382719e-03
1566 1.872415e-04 3.346317e-03
1567 2.724637e-04 7.699813e-03
1568 1.989594e-04 4.591153e-03
1569 3.453421e-05 1.237781e-03
1570 3.839849e-04 4.804407e-03
1571 3.210074e-05 1.097596e-03
1572 6.687345e-05 1.187197e-03
1573 5.967605e-04 3.286779e-03
1574 1.577702e-04 2.044926e-03
1575 9.015610e-05 2.127203e-03
1576 9.015610e-05 2.127203e-03
1577 9.536730e-04 6.947624e-03
1578 3.462352e-05 1.132327e-03
1579 1.444450e-04 1.708906e-03
1580 5.056642e-04 5.341007e-03
1581 6.870746e-05 1.321950e-03
1582 4.545564e-05 1.635254e-03
1583 4.364679e-04 5.215625e-03
1584 2.789877e-04 1.937814e-03
1585 9.320564e-04 1.141372e-02
1586 1.821286e-04 3.154222e-03
1587 3.851849e-05 1.301601e-03
1588 3.367807e-05 1.057814e-03
1589 9.779843e-05 2.237219e-03
1590 3.893206e-05 1.244363e-03
1591 4.582518e-05 1.691813e-03
1592 3.777683e-05 1.481049e-03
1593 2.201098e-05 1.541198e-03
1594 2.177598e-04 4.052595e-03
1595 6.235567e-05 1.086491e-03
1596 3.898225e-04 4.131478e-03
1597 9.848758e-05 2.942887e-03
1598 8.942907e-05 2.015930e-03
1599 1.806599e-04 2.929433e-03
1600 8.942907e-05 2.015930e-03
1601 7.141470e-05 1.260671e-03
1602 1.040528e-03 1.043751e-02
1603 1.372535e-04 2.144625e-03
1604 3.893206e-05 1.244363e-03
1605 8.222265e-06 8.389100e-04
1606 4.776036e-04 8.035691e-03
1607 1.065606e-04 3.159230e-03
1608 8.823786e-05 2.384023e-03
1609 6.062640e-04 3.525858e-03
1610 8.376206e-04 6.056173e-03
1611 6.163430e-04 3.418760e-03
1612 9.268707e-05 2.326676e-03
1613 1.617642e-05 9.471231e-04
1614 1.581782e-04 1.941560e-03
1615 4.657928e-04 5.429570e-03
1616 4.075380e-05 1.559941e-03
1617 1.343316e-04 1.350634e-03
1618 2.995099e-05 9.608977e-04
1619 8.048808e-04 6.740250e-03
1620 8.102195e-04 5.302287e-03
1621 8.686523e-04 7.249384e-03
1622 7.208353e-05 1.277514e-03
1623 5.824592e-04 1.049205e-02
1624 3.748409e-04 3.216759e-03
1625 9.268707e-05 2.326676e-03
1626 4.247482e-04 6.661280e-03
1627 3.198084e-04 2.354482e-03
1628 2.441081e-04 6.153729e-03
1629 5.954303e-04 8.056851e-03
1630 6.643620e-04 4.028749e-03
1631 4.909516e-04 6.753731e-03
1632 1.102452e-03 8.563873e-03
1633 7.578098e-05 1.624179e-03
1634 1.884471e-04 3.414416e-03
1635 1.698008e-05 8.740449e-04
1636 7.578098e-05 1.624179e-03
1637 3.462352e-05 1.132327e-03
1638 6.629236e-05 1.234767e-03
1639 3.851849e-05 1.301601e-03
1640 1.883141e-04 3.139860e-03
1641 1.418902e-04 1.514178e-03
1642 1.785582e-04 2.755482e-03
1643 1.872415e-04 3.346317e-03
1644 1.586659e-04 2.751531e-03
1645 7.854176e-05 1.887502e-03
1646 4.946487e-04 6.399534e-03
1647 3.367807e-05 1.057814e-03
1648 6.811806e-05 1.393843e-03
1649 2.187723e-03 1.249695e-02
1650 3.793745e-04 3.772805e-03
1651 9.578523e-05 2.690940e-03
1652 1.147075e-03 1.010406e-02
1653 1.150041e-03 9.331691e-03
1654 5.056642e-04 5.341007e-03
1655 5.938944e-04 8.832509e-03
1656 2.657833e-04 2.259590e-03
1657 3.727060e-04 3.021145e-03
1658 4.993083e-05 2.566458e-03
1659 6.954976e-05 1.201725e-03
1660 1.516991e-04 2.011970e-03
1661 2.201098e-05 1.541198e-03
1662 8.285876e-05 2.216683e-03
1663 8.847430e-04 6.072003e-03
1664 1.832874e-04 2.722296e-03
1665 1.785010e-04 2.567677e-03
1666 1.257520e-04 4.082276e-03
1667 2.618061e-04 4.780470e-03
1668 8.222265e-06 8.389100e-04
1669 2.050436e-04 3.616810e-03
1670 3.535124e-05 9.683208e-04
1671 3.195433e-04 3.147986e-03
1672 1.115916e-03 1.101017e-02
1673 4.023301e-04 4.417106e-03
1674 3.687468e-04 3.170179e-03
1675 1.692009e-04 2.220209e-03
1676 7.015155e-05 1.172198e-03
1677 1.991588e-04 3.000591e-03
1678 1.484782e-04 1.583746e-03
1679 1.711813e-05 8.951727e-04
1680 3.861810e-05 1.196312e-03
1681 1.031139e-04 2.779820e-03
1682 2.540376e-04 5.535116e-03
1683 1.617642e-05 9.471231e-04
1684 3.210074e-05 1.097596e-03
1685 2.028655e-04 3.643362e-03
1686 5.391700e-04 2.587479e-03
1687 4.737522e-04 7.446216e-03
1688 1.861845e-04 2.512453e-03
1689 1.545225e-04 2.480736e-03
1690 1.631639e-05 9.153935e-04
1691 1.870004e-05 1.116404e-03
1692 4.330423e-05 1.830885e-03
1693 2.099987e-04 4.230304e-03
1694 1.714020e-04 2.353499e-03
1695 1.617642e-05 9.471231e-04
1696 1.570747e-03 1.013752e-02
1697 7.854176e-05 1.887502e-03
1698 8.605925e-04 7.628748e-03
1699 5.922522e-04 3.812951e-03
1700 8.942907e-05 2.015930e-03
1701 7.907969e-04 4.676911e-03
1702 8.593360e-05 2.233700e-03
1703 1.581782e-04 1.941560e-03
1704 1.617642e-05 9.471231e-04
1705 1.617642e-05 9.471231e-04
1706 1.588086e-05 8.565142e-04
1707 6.185282e-05 1.044694e-03
1708 2.114604e-04 3.856268e-03
1709 2.058159e-04 3.387381e-03
1710 2.058159e-04 3.387381e-03
1711 1.376085e-04 2.041516e-03
1712 4.133641e-04 5.333690e-03
1713 1.577702e-04 2.044926e-03
1714 1.230126e-04 5.009467e-03
1715 9.848758e-05 2.942887e-03
1716 9.146732e-05 2.136249e-03
1717 1.405007e-04 1.732181e-03
1718 2.218509e-04 3.750870e-03
1719 1.475567e-04 1.882040e-03
1720 1.257520e-04 4.082276e-03
1721 5.626743e-04 8.864088e-03
1722 1.257520e-04 4.082276e-03
1723 5.938944e-04 8.832509e-03
1724 3.462352e-05 1.132327e-03
1725 2.495443e-04 4.904850e-03
1726 2.852623e-04 7.248691e-03
1727 3.045773e-04 3.299796e-03
1728 3.276665e-04 3.195441e-03
1729 7.781301e-05 1.746613e-03
1730 2.050436e-04 3.616810e-03
1731 1.033806e-04 2.497962e-03
1732 1.698008e-05 8.740449e-04
1733 1.698008e-05 8.740449e-04
1734 3.669542e-05 1.467375e-03
1735 4.330423e-05 1.830885e-03
1736 1.698008e-05 8.740449e-04
1737 6.484822e-05 1.521826e-03
1738 3.851849e-05 1.301601e-03
1739 1.911769e-04 2.670250e-03
1740 7.587869e-04 6.064568e-03
1741 7.578098e-05 1.624179e-03
1742 3.674273e-04 5.036593e-03
1743 3.974757e-04 3.535124e-03
1744 9.268707e-05 2.326676e-03
1745 1.562008e-04 1.911300e-03
1746 1.522370e-05 8.459115e-04
1747 1.280401e-04 1.376701e-03
1748 2.608812e-03 1.915673e-02
1749 5.943521e-05 1.124931e-03
1750 9.257360e-05 2.274671e-03
1751 7.496494e-05 1.832449e-03
1752 3.367807e-05 1.057814e-03
1753 9.015610e-05 2.127203e-03
1754 2.601401e-04 1.851820e-03
1755 6.508111e-05 1.057259e-03
1756 6.840768e-04 3.900824e-03
1757 4.108779e-04 5.441334e-03
1758 3.669542e-05 1.467375e-03
1759 1.031139e-04 2.779820e-03
1760 6.782946e-04 4.954259e-03
1761 2.083052e-04 3.971116e-03
1762 6.683129e-05 1.317252e-03
1763 5.901150e-04 3.519637e-03
1764 9.020288e-05 1.932591e-03
1765 3.765811e-04 3.536929e-03
1766 6.504736e-05 1.129920e-03
1767 6.121634e-05 9.599769e-04
1768 1.426747e-04 1.714284e-03
1769 4.251301e-05 1.588325e-03
1770 1.683703e-04 2.122261e-03
1771 7.578098e-05 1.624179e-03
1772 2.791536e-04 2.145092e-03
1773 9.605589e-04 9.262451e-03
1774 1.418902e-04 1.514178e-03
1775 3.296151e-05 1.153750e-03
1776 2.852623e-04 7.248691e-03
1777 4.993083e-05 2.566458e-03
1778 1.752190e-04 1.968215e-03
1779 2.083052e-04 3.971116e-03
1780 7.639705e-05 1.718471e-03
1781 1.870004e-05 1.116404e-03
1782 6.200083e-05 1.166325e-03
1783 1.312269e-04 1.606293e-03
1784 2.102561e-04 4.348275e-03
1785 6.827899e-05 1.044009e-03
1786 4.271066e-04 4.313221e-03
1787 3.952139e-04 3.892413e-03
1788 1.683703e-04 2.122261e-03
1789 4.131498e-04 6.225524e-03
1790 3.210074e-05 1.097596e-03
1791 3.367807e-05 1.057814e-03
1792 3.021014e-05 9.292872e-04
1793 3.819398e-04 3.884571e-03
1794 4.247482e-04 6.661280e-03
1795 3.143899e-05 8.885038e-04
1796 1.793884e-03 9.679669e-03
1797 1.989594e-04 4.591153e-03
1798 6.679157e-05 1.186940e-03
1799 3.669542e-05 1.467375e-03
1800 8.532099e-04 7.990969e-03
1801 3.367807e-05 1.057814e-03
1802 1.735985e-04 3.369362e-03
1803 3.267875e-05 1.217848e-03
1804 3.306273e-05 9.318233e-04
1805 9.039860e-04 6.454630e-03
1806 3.710865e-05 1.290351e-03
1807 1.631639e-05 9.153935e-04
1808 1.283179e-03 5.081591e-03
1809 1.823518e-04 3.026751e-03
1810 3.477074e-04 2.593322e-03
1811 7.087520e-05 1.545941e-03
1812 4.582518e-05 1.691813e-03
1813 2.007779e-04 3.130687e-03
1814 1.588086e-05 8.565142e-04
1815 3.047245e-04 2.382719e-03
1816 2.146752e-04 3.352323e-03
1817 1.488622e-04 1.479187e-03
1818 1.503810e-04 2.119881e-03
1819 7.663437e-05 1.448922e-03
1820 3.535124e-05 9.683208e-04
1821 9.268707e-05 2.326676e-03
1822 4.223504e-04 4.769701e-03
1823 1.384898e-04 5.877152e-03
1824 5.816689e-04 1.158779e-02
1825 3.786633e-04 4.069930e-03
1826 1.621993e-04 2.107243e-03
1827 3.376866e-04 2.674336e-03
1828 1.621993e-04 2.107243e-03
1829 9.823353e-05 3.223597e-03
1830 4.330423e-05 1.830885e-03
1831 3.021014e-05 9.292872e-04
1832 3.727060e-04 3.021145e-03
1833 3.462352e-05 1.132327e-03
1834 6.289521e-05 1.055968e-03
1835 8.484629e-05 1.730835e-03
1836 4.481715e-04 5.585546e-03
1837 7.196719e-04 4.681402e-03
1838 3.535124e-05 9.683208e-04
1839 7.317469e-04 4.228946e-03
1840 1.488622e-04 1.479187e-03
1841 3.796426e-04 3.791409e-03
1842 1.823518e-04 3.026751e-03
1843 1.827827e-04 2.090248e-03
1844 4.367893e-05 1.745944e-03
1845 4.545564e-05 1.635254e-03
1846 4.582518e-05 1.691813e-03
1847 3.047245e-04 2.382719e-03
1848 3.430227e-05 1.070219e-03
1849 2.146752e-04 3.352323e-03
1850 3.918236e-04 4.077705e-03
1851 4.223504e-04 4.769701e-03
1852 1.929674e-04 2.715341e-03
1853 1.635180e-04 2.216852e-03
1854 7.840131e-04 4.853560e-03
1855 8.050360e-04 5.222110e-03
1856 4.582518e-05 1.691813e-03
1857 8.345703e-05 2.409670e-03
1858 1.617642e-05 9.471231e-04
1859 4.367893e-05 1.745944e-03
1860 9.268707e-05 2.326676e-03
1861 1.929674e-04 2.715341e-03
1862 6.691746e-04 4.865003e-03
1863 6.200083e-05 1.166325e-03
1864 1.870004e-05 1.116404e-03
1865 8.748092e-05 2.555615e-03
1866 1.861845e-04 2.512453e-03
1867 1.488622e-04 1.479187e-03
1868 8.019255e-05 1.515461e-03
1869 1.376085e-04 2.041516e-03
1870 4.330423e-05 1.830885e-03
1871 2.864904e-04 2.618551e-03
1872 2.146752e-04 3.352323e-03
1873 3.462352e-05 1.132327e-03
1874 3.462352e-05 1.132327e-03
1875 1.723500e-04 2.766294e-03
1876 3.710865e-05 1.290351e-03
1877 7.208353e-05 1.277514e-03
1878 1.914113e-04 2.585993e-03
1879 2.364202e-04 5.028627e-03
1880 1.147959e-04 1.219120e-03
1881 1.924696e-04 2.996639e-03
1882 6.811806e-05 1.393843e-03
1883 2.791536e-04 2.145092e-03
1884 1.617642e-05 9.471231e-04
1885 9.779843e-05 2.237219e-03
1886 7.432185e-05 1.978229e-03
1887 2.158247e-04 4.102252e-03
1888 3.124387e-05 9.817575e-04
1889 1.617642e-05 9.471231e-04
1890 2.028655e-04 3.643362e-03
1891 8.178564e-04 5.399597e-03
1892 1.991588e-04 3.000591e-03
1893 1.023955e-04 3.418718e-03
1894 5.274245e-04 3.227907e-03
1895 2.928704e-04 2.076252e-03
1896 1.418166e-04 1.679483e-03
1897 8.039994e-05 1.410725e-03
1898 8.542558e-04 7.093675e-03
1899 1.752190e-04 1.968215e-03
1900 7.141470e-05 1.260671e-03
1901 3.679032e-05 1.362515e-03
1902 1.617642e-05 9.471231e-04
1903 3.191097e-04 2.913054e-03
1904 3.340649e-05 1.016247e-03
1905 6.629236e-05 1.234767e-03
1906 8.017871e-05 1.867759e-03
1907 8.942907e-05 2.015930e-03
1908 1.698008e-05 8.740449e-04
1909 4.330423e-05 1.830885e-03
1910 1.861845e-04 2.512453e-03
1911 9.779843e-05 2.237219e-03
1912 9.241833e-05 2.369806e-03
1913 6.629236e-05 1.234767e-03
1914 3.340649e-05 1.016247e-03
1915 8.942907e-05 2.015930e-03
1916 3.191097e-04 2.913054e-03
1917 2.834470e-04 2.528628e-03
1918 8.942907e-05 2.015930e-03
1919 2.739110e-04 1.904225e-03
1920 2.995099e-05 9.608977e-04
1921 3.535124e-05 9.683208e-04
1922 3.367807e-05 1.057814e-03
1923 3.340649e-05 1.016247e-03
1924 3.210074e-05 1.097596e-03
1925 3.340649e-05 1.016247e-03
1926 6.687345e-05 1.187197e-03
1927 7.659463e-05 1.614261e-03
1928 3.279611e-05 9.103999e-04
1929 6.811806e-05 1.393843e-03
1930 6.976419e-05 1.617688e-03
1931 3.596052e-04 2.911081e-03
1932 1.823518e-04 3.026751e-03
1933 3.447246e-04 2.670993e-03
1934 7.176575e-04 4.960619e-03
1935 4.582518e-05 1.691813e-03
1936 8.363976e-05 1.923601e-03
1937 3.340649e-05 1.016247e-03
1938 1.617642e-05 9.471231e-04
1939 2.618061e-04 4.780470e-03
1940 8.050360e-04 5.222110e-03
1941 3.851849e-05 1.301601e-03
1942 5.288869e-04 6.945570e-03
1943 8.942907e-05 2.015930e-03
1944 1.978094e-04 2.958924e-03
1945 1.924079e-04 2.882926e-03
1946 6.625296e-05 1.143662e-03
1947 3.535124e-05 9.683208e-04
1948 1.617642e-05 9.471231e-04
1949 7.861780e-04 6.271274e-03
1950 1.861845e-04 2.512453e-03
1951 2.063482e-04 3.096691e-03
1952 1.011285e-04 3.260203e-03
1953 1.249518e-04 1.414955e-03
1954 8.363976e-05 1.923601e-03
1955 6.954976e-05 1.201725e-03
1956 2.102561e-04 4.348275e-03
1957 8.760327e-05 2.032647e-03
1958 1.502916e-04 1.913214e-03
1959 1.911769e-04 2.670250e-03
1960 8.363976e-05 1.923601e-03
1961 3.765811e-04 3.536929e-03
1962 9.182707e-05 2.160413e-03
1963 1.909175e-04 2.867623e-03
1964 1.698008e-05 8.740449e-04
1965 4.330423e-05 1.830885e-03
1966 4.545564e-05 1.635254e-03
1967 1.725722e-03 1.220739e-02
1968 3.210074e-05 1.097596e-03
1969 2.364202e-04 5.028627e-03
1970 2.866390e-04 2.284611e-03
1971 2.956825e-04 2.726039e-03
1972 7.413014e-05 2.081501e-03
1973 2.730724e-04 2.795158e-03
1974 1.430437e-04 1.610062e-03
1975 4.069628e-04 7.224456e-03
1976 1.839297e-04 2.834296e-03
1977 6.687345e-05 1.187197e-03
1978 9.244799e-05 2.608976e-03
1979 9.863158e-04 1.007656e-02
1980 1.617642e-05 9.471231e-04
1981 1.384898e-04 5.877152e-03
1982 1.617642e-05 9.471231e-04
1983 3.367807e-05 1.057814e-03
1984 5.867570e-04 4.050089e-03
1985 7.432185e-05 1.978229e-03
1986 8.760327e-05 2.032647e-03
1987 2.586598e-04 2.085660e-03
1988 1.823518e-04 3.026751e-03
1989 1.617642e-05 9.471231e-04
1990 5.943521e-05 1.124931e-03
1991 1.683703e-04 2.122261e-03
1992 8.363976e-05 1.923601e-03
1993 1.661018e-05 9.992418e-04
1994 8.222265e-06 8.389100e-04
1995 6.683129e-05 1.317252e-03
1996 1.168629e-04 1.341560e-03
1997 1.617642e-05 9.471231e-04
1998 4.330423e-05 1.830885e-03
1999 7.208353e-05 1.277514e-03
2000 3.679032e-05 1.362515e-03
2001 1.227417e-04 1.291216e-03
