1 8.215168e-05 3.612904e-03
2 1.208357e-04 1.649399e-02
3 1.326980e-05 1.464549e-03
4 1.198263e-05 1.531338e-03
5 1.348721e-05 1.825314e-03
6 8.089367e-04 2.122830e-02
7 7.285164e-05 5.100101e-03
8 6.887981e-04 2.371106e-02
9 3.564574e-06 2.345949e-03
10 5.200223e-04 1.786362e-02
11 1.400075e-05 3.601047e-03
12 6.807135e-06 1.146613e-03
13 1.416609e-03 1.945117e-02
14 1.859198e-04 6.264102e-03
15 4.618120e-05 2.389443e-03
16 1.504375e-04 3.256906e-03
17 1.926936e-05 1.299307e-03
18 5.623821e-04 1.041065e-02
19 7.446375e-05 5.268169e-03
20 1.235400e-06 9.857432e-04
21 1.801521e-03 3.162742e-02
22 2.369773e-05 1.991973e-03
23 3.019020e-04 6.971580e-03
24 1.181432e-03 1.994171e-02
25 8.997868e-04 1.912754e-02
26 4.243326e-05 2.143189e-03
27 3.586464e-05 3.529431e-03
28 2.250350e-05 1.782552e-03
29 2.259660e-03 2.948824e-02
30 6.845476e-03 6.233663e-02
31 1.091752e-03 2.537272e-02
32 4.549549e-05 2.368906e-03
33 3.817321e-06 1.058640e-03
34 1.927058e-06 9.309579e-04
35 2.665281e-05 2.368153e-03
36 2.622043e-04 1.109381e-02
37 4.509094e-04 1.474436e-02
38 4.785342e-05 4.502128e-03
39 8.049419e-06 1.733585e-03
40 1.884467e-05 2.670399e-03
41 4.368831e-05 1.826188e-03
42 3.864478e-05 4.371778e-03
43 8.559798e-04 2.522958e-02
44 7.629612e-05 3.186004e-03
45 1.384952e-04 4.135177e-03
46 1.359699e-04 4.152767e-03
47 5.336365e-04 1.872137e-02
48 6.903128e-04 1.120337e-02
49 5.166220e-05 3.453274e-03
50 9.755304e-04 4.503286e-02
51 4.386973e-05 6.415696e-03
52 2.196023e-04 8.269153e-03
53 2.272377e-05 1.873221e-03
54 1.407502e-04 4.427554e-03
55 4.637638e-05 3.385672e-03
56 5.163605e-05 3.379764e-03
57 1.506664e-04 7.807156e-03
58 1.239384e-04 7.371037e-03
59 2.162955e-04 8.054800e-03
60 4.010631e-06 1.257697e-03
61 3.957611e-03 6.863181e-02
62 3.216772e-04 1.791809e-02
63 7.087479e-06 1.476751e-03
64 1.170325e-05 3.705065e-03
65 1.546723e-04 7.063060e-03
66 9.444467e-06 2.066507e-03
67 2.389447e-05 4.498073e-03
68 4.132742e-05 4.950285e-03
69 3.738052e-06 1.252101e-03
70 3.704222e-06 1.155468e-03
71 4.907915e-04 1.602807e-02
72 4.132467e-05 2.241917e-03
73 6.827636e-05 2.762803e-03
74 1.156403e-03 7.039003e-02
75 1.276986e-05 1.581766e-03
76 5.718259e-06 2.179286e-03
77 1.784062e-04 6.421430e-03
78 1.118549e-03 4.273229e-02
79 1.652879e-04 4.831599e-03
80 7.947371e-06 1.352633e-03
81 3.599787e-06 1.190123e-03
82 9.946752e-06 1.190678e-03
83 9.058639e-05 4.237517e-03
84 8.104949e-06 1.545811e-03
85 1.200300e-04 6.127115e-03
86 5.755137e-05 3.267363e-03
87 7.768405e-06 1.874133e-03
88 7.472068e-06 1.457347e-03
89 2.728263e-04 5.236762e-03
90 2.282478e-04 2.679784e-02
91 9.391544e-05 5.210098e-03
92 1.396686e-03 2.433538e-02
93 3.415106e-05 3.732265e-03
94 1.629275e-05 2.050402e-03
95 1.226237e-03 4.057637e-02
96 1.846175e-05 1.383909e-03
97 2.488609e-04 1.009192e-02
98 8.206088e-06 1.529202e-03
99 1.835779e-05 1.348980e-03
100 1.074063e-03 2.326677e-02
101 3.185276e-05 2.780669e-03
102 1.748667e-04 1.087346e-02
103 4.195118e-04 1.985667e-02
104 2.141434e-04 5.978558e-03
105 1.804941e-04 4.145569e-03
106 1.358569e-04 6.301132e-03
107 1.708024e-05 2.377514e-03
108 2.957433e-04 9.201051e-03
109 3.874568e-05 4.069123e-03
110 1.262243e-04 5.244662e-03
111 2.258678e-03 2.561954e-02
112 5.555014e-04 1.286955e-02
113 1.393942e-03 3.220886e-02
114 9.956564e-04 1.756853e-02
115 5.007380e-04 1.181767e-02
116 5.043740e-04 1.026644e-02
117 5.009945e-04 1.244849e-02
118 1.900050e-04 1.041769e-02
119 2.717976e-05 4.232521e-03
120 3.883259e-05 3.365926e-03
121 8.843767e-05 6.762914e-03
122 1.409226e-05 1.448280e-03
123 6.515225e-05 3.633811e-03
124 1.286119e-04 4.595095e-03
125 3.898593e-05 3.565017e-03
126 4.563507e-05 4.390020e-03
127 1.591393e-04 6.513474e-03
128 8.116573e-05 4.912359e-03
129 3.898593e-05 3.565017e-03
130 2.323672e-05 3.324923e-03
131 7.706001e-05 4.554982e-03
132 3.898593e-05 3.565017e-03
133 1.263479e-04 4.640079e-03
134 5.150723e-04 9.730512e-03
135 3.628558e-05 3.071603e-03
136 2.027479e-05 2.682405e-03
137 1.289556e-04 5.372132e-03
138 1.573796e-04 6.660192e-03
139 5.346431e-05 5.744903e-03
140 4.542209e-05 4.280482e-03
141 1.997175e-05 2.597486e-03
142 1.997175e-05 2.597486e-03
143 8.051120e-05 4.764011e-03
144 9.380274e-05 5.946594e-03
145 2.730720e-05 4.341834e-03
146 4.611131e-05 4.473614e-03
147 4.187018e-05 3.505432e-03
148 9.522608e-05 6.345439e-03
149 3.883259e-05 3.365926e-03
150 3.883259e-05 3.365926e-03
151 8.051120e-05 4.764011e-03
152 3.420315e-05 2.838936e-03
153 1.997175e-05 2.597486e-03
154 3.574323e-05 2.919625e-03
155 2.027479e-05 2.682405e-03
156 2.027479e-05 2.682405e-03
157 3.628558e-05 3.071603e-03
158 2.027479e-05 2.682405e-03
159 5.834467e-05 3.147550e-03
160 9.811315e-05 3.741007e-03
161 1.922684e-05 2.844207e-03
162 1.922684e-05 2.844207e-03
163 1.922684e-05 2.844207e-03
164 8.475756e-06 1.554071e-03
165 8.475756e-06 1.554071e-03
166 8.475756e-06 1.554071e-03
167 1.150499e-05 2.814405e-03
168 1.922684e-05 2.844207e-03
169 3.664259e-05 3.648866e-03
170 8.475756e-06 1.554071e-03
171 5.314221e-05 2.302383e-03
172 1.922684e-05 2.844207e-03
173 5.071739e-06 1.540934e-03
174 1.150499e-05 2.814405e-03
175 1.150499e-05 2.814405e-03
176 1.150499e-05 2.814405e-03
177 5.071739e-06 1.540934e-03
178 1.013079e-05 1.955109e-03
179 5.071739e-06 1.540934e-03
180 1.150499e-05 2.814405e-03
181 5.797672e-06 2.028207e-03
182 2.046569e-05 3.066796e-03
183 4.465952e-06 1.162131e-03
184 5.071739e-06 1.540934e-03
185 4.465952e-06 1.162131e-03
186 1.693031e-05 1.981351e-03
187 9.860371e-06 1.806604e-03
188 5.071739e-06 1.540934e-03
189 2.510579e-06 1.107055e-03
190 4.465952e-06 1.162131e-03
191 1.297144e-04 7.171347e-03
192 5.214439e-05 2.637176e-03
193 1.175122e-04 6.084483e-03
194 2.090370e-04 7.609678e-03
195 3.402153e-05 3.599232e-03
196 6.571073e-05 5.005078e-03
197 6.571073e-05 5.005078e-03
198 3.402153e-05 3.599232e-03
199 1.375000e-04 6.814130e-03
200 1.175525e-04 5.198839e-03
201 1.034761e-04 4.203897e-03
202 2.862645e-04 1.118837e-02
203 5.214439e-05 2.637176e-03
204 4.970218e-05 2.622739e-03
205 1.034761e-04 4.203897e-03
206 5.214439e-05 2.637176e-03
207 1.034761e-04 4.203897e-03
208 5.214439e-05 2.637176e-03
209 1.034761e-04 4.203897e-03
210 4.970218e-05 2.622739e-03
211 2.504626e-05 1.840389e-03
212 1.034761e-04 4.203897e-03
213 2.504626e-05 1.840389e-03
214 5.201516e-05 2.948277e-03
215 4.970218e-05 2.622739e-03
216 5.214439e-05 2.637176e-03
217 1.288269e-05 1.515902e-03
218 2.461455e-04 1.032516e-02
219 1.004057e-04 4.415506e-03
220 4.970218e-05 2.622739e-03
221 4.970218e-05 2.622739e-03
222 1.438376e-04 3.735889e-03
223 1.330526e-04 6.316502e-03
224 2.526113e-05 2.574726e-03
225 9.749649e-05 3.984980e-03
226 4.664582e-05 2.592854e-03
227 4.683000e-05 2.815900e-03
228 5.259173e-05 3.482874e-03
229 1.062430e-04 5.562404e-03
230 5.972557e-05 4.583369e-03
231 5.972557e-05 4.583369e-03
232 3.559814e-05 4.142794e-03
233 9.460349e-05 4.215019e-03
234 5.103119e-05 3.727812e-03
235 2.096623e-05 4.139403e-03
236 3.025004e-05 3.446287e-03
237 1.700536e-05 3.099295e-03
238 3.540386e-05 4.253880e-03
239 3.117510e-05 3.192740e-03
240 1.643933e-05 2.488569e-03
241 2.868769e-05 3.257557e-03
242 3.025004e-05 3.446287e-03
243 1.013568e-05 2.951609e-03
244 5.779354e-05 3.490377e-03
245 3.022076e-05 3.562804e-03
246 2.868769e-05 3.257557e-03
247 5.103119e-05 3.727812e-03
248 1.497418e-05 2.435367e-03
249 3.729585e-05 4.772653e-03
250 3.117510e-05 3.192740e-03
251 1.497418e-05 2.435367e-03
252 5.972557e-05 4.583369e-03
253 1.709868e-05 3.045938e-03
254 3.540386e-05 4.253880e-03
255 6.297828e-05 4.976292e-03
256 1.497418e-05 2.435367e-03
257 1.700536e-05 3.099295e-03
258 2.869411e-05 2.205282e-03
259 2.869411e-05 2.205282e-03
260 5.925719e-05 3.332418e-03
261 2.869411e-05 2.205282e-03
262 2.869411e-05 2.205282e-03
263 2.869411e-05 2.205282e-03
264 6.560314e-05 4.583202e-03
265 3.305917e-05 3.029173e-03
266 5.956922e-05 3.675821e-03
267 2.744679e-04 1.267130e-02
268 1.358653e-04 6.797922e-03
269 1.358653e-04 6.797922e-03
270 2.884520e-05 2.423060e-03
271 2.869411e-05 2.205282e-03
272 5.312775e-05 3.039324e-03
273 2.884520e-05 2.423060e-03
274 2.884520e-05 2.423060e-03
275 6.525951e-05 4.087905e-03
276 1.358653e-04 6.797922e-03
277 2.869411e-05 2.205282e-03
278 1.453587e-05 1.739765e-03
279 6.525951e-05 4.087905e-03
280 5.694103e-05 3.346838e-03
281 6.525951e-05 4.087905e-03
282 1.162217e-04 4.959499e-03
283 1.453587e-05 1.739765e-03
284 2.869411e-05 2.205282e-03
285 6.248244e-05 3.897826e-03
286 5.312775e-05 3.039324e-03
287 2.869411e-05 2.205282e-03
288 1.175909e-04 5.583546e-03
289 1.054275e-04 5.001925e-03
290 1.054275e-04 5.001925e-03
291 2.884520e-05 2.423060e-03
292 2.884520e-05 2.423060e-03
293 1.102937e-04 5.469329e-03
294 5.340750e-05 3.291531e-03
295 1.614866e-04 7.849037e-03
296 5.046481e-04 1.189736e-02
297 2.733159e-04 1.189584e-02
298 9.786999e-05 4.014935e-03
299 2.840521e-05 2.143113e-03
300 5.289076e-05 3.074854e-03
301 2.078030e-04 6.079515e-03
302 5.289076e-05 3.074854e-03
303 2.679341e-05 2.512969e-03
304 2.359311e-05 1.795116e-03
305 1.596964e-05 2.410301e-03
306 1.596964e-05 2.410301e-03
307 1.596964e-05 2.410301e-03
308 1.596964e-05 2.410301e-03
309 3.980108e-05 1.912509e-03
310 1.596964e-05 2.410301e-03
311 1.596964e-05 2.410301e-03
312 1.406216e-05 1.704711e-03
313 9.739935e-06 2.396128e-03
314 9.739935e-06 2.396128e-03
315 1.634139e-05 2.489188e-03
316 2.679341e-05 2.512969e-03
317 4.908213e-06 1.817425e-03
318 8.047526e-06 1.824568e-03
319 1.406216e-05 1.704711e-03
320 9.739935e-06 2.396128e-03
321 7.039886e-06 1.362793e-03
322 4.247640e-04 2.385010e-02
323 2.965534e-04 1.249798e-02
324 1.494412e-04 7.874850e-03
325 8.000599e-05 5.978468e-03
326 2.997932e-05 2.390413e-03
327 1.969835e-04 4.938848e-03
328 1.930449e-04 4.832422e-03
329 5.601536e-04 1.674023e-02
330 2.842236e-04 1.087269e-02
331 2.851937e-04 1.091161e-02
332 1.032463e-03 2.307834e-02
333 3.755241e-05 3.144866e-03
334 6.758966e-05 4.216553e-03
335 9.646284e-05 3.581430e-03
336 1.253975e-04 5.513142e-03
337 2.483079e-04 8.440655e-03
338 1.003901e-04 8.159584e-03
339 2.062652e-04 6.677833e-03
340 2.907067e-05 2.402826e-03
341 1.687148e-05 2.272449e-03
342 1.026190e-04 4.306543e-03
343 2.507250e-04 9.154764e-03
344 2.718869e-05 2.395105e-03
345 3.837110e-05 4.240665e-03
346 9.283068e-06 2.084237e-03
347 1.687148e-05 2.272449e-03
348 5.955605e-05 3.894271e-03
349 5.955605e-05 3.894271e-03
350 3.001188e-05 2.572380e-03
351 1.721570e-05 2.311334e-03
352 8.546756e-06 1.933546e-03
353 3.001188e-05 2.572380e-03
354 3.001188e-05 2.572380e-03
355 3.001188e-05 2.572380e-03
356 9.626710e-06 2.084637e-03
357 5.955605e-05 3.894271e-03
358 5.955605e-05 3.894271e-03
359 3.398214e-05 3.265996e-03
360 5.955605e-05 3.894271e-03
361 2.655312e-04 1.143968e-02
362 1.520343e-05 2.085485e-03
363 3.062421e-05 2.617384e-03
364 8.546756e-06 1.933546e-03
365 1.354494e-04 7.929204e-03
366 3.016991e-05 2.928069e-03
367 6.825655e-05 4.922803e-03
368 5.955605e-05 3.894271e-03
369 4.723410e-04 1.488602e-02
370 9.086875e-05 7.926790e-03
371 2.757336e-04 1.054143e-02
372 1.905938e-03 3.108033e-02
373 3.059030e-03 4.378788e-02
374 3.582720e-03 5.079488e-02
375 2.434704e-04 7.029777e-03
376 5.449244e-04 1.786754e-02
377 6.761530e-05 6.070751e-03
378 1.209182e-04 7.788837e-03
379 6.646407e-05 5.344103e-03
380 3.465882e-05 3.413685e-03
381 1.139712e-05 1.206754e-03
382 5.682674e-05 3.464122e-03
383 1.139712e-05 1.206754e-03
384 4.239001e-05 2.093958e-03
385 2.244446e-05 4.130451e-03
386 6.214104e-05 4.280618e-03
387 1.506192e-04 8.996265e-03
388 9.734824e-06 2.151653e-03
389 2.046015e-05 3.713447e-03
390 5.289651e-05 3.258037e-03
391 2.982982e-04 1.195409e-02
392 1.087610e-04 4.282370e-03
393 5.369927e-05 7.052626e-03
394 1.731339e-05 2.311800e-03
395 4.434798e-05 5.132324e-03
396 5.108670e-04 1.260159e-02
397 7.991963e-05 5.454279e-03
398 4.653663e-05 5.239940e-03
399 2.357454e-05 4.341313e-03
400 4.762403e-05 6.778328e-03
401 4.137814e-05 4.359117e-03
402 4.137814e-05 4.359117e-03
403 2.357454e-05 4.341313e-03
404 4.137814e-05 4.359117e-03
405 4.137814e-05 4.359117e-03
406 2.357454e-05 4.341313e-03
407 2.085155e-05 3.412629e-03
408 1.410658e-05 4.304772e-03
409 2.938658e-04 1.086360e-02
410 1.442945e-04 6.082367e-03
411 1.468926e-04 6.656529e-03
412 1.400647e-04 6.321989e-03
413 1.410658e-05 4.304772e-03
414 4.137814e-05 4.359117e-03
415 2.085155e-05 3.412629e-03
416 4.137814e-05 4.359117e-03
417 4.137814e-05 4.359117e-03
418 4.972304e-04 1.147277e-02
419 9.867118e-04 1.985293e-02
420 4.972304e-04 1.147277e-02
421 4.339350e-05 4.731799e-03
422 1.497596e-04 6.726088e-03
423 5.108670e-04 1.260159e-02
424 1.683160e-03 2.514415e-02
425 3.025364e-04 1.159592e-02
426 1.497596e-04 6.726088e-03
427 5.108670e-04 1.260159e-02
428 2.528861e-04 7.223904e-03
429 2.528861e-04 7.223904e-03
430 2.528861e-04 7.223904e-03
431 4.884356e-04 1.081342e-02
432 1.497596e-04 6.726088e-03
433 1.497596e-04 6.726088e-03
434 2.528861e-04 7.223904e-03
435 2.892524e-04 9.851914e-03
436 4.884356e-04 1.081342e-02
437 2.528861e-04 7.223904e-03
438 2.528861e-04 7.223904e-03
439 8.331869e-04 1.343264e-02
440 2.528861e-04 7.223904e-03
441 2.528861e-04 7.223904e-03
442 4.499960e-04 2.572205e-02
443 2.129507e-04 1.557127e-02
444 2.351860e-03 3.850596e-02
445 1.390650e-03 1.769729e-02
446 1.128290e-06 8.988539e-04
447 4.324500e-06 1.180080e-03
448 1.128290e-06 8.988539e-04
449 1.128290e-06 8.988539e-04
450 2.179231e-06 9.722925e-04
451 1.281445e-05 1.491066e-03
452 4.324500e-06 1.180080e-03
453 3.780801e-06 1.046246e-03
454 4.324500e-06 1.180080e-03
455 4.324500e-06 1.180080e-03
456 3.656254e-06 9.996025e-04
457 1.905246e-06 9.048501e-04
458 4.324500e-06 1.180080e-03
459 1.642995e-04 9.857817e-03
460 1.157667e-05 2.454509e-03
461 2.238997e-06 1.034347e-03
462 1.942302e-05 2.599587e-03
463 3.756527e-06 1.062406e-03
464 7.255527e-06 1.234274e-03
465 6.343323e-06 1.082370e-03
466 1.225178e-05 1.272833e-03
467 3.780801e-06 1.046246e-03
468 3.756527e-06 1.062406e-03
469 7.255527e-06 1.234274e-03
470 3.020430e-06 1.701668e-03
471 4.324500e-06 1.180080e-03
472 3.756527e-06 1.062406e-03
473 7.255527e-06 1.234274e-03
474 2.238997e-06 1.034347e-03
475 7.255527e-06 1.234274e-03
476 2.301886e-06 1.346468e-03
477 9.868284e-06 2.255569e-03
478 2.667041e-05 2.221494e-03
479 4.221487e-06 1.429394e-03
480 9.471760e-06 1.873350e-03
481 8.434984e-06 1.579385e-03
482 5.201272e-06 1.997206e-03
483 5.201272e-06 1.997206e-03
484 4.972892e-06 1.655362e-03
485 4.972892e-06 1.655362e-03
486 3.007255e-05 7.981970e-03
487 2.574699e-06 1.425647e-03
488 4.791778e-05 5.818981e-03
489 2.323203e-04 1.032335e-02
490 2.414705e-05 4.148294e-03
491 4.476469e-05 4.355425e-03
492 2.414705e-05 4.148294e-03
493 2.414705e-05 4.148294e-03
494 4.470878e-05 5.169047e-03
495 2.314783e-05 4.036274e-03
496 9.043126e-05 6.806836e-03
497 9.759621e-05 7.627920e-03
498 2.414705e-05 4.148294e-03
499 4.470878e-05 5.169047e-03
500 2.414705e-05 4.148294e-03
501 4.791778e-05 5.818981e-03
502 4.081336e-04 2.209019e-02
503 2.414705e-05 4.148294e-03
504 2.414705e-05 4.148294e-03
505 2.414705e-05 4.148294e-03
506 8.668917e-05 6.563226e-03
507 4.676203e-05 6.162105e-03
508 4.470878e-05 5.169047e-03
509 4.470878e-05 5.169047e-03
510 4.878059e-05 6.388400e-03
511 2.314783e-05 4.036274e-03
512 4.470878e-05 5.169047e-03
513 2.314783e-05 4.036274e-03
514 1.156705e-03 2.799985e-02
515 7.157892e-05 4.602531e-03
516 7.157892e-05 4.602531e-03
517 1.382508e-04 6.637963e-03
518 4.047824e-05 4.485641e-03
519 1.382508e-04 6.637963e-03
520 2.459278e-04 8.279733e-03
521 1.382508e-04 6.637963e-03
522 1.382508e-04 6.637963e-03
523 1.382508e-04 6.637963e-03
524 1.273284e-04 5.452553e-03
525 7.157892e-05 4.602531e-03
526 1.382508e-04 6.637963e-03
527 7.157892e-05 4.602531e-03
528 6.876961e-05 4.113762e-03
529 1.382508e-04 6.637963e-03
530 4.266307e-05 4.233446e-03
531 7.157892e-05 4.602531e-03
532 1.564039e-04 7.728976e-03
533 1.627932e-04 8.840592e-03
534 8.792402e-05 6.684851e-03
535 8.792402e-05 6.684851e-03
536 3.213572e-04 1.301381e-02
537 3.213572e-04 1.301381e-02
538 1.627932e-04 8.840592e-03
539 1.698204e-04 9.306113e-03
540 3.213572e-04 1.301381e-02
541 3.213572e-04 1.301381e-02
542 5.593180e-04 1.720372e-02
543 1.627932e-04 8.840592e-03
544 7.157892e-05 4.602531e-03
545 4.509913e-05 2.332518e-03
546 2.272666e-05 1.694139e-03
547 1.503102e-05 1.822191e-03
548 2.688037e-05 2.075688e-03
549 4.258098e-06 1.375935e-03
550 4.509913e-05 2.332518e-03
551 1.354573e-05 1.564715e-03
552 1.826162e-04 6.407511e-03
553 1.224550e-04 5.049428e-03
554 2.521862e-05 1.965806e-03
555 4.509913e-05 2.332518e-03
556 7.574531e-06 1.436972e-03
557 1.503102e-05 1.822191e-03
558 2.670779e-05 2.190581e-03
559 1.503102e-05 1.822191e-03
560 1.503102e-05 1.822191e-03
561 1.503102e-05 1.822191e-03
562 1.503102e-05 1.822191e-03
563 5.306241e-05 2.738306e-03
564 1.503102e-05 1.822191e-03
565 5.864808e-05 3.761451e-03
566 1.503102e-05 1.822191e-03
567 4.978210e-05 2.521396e-03
568 4.978210e-05 2.521396e-03
569 4.978210e-05 2.521396e-03
570 4.978210e-05 2.521396e-03
571 2.521862e-05 1.965806e-03
572 4.978210e-05 2.521396e-03
573 2.521862e-05 1.965806e-03
574 4.978210e-05 2.521396e-03
575 2.521862e-05 1.965806e-03
576 4.978210e-05 2.521396e-03
577 2.521862e-05 1.965806e-03
578 9.839813e-05 4.321807e-03
579 7.173544e-04 1.749221e-02
580 4.978210e-05 2.521396e-03
581 2.521862e-05 1.965806e-03
582 4.978210e-05 2.521396e-03
583 5.094533e-05 3.088405e-03
584 2.521862e-05 1.965806e-03
585 4.978210e-05 2.521396e-03
586 7.013832e-05 5.100915e-03
587 8.400374e-05 7.299769e-03
588 3.473150e-05 3.576872e-03
589 7.574531e-06 1.436972e-03
590 9.767780e-04 2.193198e-02
591 4.978210e-05 2.521396e-03
592 1.591860e-05 1.991090e-03
593 2.116691e-04 6.999903e-03
594 4.978210e-05 2.521396e-03
595 4.158298e-05 4.599433e-03
596 3.075150e-03 4.748128e-02
597 8.576561e-06 1.692230e-03
598 5.079055e-06 1.665238e-03
599 8.576561e-06 1.692230e-03
600 8.576561e-06 1.692230e-03
601 1.645881e-05 2.118763e-03
602 1.656516e-05 2.047960e-03
603 1.732591e-05 2.535742e-03
604 8.576561e-06 1.692230e-03
605 8.576561e-06 1.692230e-03
606 8.576561e-06 1.692230e-03
607 5.079055e-06 1.665238e-03
608 8.576561e-06 1.692230e-03
609 1.402140e-04 6.053692e-03
610 5.339350e-05 2.932242e-03
611 5.881640e-04 2.242035e-02
612 2.653111e-04 9.302492e-03
613 9.831381e-05 9.319844e-03
614 1.812604e-04 1.275548e-02
615 1.336973e-04 5.903728e-03
616 2.145370e-05 3.052104e-03
617 1.430698e-04 6.968727e-03
618 6.180833e-05 3.595334e-03
619 6.411660e-05 3.594819e-03
620 6.723945e-05 4.273163e-03
621 2.060759e-04 6.129254e-03
622 1.123688e-04 4.391813e-03
623 7.750540e-05 5.651785e-03
624 6.723945e-05 4.273163e-03
625 3.836622e-05 3.527118e-03
626 3.045125e-04 1.497239e-02
627 3.836622e-05 3.527118e-03
628 1.454936e-04 5.862423e-03
629 2.485518e-04 7.796665e-03
630 1.331387e-04 5.575043e-03
631 4.084349e-05 4.817005e-03
632 1.642366e-04 1.224588e-02
633 2.434388e-05 4.349908e-03
634 2.391329e-05 3.887757e-03
635 4.085235e-05 3.557742e-03
636 2.434388e-05 4.349908e-03
637 4.701887e-05 6.090153e-03
638 4.701887e-05 6.090153e-03
639 9.457853e-05 7.582337e-03
640 2.155031e-05 3.143254e-03
641 2.434388e-05 4.349908e-03
642 4.276478e-05 4.809587e-03
643 2.952980e-04 9.065106e-03
644 2.391329e-05 3.887757e-03
645 1.525535e-04 6.363315e-03
646 1.796350e-04 8.582606e-03
647 5.217975e-05 5.587975e-03
648 4.313832e-04 9.690653e-03
649 4.506762e-05 4.082116e-03
650 4.506762e-05 4.082116e-03
651 4.506762e-05 4.082116e-03
652 7.898412e-05 4.654602e-03
653 1.892344e-03 4.473206e-02
654 7.078611e-04 3.040686e-02
655 3.127610e-05 2.383227e-03
656 2.512443e-04 8.852955e-03
657 3.066231e-03 7.388970e-02
658 7.379902e-05 5.267019e-03
659 9.964352e-05 7.878502e-03
660 5.962488e-05 7.773289e-03
661 9.801605e-05 7.973187e-03
662 5.696742e-04 1.617889e-02
663 7.202240e-05 4.462694e-03
664 9.403164e-05 7.988962e-03
665 5.962488e-05 7.773289e-03
666 1.699197e-04 1.007933e-02
667 7.471240e-05 5.312699e-03
668 4.309691e-05 4.386646e-03
669 1.183205e-04 1.190982e-02
670 1.586294e-04 8.782316e-03
671 1.699197e-04 1.007933e-02
672 4.601458e-05 5.110450e-03
673 5.635052e-04 1.708096e-02
674 2.380225e-05 4.489194e-03
675 3.699884e-04 1.000251e-02
676 1.248574e-04 5.444536e-03
677 4.318560e-04 8.613855e-03
678 9.580748e-05 3.262859e-03
679 4.673717e-04 1.143049e-02
680 3.095064e-05 2.498693e-03
681 1.044899e-04 4.326875e-03
682 2.302987e-03 4.286731e-02
683 1.617818e-04 3.581333e-03
684 2.588627e-04 1.062355e-02
685 8.971224e-05 3.321668e-03
686 8.729812e-04 1.532920e-02
687 2.948105e-05 2.364720e-03
688 9.580748e-05 3.262859e-03
689 9.325008e-05 3.079446e-03
690 5.174528e-05 2.386985e-03
691 1.850469e-04 5.081544e-03
692 8.152618e-05 2.323450e-03
693 5.174528e-05 2.386985e-03
694 4.870840e-05 2.576356e-03
695 7.058233e-05 4.401773e-03
696 4.972304e-04 1.147277e-02
697 1.022121e-03 2.344059e-02
698 8.773080e-04 2.445203e-02
699 2.549686e-04 7.560066e-03
700 1.431522e-04 6.161922e-03
701 7.213821e-05 4.321111e-03
702 1.400647e-04 6.321989e-03
703 3.654379e-05 3.639020e-03
704 2.944607e-04 1.049395e-02
705 3.654379e-05 3.639020e-03
706 7.058233e-05 4.401773e-03
707 3.654379e-05 3.639020e-03
708 7.729939e-04 2.151645e-02
709 1.690495e-04 1.024434e-02
710 1.803476e-04 1.042907e-02
711 3.578846e-04 1.717999e-02
712 6.795738e-05 5.153482e-03
713 1.690495e-04 1.024434e-02
714 9.327865e-05 7.649433e-03
715 4.700560e-05 5.070707e-03
716 1.069057e-04 9.528960e-03
717 3.276453e-04 1.270693e-02
718 7.855452e-05 5.153653e-03
719 9.078876e-05 6.957648e-03
720 1.803476e-04 1.042907e-02
721 4.700560e-05 5.070707e-03
722 1.517238e-04 7.117853e-03
723 1.690495e-04 1.024434e-02
724 4.700560e-05 5.070707e-03
725 4.700560e-05 5.070707e-03
726 9.078876e-05 6.957648e-03
727 1.148628e-03 2.474895e-02
728 5.606194e-05 8.822225e-03
729 5.415630e-05 7.532705e-03
730 9.495823e-05 8.251812e-03
731 2.381211e-05 4.192969e-03
732 2.381211e-05 4.192969e-03
733 4.700560e-05 5.070707e-03
734 5.415630e-05 7.532705e-03
735 4.061935e-05 4.480183e-03
736 1.750349e-04 1.050071e-02
737 3.744033e-04 1.970478e-02
738 1.834066e-04 1.206371e-02
739 4.700560e-05 5.070707e-03
740 4.700560e-05 5.070707e-03
741 2.381211e-05 4.192969e-03
742 5.223038e-05 7.659612e-03
743 4.700560e-05 5.070707e-03
744 7.855452e-05 5.153653e-03
745 1.031039e-04 1.013048e-02
746 4.700560e-05 5.070707e-03
747 4.700560e-05 5.070707e-03
748 2.742524e-05 5.017340e-03
749 1.868746e-04 1.232745e-02
750 2.047691e-04 6.114619e-03
751 1.108316e-04 5.013623e-03
752 1.108316e-04 5.013623e-03
753 8.453660e-04 1.408568e-02
754 8.618004e-05 2.971329e-03
755 1.013635e-04 3.463822e-03
756 1.915131e-04 5.705380e-03
757 2.466607e-04 6.771041e-03
758 5.614507e-05 3.574102e-03
759 4.908322e-05 2.320404e-03
760 3.183993e-04 6.488369e-03
761 6.432133e-04 1.222465e-02
762 2.428273e-05 4.858198e-03
763 2.428273e-05 4.858198e-03
764 4.262117e-05 4.876537e-03
765 3.873612e-03 5.031287e-02
766 3.758671e-03 5.133566e-02
767 3.845798e-04 1.335857e-02
768 7.356359e-04 3.835246e-02
769 1.014590e-04 4.543105e-03
770 4.461076e-05 2.405430e-03
771 4.461076e-05 2.405430e-03
772 1.935179e-05 3.545216e-03
773 1.248838e-04 6.156361e-03
774 1.935179e-05 3.545216e-03
775 3.840199e-05 5.195499e-03
776 3.460732e-05 3.932795e-03
777 1.014590e-04 4.543105e-03
778 7.258577e-05 6.199604e-03
779 6.531205e-05 4.596788e-03
780 1.935179e-05 3.545216e-03
781 3.172927e-05 3.573378e-03
782 8.508833e-06 1.966666e-03
783 1.704034e-05 2.417700e-03
784 1.014590e-04 4.543105e-03
785 2.855892e-05 2.616547e-03
786 4.683433e-05 2.709760e-03
787 4.957900e-05 2.989195e-03
788 4.919162e-05 3.203182e-03
789 4.919162e-05 3.203182e-03
790 8.807011e-05 3.541461e-03
791 1.267262e-05 1.458844e-03
792 5.089956e-05 3.449917e-03
793 5.122846e-05 3.269734e-03
794 1.233367e-03 2.058088e-02
795 2.161509e-05 1.934446e-03
796 1.415967e-05 2.402540e-03
797 1.409235e-04 3.845496e-03
798 4.205526e-05 2.385784e-03
799 1.427025e-04 4.849616e-03
800 4.366566e-05 3.025054e-03
801 8.076111e-05 3.617717e-03
802 2.454708e-05 2.703400e-03
803 2.503766e-04 4.962685e-03
804 4.501751e-05 3.232103e-03
805 5.197474e-05 4.263324e-03
806 6.281576e-04 2.083008e-02
807 2.791459e-05 2.464180e-03
808 1.439160e-05 1.928500e-03
809 1.409235e-04 3.845496e-03
810 4.639684e-06 1.823936e-03
811 5.960285e-05 5.029795e-03
812 9.128079e-06 2.550394e-03
813 4.896241e-04 1.336665e-02
814 8.433997e-05 7.041572e-03
815 8.433997e-05 7.041572e-03
816 2.678552e-04 7.879649e-03
817 1.649493e-04 8.094070e-03
818 1.322334e-04 6.625041e-03
819 1.322334e-04 6.625041e-03
820 1.727038e-04 1.111751e-02
821 2.813835e-04 1.110164e-02
822 2.873016e-04 1.602749e-02
823 7.948136e-04 4.389809e-02
824 2.208895e-03 7.989883e-02
825 1.645071e-03 6.424223e-02
826 1.118673e-03 3.221266e-02
827 7.135476e-04 3.901129e-02
828 1.821766e-03 9.186151e-02
829 3.270855e-03 3.909888e-02
830 6.128495e-05 4.355061e-03
831 5.069818e-05 2.951222e-03
832 2.552051e-05 4.146752e-03
833 4.544037e-05 7.006014e-03
834 3.002355e-05 2.826214e-03
835 3.918436e-05 4.847325e-03
836 3.276641e-05 3.232239e-03
837 9.387765e-05 4.141474e-03
838 3.174459e-05 3.334381e-03
839 5.204856e-05 3.380577e-03
840 1.279497e-04 9.245055e-03
841 5.204856e-05 3.380577e-03
842 1.037831e-04 5.585086e-03
843 1.539222e-04 4.278087e-03
844 1.737105e-04 5.284020e-03
845 1.005289e-04 4.735435e-03
846 3.035699e-04 7.427367e-03
847 5.204856e-05 3.380577e-03
848 1.005289e-04 4.735435e-03
849 1.775505e-04 5.793541e-03
850 5.259173e-05 3.482874e-03
851 5.015258e-04 8.175016e-03
852 5.275162e-05 3.610692e-03
853 8.788991e-05 3.597290e-03
854 5.306431e-05 3.175669e-03
855 5.259173e-05 3.482874e-03
856 7.857457e-06 1.384984e-03
857 1.156274e-05 1.102615e-03
858 9.242830e-06 1.833351e-03
859 7.857457e-06 1.384984e-03
860 2.610893e-04 1.001705e-02
861 5.998867e-05 3.821948e-03
862 7.857457e-06 1.384984e-03
863 4.657709e-06 1.341711e-03
864 4.547230e-06 1.346128e-03
865 4.794876e-06 1.377811e-03
866 1.497669e-05 1.723242e-03
867 4.657709e-06 1.341711e-03
868 2.695487e-06 1.318678e-03
869 4.990752e-06 1.523349e-03
870 7.857457e-06 1.384984e-03
871 4.657709e-06 1.341711e-03
872 1.517625e-05 1.712454e-03
873 4.657709e-06 1.341711e-03
874 7.921582e-06 1.224274e-03
875 9.782204e-05 2.440401e-02
876 4.794876e-06 1.377811e-03
877 4.547230e-06 1.346128e-03
878 8.877815e-06 1.632833e-03
879 2.695487e-06 1.318678e-03
880 2.695487e-06 1.318678e-03
881 4.657709e-06 1.341711e-03
882 1.512343e-05 1.455241e-03
883 1.238952e-05 1.216504e-03
884 4.657709e-06 1.341711e-03
885 7.599210e-06 1.357907e-03
886 4.393737e-05 1.918182e-03
887 1.540489e-05 1.590973e-03
888 1.150533e-04 5.257906e-03
889 1.166287e-04 4.639288e-03
890 1.097598e-04 4.091391e-03
891 4.488053e-04 9.761443e-03
892 1.384977e-04 5.354671e-03
893 5.222386e-05 2.182158e-03
894 1.540489e-05 1.590973e-03
895 4.785424e-05 2.346167e-03
896 9.390709e-05 3.677969e-03
897 1.510586e-04 8.336487e-03
898 8.263803e-05 6.105514e-03
899 4.864551e-04 9.729175e-03
900 2.584591e-05 1.738160e-03
901 2.534784e-05 1.730792e-03
902 7.792305e-05 2.210518e-03
903 9.546994e-05 3.018801e-03
904 1.483649e-03 2.009783e-02
905 1.778214e-04 3.704255e-03
906 5.872233e-04 7.548199e-03
907 9.434355e-04 2.212461e-02
908 1.491860e-05 1.920826e-03
909 2.493156e-05 1.959470e-03
910 7.665943e-06 1.366538e-03
911 8.605605e-06 1.696297e-03
912 1.924094e-05 1.217878e-03
913 3.783818e-06 1.093885e-03
914 2.282250e-05 1.604270e-03
915 8.843381e-06 1.830768e-03
916 1.744206e-04 4.200195e-03
917 8.843381e-06 1.830768e-03
918 2.008032e-05 1.350055e-03
919 4.374117e-06 1.286061e-03
920 8.448368e-06 1.484125e-03
921 5.747879e-06 9.627947e-04
922 6.745425e-06 1.190773e-03
923 3.446146e-04 7.636619e-03
924 6.732414e-05 3.758600e-03
925 1.923266e-06 9.135070e-04
926 5.312963e-05 2.815868e-03
927 6.207879e-06 1.010216e-03
928 1.239866e-05 1.345501e-03
929 1.662126e-05 2.085966e-03
930 1.228249e-05 1.289693e-03
931 1.459968e-05 1.790830e-03
932 4.374117e-06 1.286061e-03
933 6.041293e-06 1.023147e-03
934 3.184068e-05 1.261573e-03
935 1.143129e-05 1.170945e-03
936 6.243031e-06 1.013034e-03
937 1.743516e-05 1.051142e-03
938 7.420827e-06 1.334111e-03
939 8.448368e-06 1.484125e-03
940 1.767007e-05 1.142938e-03
941 3.430977e-05 1.588497e-03
942 4.374117e-06 1.286061e-03
943 6.125351e-06 9.716651e-04
944 1.605771e-05 9.941143e-04
945 2.017436e-05 1.163300e-03
946 3.343092e-05 1.218296e-03
947 3.347487e-04 1.247963e-02
948 5.514980e-05 5.578201e-03
949 9.153441e-05 6.200080e-03
950 5.477254e-05 6.103430e-03
951 1.157380e-04 1.106396e-02
952 3.022288e-05 6.753892e-03
953 8.124408e-05 5.792763e-03
954 1.103681e-05 2.642611e-03
955 1.614181e-04 8.514696e-03
956 1.103681e-05 2.642611e-03
957 5.178054e-05 6.435933e-03
958 2.781042e-05 5.251248e-03
959 3.936034e-04 2.072139e-02
960 1.174616e-04 1.258785e-02
961 5.178054e-05 6.435933e-03
962 1.022159e-04 8.311662e-03
963 3.585834e-05 3.011257e-03
964 1.174616e-04 1.258785e-02
965 2.503646e-05 4.670481e-03
966 4.695177e-04 2.887212e-02
967 2.318717e-04 1.684285e-02
968 1.934277e-05 2.855622e-03
969 1.100827e-04 3.718798e-03
970 1.022159e-04 8.311662e-03
971 1.103681e-05 2.642611e-03
972 2.954550e-05 5.865702e-03
973 5.477254e-05 6.103430e-03
974 2.046044e-05 2.731414e-03
975 2.824678e-05 4.924345e-03
976 2.666437e-04 9.806654e-03
977 4.226335e-05 1.829468e-03
978 4.451074e-05 1.982455e-03
979 2.843664e-05 2.209678e-03
980 7.093535e-06 1.102312e-03
981 2.156520e-05 3.085743e-03
982 4.797202e-05 2.413243e-03
983 1.507999e-05 1.865490e-03
984 2.976822e-05 2.339054e-03
985 1.781277e-05 2.292913e-03
986 1.781277e-05 2.292913e-03
987 4.004092e-06 1.050478e-03
988 1.500100e-05 1.596548e-03
989 4.198909e-05 3.673441e-03
990 1.781277e-05 2.292913e-03
991 4.015764e-05 3.569394e-03
992 9.023594e-06 1.842116e-03
993 1.507999e-05 1.865490e-03
994 1.507999e-05 1.865490e-03
995 9.023594e-06 1.842116e-03
996 2.976822e-05 2.339054e-03
997 2.046958e-05 3.497623e-03
998 1.781277e-05 2.292913e-03
999 1.568514e-05 1.635415e-03
1000 4.705507e-06 1.301834e-03
1001 4.705507e-06 1.301834e-03
1002 1.568514e-05 1.635415e-03
1003 7.863718e-06 1.314023e-03
1004 1.781277e-05 2.292913e-03
1005 1.781277e-05 2.292913e-03
1006 1.507999e-05 1.865490e-03
1007 2.976822e-05 2.339054e-03
1008 9.023594e-06 1.842116e-03
1009 2.696795e-05 2.094967e-03
1010 2.696795e-05 2.094967e-03
1011 2.696795e-05 2.094967e-03
1012 2.696795e-05 2.094967e-03
1013 1.507999e-05 1.865490e-03
1014 2.696795e-05 2.094967e-03
1015 1.507999e-05 1.865490e-03
1016 7.945783e-06 1.335232e-03
1017 7.599210e-06 1.357907e-03
1018 2.696795e-05 2.094967e-03
1019 4.797202e-05 2.413243e-03
1020 1.358987e-05 1.473547e-03
1021 1.568514e-05 1.635415e-03
1022 4.004092e-06 1.050478e-03
1023 7.945783e-06 1.335232e-03
1024 7.733686e-06 1.231787e-03
1025 1.475539e-05 1.737536e-03
1026 2.858969e-03 9.414250e-02
1027 1.857324e-04 1.247038e-02
1028 3.053214e-04 1.309307e-02
1029 2.076203e-04 1.343020e-02
1030 1.108222e-03 2.531005e-02
1031 1.778193e-03 2.908756e-02
1032 6.137712e-05 4.132905e-03
1033 2.735383e-04 8.937476e-03
1034 1.010459e-03 1.987392e-02
1035 3.009136e-05 2.576192e-03
1036 7.481746e-05 5.976480e-03
1037 1.648392e-04 8.165722e-03
1038 2.969132e-05 2.350939e-03
1039 1.210402e-04 5.167087e-03
1040 7.894754e-05 6.346059e-03
1041 1.238232e-04 1.729574e-02
1042 1.231862e-04 7.677315e-03
1043 1.231862e-04 7.677315e-03
1044 1.901836e-04 5.743776e-03
1045 6.431399e-05 4.020952e-03
1046 1.231862e-04 7.677315e-03
1047 1.857324e-04 1.247038e-02
1048 3.297692e-04 1.984759e-02
1049 4.788759e-05 6.390958e-03
1050 5.348134e-04 4.750819e-02
1051 5.366910e-04 3.803647e-02
1052 3.970826e-06 1.155679e-03
1053 8.790613e-06 1.666507e-03
1054 1.838121e-04 1.208348e-02
1055 7.519651e-06 1.439145e-03
1056 2.340402e-05 3.881377e-03
1057 1.474865e-05 1.817689e-03
1058 8.936475e-06 1.741364e-03
1059 3.306333e-06 9.808169e-04
1060 1.118039e-06 9.185195e-04
1061 2.238294e-05 1.557437e-03
1062 7.500254e-06 1.543808e-03
1063 3.148881e-05 2.745799e-03
1064 5.024248e-05 5.634990e-03
1065 5.024248e-05 5.634990e-03
1066 7.243297e-06 1.387281e-03
1067 4.406225e-06 1.368650e-03
1068 7.243297e-06 1.387281e-03
1069 7.243297e-06 1.387281e-03
1070 1.169274e-04 1.102414e-02
1071 2.603367e-05 4.158353e-03
1072 9.288508e-06 2.295652e-03
1073 5.370409e-05 6.376958e-03
1074 3.306333e-06 9.808169e-04
1075 9.255691e-05 9.081185e-03
1076 1.144680e-05 2.543787e-03
1077 3.064306e-05 5.601151e-03
1078 4.586261e-06 1.432471e-03
1079 6.929916e-05 4.191205e-03
1080 7.352068e-06 1.303033e-03
1081 7.352068e-06 1.303033e-03
1082 7.352068e-06 1.303033e-03
1083 7.352068e-06 1.303033e-03
1084 3.970826e-06 1.155679e-03
1085 3.345658e-05 3.442212e-03
1086 3.970826e-06 1.155679e-03
1087 6.342037e-06 1.219012e-03
1088 1.492357e-05 4.372628e-03
1089 3.970826e-06 1.155679e-03
1090 2.376070e-06 1.149525e-03
1091 3.970826e-06 1.155679e-03
1092 1.302605e-03 3.946564e-02
1093 6.130368e-04 1.029872e-02
1094 3.653874e-04 7.753486e-03
1095 1.284693e-05 1.330143e-03
1096 1.284693e-05 1.330143e-03
1097 4.889469e-05 2.661835e-03
1098 5.194521e-05 3.123882e-03
1099 7.219101e-05 2.305741e-03
1100 3.573552e-05 1.485645e-03
1101 3.573552e-05 1.485645e-03
1102 3.899011e-05 1.760777e-03
1103 3.573552e-05 1.485645e-03
1104 2.793645e-04 1.081084e-02
1105 1.284693e-05 1.330143e-03
1106 2.653064e-05 1.841630e-03
1107 4.451237e-05 2.138045e-03
1108 1.284693e-05 1.330143e-03
1109 2.155422e-05 1.473676e-03
1110 1.122079e-04 2.304235e-03
1111 4.889469e-05 2.661835e-03
1112 9.443743e-05 3.920698e-03
1113 9.202465e-05 3.661240e-03
1114 1.494402e-05 1.742063e-03
1115 1.552436e-04 4.320001e-03
1116 1.284693e-05 1.330143e-03
1117 2.111879e-05 1.384463e-03
1118 4.889469e-05 2.661835e-03
1119 9.443743e-05 3.920698e-03
1120 4.561533e-05 2.153463e-03
1121 1.081365e-04 2.055904e-03
1122 6.463633e-05 2.042911e-03
1123 3.827552e-05 1.388500e-03
1124 4.648519e-05 2.202438e-03
1125 2.718803e-05 1.893693e-03
1126 6.667713e-05 2.022737e-03
1127 3.974146e-05 1.673110e-03
1128 3.900541e-05 1.404557e-03
1129 2.316268e-05 1.758700e-03
1130 6.813364e-05 2.264851e-03
1131 1.966913e-04 4.377554e-03
1132 4.765625e-04 2.324785e-02
1133 2.499517e-04 8.209666e-03
1134 6.925750e-05 2.106070e-03
1135 7.470739e-06 1.170231e-03
1136 2.311292e-05 1.429979e-03
1137 4.928484e-05 2.293079e-03
1138 4.494857e-05 2.047053e-03
1139 5.256612e-05 2.460682e-03
1140 6.154131e-04 2.204257e-02
1141 1.084940e-04 4.515577e-03
1142 2.905036e-05 2.062880e-03
1143 4.900734e-05 2.270838e-03
1144 2.405972e-04 7.253752e-03
1145 8.987579e-05 2.972851e-03
1146 2.466204e-04 7.596050e-03
1147 4.261516e-04 9.135334e-03
1148 8.987579e-05 2.972851e-03
1149 5.256612e-05 2.460682e-03
1150 3.951770e-05 1.655176e-03
1151 3.921180e-05 1.606860e-03
1152 6.704301e-05 1.957601e-03
1153 3.921180e-05 1.606860e-03
1154 4.586564e-05 2.088319e-03
1155 2.311292e-05 1.429979e-03
1156 1.373623e-04 5.932395e-03
1157 4.483811e-04 9.142987e-03
1158 2.378856e-04 5.697533e-03
1159 8.897744e-04 1.661740e-02
1160 8.717617e-05 2.704960e-03
1161 8.886287e-05 2.391521e-03
1162 3.323778e-04 6.470670e-03
1163 2.378856e-04 5.697533e-03
1164 8.717617e-05 2.704960e-03
1165 9.093928e-05 2.848154e-03
1166 4.805640e-04 1.036681e-02
1167 1.260425e-04 4.820018e-03
1168 9.093928e-05 2.848154e-03
1169 3.323778e-04 6.470670e-03
1170 3.323778e-04 6.470670e-03
1171 8.717617e-05 2.704960e-03
1172 2.378856e-04 5.697533e-03
1173 4.912659e-04 9.976739e-03
1174 9.532641e-04 1.580436e-02
1175 4.028984e-04 1.022370e-02
1176 2.220625e-03 1.436453e-01
1177 2.828276e-05 2.265375e-03
1178 2.394677e-04 8.162623e-03
1179 1.173540e-04 1.331345e-02
1180 1.092965e-04 1.304846e-02
1181 5.316249e-05 7.645206e-03
1182 1.026422e-04 9.535087e-03
1183 1.762532e-04 5.613815e-03
1184 4.552726e-04 1.349481e-02
1185 3.802787e-04 1.153760e-02
1186 1.216306e-04 6.678725e-03
1187 6.020881e-05 3.689324e-03
1188 6.020881e-05 3.689324e-03
1189 2.306321e-04 8.413772e-03
1190 4.934228e-04 2.008825e-02
1191 1.365807e-04 7.687922e-03
1192 2.252017e-04 1.034078e-02
1193 3.802787e-04 1.153760e-02
1194 4.027342e-04 1.492705e-02
1195 2.175153e-04 9.155755e-03
1196 2.175153e-04 9.155755e-03
1197 1.188535e-04 5.617532e-03
1198 2.401015e-04 1.057399e-02
1199 1.216306e-04 6.678725e-03
1200 2.252017e-04 1.034078e-02
1201 3.322125e-04 9.396020e-03
1202 1.301572e-04 8.818604e-03
1203 2.347189e-04 1.203419e-02
1204 2.256394e-04 1.315557e-02
1205 8.411699e-05 3.191318e-03
1206 2.116718e-04 6.291010e-03
1207 1.950071e-05 3.117910e-03
1208 2.637013e-04 1.322364e-02
1209 6.607012e-05 4.523818e-03
1210 1.747486e-04 3.910365e-03
1211 3.454839e-05 1.579684e-03
1212 2.612979e-05 1.998319e-03
1213 4.085655e-05 4.835051e-03
1214 7.459323e-05 5.407050e-03
1215 3.386097e-04 1.453878e-02
1216 2.038139e-05 3.846445e-03
1217 1.629144e-03 2.001685e-02
1218 8.858957e-05 3.394988e-03
1219 5.788592e-06 9.987287e-04
1220 2.652683e-05 2.317990e-03
1221 1.122257e-05 1.436126e-03
1222 2.696132e-04 1.206197e-02
1223 1.368613e-05 1.588884e-03
1224 1.169381e-05 1.322099e-03
1225 8.063165e-05 2.898947e-03
1226 1.385811e-05 1.921135e-03
1227 8.385529e-04 4.009153e-02
1228 2.912746e-05 2.317263e-03
1229 6.955416e-06 1.042783e-03
1230 9.335973e-06 1.937462e-03
1231 4.745354e-06 1.365012e-03
1232 5.248310e-06 1.832150e-03
1233 9.294017e-06 1.979250e-03
1234 1.662074e-05 2.250720e-03
1235 1.553191e-05 2.003324e-03
1236 1.553191e-05 2.003324e-03
1237 9.294017e-06 1.979250e-03
1238 1.553191e-05 2.003324e-03
1239 9.294017e-06 1.979250e-03
1240 2.389917e-03 4.866513e-02
1241 4.099260e-05 1.715036e-03
1242 9.294017e-06 1.979250e-03
1243 2.521346e-05 1.923140e-03
1244 9.294017e-06 1.979250e-03
1245 1.553191e-05 2.003324e-03
1246 9.198027e-06 1.954442e-03
1247 1.223367e-04 4.701040e-03
1248 5.339405e-04 1.392169e-02
1249 1.399293e-04 6.120225e-03
1250 1.399293e-04 6.120225e-03
1251 2.117563e-04 5.531282e-03
1252 2.362866e-04 6.468813e-03
1253 2.362133e-04 5.098925e-03
1254 7.878257e-05 2.890542e-03
1255 6.180279e-04 1.301604e-02
1256 4.867962e-05 2.476670e-03
1257 7.586350e-04 1.846691e-02
1258 1.787992e-04 5.787521e-03
1259 5.685349e-04 8.227143e-03
1260 4.791462e-05 5.312983e-03
1261 1.248839e-05 1.558217e-03
1262 1.928079e-04 6.575479e-03
1263 2.848815e-05 2.042128e-03
1264 1.773021e-04 5.614380e-03
1265 1.738682e-05 2.364384e-03
1266 8.585500e-05 3.288056e-03
1267 1.472523e-05 1.837675e-03
1268 3.009717e-05 2.273589e-03
1269 4.334269e-04 9.184916e-03
1270 1.188490e-04 5.403798e-03
1271 6.731596e-05 5.010081e-03
1272 2.934282e-05 2.387610e-03
1273 2.563194e-05 1.827464e-03
1274 3.462700e-04 8.861801e-03
1275 2.150133e-04 7.421087e-03
1276 4.348911e-04 1.323911e-02
1277 3.890727e-04 2.661994e-02
1278 5.997078e-04 2.177118e-02
1279 3.845964e-05 1.912862e-03
1280 1.212359e-04 5.283574e-03
1281 8.300572e-05 7.067652e-03
1282 2.072017e-04 8.325080e-03
1283 1.733175e-04 5.820379e-03
1284 5.958791e-04 1.198277e-02
1285 9.314162e-05 4.101825e-03
1286 1.535624e-04 8.758963e-03
1287 2.448054e-05 2.074462e-03
1288 9.216340e-04 1.623942e-02
1289 1.873074e-03 5.149131e-02
1290 1.211820e-05 1.371159e-03
1291 9.402203e-05 3.661112e-03
1292 4.554001e-05 2.361507e-03
1293 3.272720e-04 1.812411e-02
1294 1.535232e-05 1.945672e-03
1295 1.439845e-04 3.683876e-03
1296 9.706507e-05 4.059768e-03
1297 6.813553e-04 3.353227e-02
1298 4.358056e-04 3.395638e-02
1299 4.329236e-05 4.706999e-03
1300 1.001203e-03 2.795046e-02
1301 2.582439e-05 2.055446e-03
1302 1.473516e-05 1.796967e-03
1303 1.557350e-04 9.271265e-03
1304 1.544613e-04 8.029048e-03
1305 8.771642e-05 7.332135e-03
1306 1.261918e-04 6.229338e-03
1307 6.405625e-05 4.090777e-03
1308 8.235028e-05 7.459130e-03
1309 2.529762e-04 9.065112e-03
1310 4.134925e-04 2.028518e-02
1311 2.924676e-04 1.280323e-02
1312 2.302716e-04 1.539847e-02
1313 3.073612e-05 3.053122e-03
1314 1.437584e-04 4.316367e-03
1315 1.169352e-04 2.286714e-03
1316 2.224127e-05 4.423314e-03
1317 4.965001e-05 2.923777e-03
1318 7.542520e-06 1.746241e-03
1319 3.888882e-05 1.778735e-03
1320 2.111829e-05 3.899027e-03
1321 2.050396e-05 3.656194e-03
1322 1.181622e-05 1.377287e-03
1323 6.298564e-05 4.940374e-03
1324 2.078376e-05 1.325729e-03
1325 3.398525e-05 3.149264e-03
1326 4.962088e-05 2.141914e-03
1327 2.426341e-05 4.477305e-03
1328 1.395888e-05 1.738703e-03
1329 1.714640e-05 2.516500e-03
1330 2.719905e-05 2.207379e-03
1331 9.476960e-05 3.109632e-03
1332 5.344385e-04 1.684198e-02
1333 1.231815e-04 6.826947e-03
1334 1.566742e-04 1.370857e-02
1335 6.948911e-05 5.964984e-03
1336 6.245398e-05 4.422120e-03
1337 3.548881e-05 1.735283e-03
1338 5.479280e-05 3.933513e-03
1339 1.088294e-04 1.462000e-02
1340 4.616618e-05 7.053864e-03
1341 4.453471e-05 2.247300e-03
1342 6.872077e-06 1.413019e-03
1343 9.804669e-04 2.302499e-02
1344 6.090984e-05 4.062670e-03
1345 4.021961e-04 1.002035e-02
1346 3.639063e-04 1.146239e-02
1347 3.544947e-04 1.233883e-02
1348 7.827722e-05 6.365044e-03
1349 8.953530e-05 6.741655e-03
1350 2.056984e-03 3.783804e-02
1351 1.228475e-03 2.967644e-02
1352 1.400359e-04 1.022286e-02
1353 3.290571e-05 2.951400e-03
1354 2.575681e-05 2.160284e-03
1355 5.236552e-04 1.535058e-02
1356 6.102454e-05 3.725982e-03
1357 3.850169e-05 3.846074e-03
1358 4.573801e-04 9.438449e-03
1359 2.819254e-04 1.417550e-02
1360 1.192303e-05 1.440883e-03
1361 1.334471e-04 3.466851e-03
1362 2.517542e-05 2.026094e-03
1363 1.162436e-05 1.166634e-03
1364 6.370654e-06 1.056059e-03
1365 8.503955e-06 1.487463e-03
1366 7.332008e-05 5.311029e-03
1367 6.105044e-05 3.365463e-03
1368 1.605249e-05 1.872702e-03
1369 2.374816e-05 1.552196e-03
1370 3.812084e-06 1.046184e-03
1371 1.218748e-05 1.350945e-03
1372 2.157363e-06 1.008835e-03
1373 1.469519e-05 1.684991e-03
1374 4.667865e-05 2.532089e-03
1375 4.892364e-04 1.133025e-02
1376 1.317901e-05 1.340872e-03
1377 6.224104e-05 3.456866e-03
1378 1.345302e-04 4.170821e-03
1379 1.343700e-04 6.097808e-03
1380 2.942596e-04 1.283493e-02
1381 1.469340e-04 8.951375e-03
1382 3.141932e-05 1.182619e-03
1383 2.065128e-05 1.414024e-03
1384 8.288956e-04 2.013798e-02
1385 2.996564e-04 4.621922e-03
1386 3.228193e-04 7.489046e-03
1387 4.491738e-04 1.406451e-02
1388 7.883920e-04 1.440373e-02
1389 1.269893e-04 2.980964e-03
1390 4.470022e-04 1.355378e-02
1391 6.967862e-05 4.595451e-03
1392 1.006171e-04 1.121064e-02
1393 2.480622e-05 1.845061e-03
1394 7.003872e-05 5.527649e-03
1395 1.895898e-04 1.324869e-02
1396 2.784687e-05 2.432591e-03
1397 1.224405e-05 1.417627e-03
1398 1.710080e-04 1.085498e-02
1399 9.778167e-05 3.960269e-03
1400 1.449830e-05 1.672291e-03
1401 2.365098e-04 9.088346e-03
1402 2.432485e-05 1.778153e-03
1403 2.170231e-05 1.546325e-03
1404 3.970123e-04 5.891087e-03
1405 1.436671e-05 1.663553e-03
1406 5.751681e-05 4.349793e-03
1407 2.347209e-05 1.794846e-03
1408 1.417264e-05 2.001513e-03
1409 9.896937e-05 5.600828e-03
1410 6.356295e-05 2.422495e-03
1411 6.554836e-04 2.942795e-02
1412 4.952738e-04 1.386480e-02
1413 1.096863e-05 1.310958e-03
1414 1.773207e-04 1.542365e-02
1415 2.321813e-05 2.331148e-03
1416 1.393916e-05 1.813587e-03
1417 4.753909e-06 1.655454e-03
1418 2.325819e-05 1.780570e-03
1419 1.419850e-04 6.925386e-03
1420 1.034830e-04 1.239461e-02
1421 4.858954e-04 1.855641e-02
1422 6.940084e-05 5.497039e-03
1423 4.706713e-04 8.994883e-03
1424 1.711200e-04 5.332917e-03
1425 5.047290e-04 9.869797e-03
1426 2.469233e-04 7.010004e-03
1427 5.406847e-04 9.413022e-03
1428 1.127170e-05 1.134709e-03
1429 7.206733e-05 4.961017e-03
1430 2.704949e-04 5.686923e-03
1431 3.239327e-04 6.907732e-03
1432 2.508517e-04 4.477733e-03
1433 1.083631e-04 4.843789e-03
1434 3.754773e-04 2.119700e-02
1435 4.124240e-04 1.265544e-02
1436 7.172195e-04 1.239496e-02
1437 4.375214e-05 1.812422e-03
1438 4.170299e-05 1.820508e-03
1439 2.522026e-03 7.978252e-02
1440 2.511212e-04 8.086113e-03
1441 3.792409e-03 5.443268e-02
1442 2.340575e-05 1.756279e-03
1443 2.027479e-04 1.606586e-02
1444 1.264916e-04 2.078029e-02
1445 7.303926e-05 1.519051e-02
1446 5.932163e-05 3.993436e-03
1447 2.387161e-05 2.017905e-03
1448 1.014461e-04 5.926332e-03
1449 1.075416e-04 4.858612e-03
1450 1.763994e-04 6.137420e-03
1451 1.548144e-05 1.131363e-03
1452 2.521700e-04 5.683984e-03
1453 7.340254e-06 1.480132e-03
1454 1.534112e-04 9.311696e-03
1455 3.931803e-05 3.884659e-03
1456 6.392704e-05 4.045822e-03
1457 3.375311e-05 3.885399e-03
1458 9.772025e-06 2.748689e-03
1459 2.887367e-05 2.943544e-03
1460 4.006780e-05 3.928089e-03
1461 8.139133e-05 6.292843e-03
1462 4.669430e-05 6.650468e-03
1463 1.219228e-04 6.314660e-03
1464 9.651917e-04 1.799056e-02
1465 3.216354e-04 1.300184e-02
1466 1.884011e-03 3.357541e-02
1467 2.150300e-04 1.425886e-02
1468 5.454492e-04 1.677570e-02
1469 4.634213e-04 2.715402e-02
1470 4.164927e-05 1.995588e-03
1471 1.734840e-04 4.593337e-03
1472 1.008610e-04 3.757797e-03
1473 2.755484e-05 2.264847e-03
1474 1.490146e-04 9.470902e-03
1475 2.002435e-05 3.572355e-03
1476 1.880155e-05 3.093514e-03
1477 3.798369e-04 1.667464e-02
1478 3.090470e-04 1.207495e-02
1479 2.383524e-04 2.054940e-02
1480 2.686284e-04 1.160174e-02
1481 9.354404e-05 9.714885e-03
1482 3.557822e-04 2.134947e-02
1483 4.521512e-05 5.593481e-03
1484 9.236494e-05 4.122700e-03
1485 3.899776e-05 4.191854e-03
1486 3.981962e-04 9.390209e-03
1487 4.252974e-05 1.864302e-03
1488 9.644041e-05 4.198404e-03
1489 1.761728e-05 2.411059e-03
1490 5.215343e-05 2.601680e-03
1491 5.902740e-04 1.809600e-02
1492 9.371076e-05 3.702621e-03
1493 3.843618e-05 1.823025e-03
1494 3.222440e-04 5.006629e-03
1495 3.222440e-04 5.006629e-03
1496 1.880755e-05 1.139528e-03
1497 2.089080e-04 1.303149e-02
1498 9.131378e-04 1.611903e-02
1499 3.209924e-05 1.242064e-03
1500 8.758792e-05 2.981235e-03
1501 4.631805e-04 1.205228e-02
1502 1.510001e-04 3.086748e-03
1503 1.343269e-04 3.516562e-03
1504 7.077022e-04 1.177093e-02
1505 1.135966e-03 3.401326e-02
1506 1.015644e-05 1.048411e-03
1507 9.286167e-05 3.182309e-03
1508 1.824343e-03 4.985049e-02
1509 3.920101e-05 1.780790e-03
1510 3.106353e-05 2.603036e-03
1511 1.568075e-04 3.540056e-03
1512 5.288241e-06 9.406504e-04
1513 1.852837e-04 5.414328e-03
1514 3.695524e-05 3.085389e-03
1515 4.118464e-05 4.487042e-03
1516 3.499761e-04 7.502870e-03
1517 3.250142e-05 2.837212e-03
1518 1.208810e-03 1.920227e-02
1519 1.987873e-05 1.519571e-03
1520 9.479319e-05 4.248986e-03
1521 2.388234e-05 1.847181e-03
1522 5.598133e-05 3.258779e-03
1523 4.476251e-05 2.698195e-03
1524 3.679466e-04 7.581929e-03
1525 1.565268e-04 4.127814e-03
1526 1.325254e-04 7.106034e-03
1527 1.085096e-04 4.376213e-03
1528 6.047634e-05 4.084906e-03
1529 1.198291e-04 6.518500e-03
1530 5.090592e-05 2.750562e-03
1531 4.900469e-04 9.623450e-03
1532 1.073076e-04 4.622698e-03
1533 1.863325e-04 1.005552e-02
1534 1.896072e-03 2.739067e-02
1535 6.877698e-04 2.008583e-02
1536 1.541198e-03 5.027063e-02
1537 6.732922e-05 4.529342e-03
1538 4.166548e-03 7.327790e-02
1539 1.534132e-04 7.873478e-03
1540 7.192239e-04 3.502078e-02
1541 1.175525e-03 3.681546e-02
1542 1.102678e-03 2.411794e-02
1543 4.057497e-05 4.471411e-03
1544 2.178095e-04 7.483839e-03
1545 3.177886e-05 3.259149e-03
1546 5.858075e-05 3.832181e-03
1547 1.114203e-04 1.216121e-02
1548 2.509002e-04 2.851468e-02
1549 2.521894e-05 2.245892e-03
1550 3.453517e-05 3.890289e-03
1551 1.198019e-04 7.109323e-03
1552 3.679298e-06 1.099029e-03
1553 1.690255e-05 2.462048e-03
1554 5.282924e-04 2.115152e-02
1555 1.331426e-03 3.646773e-02
1556 1.519031e-04 9.129980e-03
1557 1.038814e-04 1.207410e-02
1558 6.630289e-04 3.946616e-02
1559 7.722298e-05 3.062737e-03
1560 1.728004e-05 3.022939e-03
1561 5.951423e-05 4.283397e-03
1562 5.057929e-05 1.032639e-02
1563 1.347256e-05 1.566748e-03
1564 1.121409e-04 5.864964e-03
1565 3.468508e-04 1.427103e-02
1566 6.756497e-05 4.287785e-03
1567 3.196271e-05 2.412061e-03
1568 2.270170e-05 1.663012e-03
1569 8.798174e-05 2.880449e-03
1570 3.261213e-04 6.361411e-03
1571 1.120296e-04 4.345039e-03
1572 1.421681e-05 1.716515e-03
1573 5.534731e-04 1.582951e-02
1574 3.525569e-05 2.995683e-03
1575 2.500447e-04 7.736311e-03
1576 4.131196e-04 6.447359e-03
1577 9.028218e-04 1.306955e-02
1578 2.353831e-05 5.815385e-03
1579 1.583295e-04 8.512133e-03
1580 2.668373e-05 2.331605e-03
1581 1.943101e-05 2.862093e-03
1582 1.968864e-05 4.084171e-03
1583 7.200658e-05 1.318146e-02
1584 6.093673e-05 4.787683e-03
1585 1.121423e-03 2.397879e-02
1586 2.213712e-03 3.644108e-02
1587 4.453887e-04 1.518360e-02
1588 2.281649e-04 1.168638e-02
1589 3.919656e-04 9.574342e-03
1590 9.689431e-04 3.277035e-02
1591 3.944114e-04 1.032184e-02
1592 2.017691e-04 7.258978e-03
1593 2.564753e-04 1.030151e-02
1594 3.330885e-04 6.026119e-03
1595 5.127956e-05 8.279686e-03
1596 1.014758e-04 3.369296e-03
1597 4.990846e-05 6.992439e-03
1598 5.250007e-04 1.251830e-02
1599 1.176510e-05 1.361837e-03
1600 5.232812e-04 1.559400e-02
1601 6.244104e-06 1.096379e-03
1602 8.415980e-04 1.361002e-02
1603 1.331014e-05 1.808545e-03
1604 2.397177e-05 1.708365e-03
1605 1.185453e-04 7.304962e-03
1606 1.027499e-05 2.791786e-03
1607 4.710085e-06 1.848501e-03
1608 1.358475e-05 1.683375e-03
1609 3.441691e-05 3.486682e-03
1610 1.283994e-04 8.493600e-03
1611 1.364293e-05 1.789502e-03
1612 1.421681e-05 1.716515e-03
1613 2.264437e-05 1.684960e-03
1614 5.618318e-05 3.473933e-03
1615 5.367467e-04 1.701799e-02
1616 3.695563e-04 1.056926e-02
1617 1.176559e-04 5.350650e-03
1618 1.641664e-04 8.423560e-03
1619 4.862553e-04 1.488609e-02
1620 1.628751e-04 5.547649e-03
1621 9.145148e-04 2.027589e-02
1622 4.217258e-05 2.199032e-03
1623 7.149581e-04 1.411337e-02
1624 5.623505e-05 3.594516e-03
1625 2.005639e-05 1.408289e-03
1626 7.259338e-05 5.425144e-03
1627 7.163416e-05 2.841999e-03
1628 3.429174e-05 1.591536e-03
1629 1.825684e-04 1.114477e-02
1630 1.142681e-05 1.399660e-03
1631 1.001594e-04 4.367408e-03
1632 7.595617e-05 5.979414e-03
1633 1.935556e-04 1.295558e-02
1634 2.322516e-03 3.885918e-02
1635 3.426020e-04 1.907790e-02
1636 5.175909e-03 1.304655e-01
1637 6.327662e-04 1.826819e-02
1638 2.006833e-04 5.308840e-03
1639 2.872172e-03 5.382537e-02
1640 2.376153e-04 6.491514e-03
1641 3.333360e-03 4.077602e-02
1642 6.192766e-04 1.843911e-02
1643 1.539920e-04 9.460977e-03
1644 4.697873e-04 3.449995e-02
1645 1.272439e-05 1.307973e-03
1646 1.330158e-05 1.715097e-03
1647 4.612037e-04 3.046110e-02
1648 4.182539e-05 3.908568e-03
1649 5.262229e-05 3.050212e-03
1650 2.566110e-04 1.102513e-02
1651 1.774254e-06 9.062923e-04
1652 2.624843e-03 2.757959e-02
1653 5.991082e-04 2.125271e-02
1654 2.437433e-05 2.208413e-03
1655 5.419142e-05 3.362120e-03
1656 5.405362e-05 3.160476e-03
1657 9.780054e-06 1.099197e-03
1658 6.473290e-05 1.700124e-03
1659 5.502474e-05 3.857877e-03
1660 1.331927e-05 1.906762e-03
1661 1.027094e-03 1.394802e-02
1662 1.320262e-04 6.446585e-03
1663 2.924111e-04 1.173300e-02
1664 8.326682e-05 6.288157e-03
1665 5.898356e-05 3.597569e-03
1666 5.955159e-04 9.873538e-03
1667 6.787727e-04 1.409401e-02
1668 1.204070e-05 1.342215e-03
1669 6.326893e-05 3.854978e-03
1670 1.126377e-04 6.379817e-03
1671 5.488967e-05 2.920012e-03
1672 7.707266e-04 1.472152e-02
1673 2.375180e-04 7.103472e-03
1674 6.292073e-05 1.930636e-03
1675 4.308072e-05 2.003852e-03
1676 1.764529e-05 1.129856e-03
1677 8.275290e-05 7.710361e-03
1678 1.603676e-03 3.275836e-02
1679 1.152213e-04 6.454943e-03
1680 7.329168e-05 6.675245e-03
1681 1.424173e-04 7.814079e-03
1682 6.090697e-05 3.757842e-03
1683 2.769947e-04 5.656371e-03
1684 6.020738e-05 3.820886e-03
1685 3.628067e-05 1.868672e-03
1686 1.105122e-04 9.936455e-03
1687 6.294723e-05 3.738027e-03
1688 3.801767e-06 1.019616e-03
1689 1.036466e-03 1.248651e-02
1690 1.807792e-04 5.493658e-03
1691 5.710097e-04 8.169227e-03
1692 3.400025e-03 4.787612e-02
1693 5.374329e-04 1.145975e-02
1694 1.358800e-03 2.675978e-02
1695 9.909226e-05 4.562591e-03
1696 1.656523e-05 2.294531e-03
1697 4.595188e-05 5.242106e-03
1698 3.515091e-04 1.302732e-02
1699 3.328815e-04 6.246203e-03
1700 1.113472e-04 3.910774e-03
1701 1.056729e-04 4.690781e-03
1702 1.166029e-04 4.706925e-03
1703 9.117822e-05 7.624096e-03
1704 9.053338e-05 2.925727e-03
1705 1.216917e-03 3.567563e-02
1706 2.114448e-04 5.604630e-03
1707 2.671869e-05 2.038714e-03
1708 9.750915e-06 1.959331e-03
1709 4.409238e-05 4.836396e-03
1710 7.251030e-06 1.290114e-03
1711 9.409723e-05 9.114691e-03
1712 5.084147e-05 2.775892e-03
1713 6.015479e-05 3.542419e-03
1714 7.019240e-05 4.600540e-03
1715 3.821153e-05 3.594731e-03
1716 5.135732e-05 5.383118e-03
1717 1.767949e-05 2.075901e-03
1718 1.338146e-04 1.352543e-02
1719 1.458702e-05 1.875607e-03
1720 6.255953e-05 3.169304e-03
1721 7.957012e-06 1.418161e-03
1722 8.657211e-05 6.915575e-03
1723 4.029915e-06 1.274973e-03
1724 1.147984e-05 1.345103e-03
1725 2.187172e-05 1.592302e-03
1726 4.221617e-04 2.607207e-02
1727 3.237991e-04 6.676448e-03
1728 4.425183e-05 2.112826e-03
1729 1.796846e-04 5.285495e-03
1730 5.742990e-05 3.457184e-03
1731 1.944117e-05 2.850524e-03
1732 1.721144e-04 1.029844e-02
1733 1.987920e-03 3.102289e-02
1734 1.156146e-03 1.032027e-02
1735 6.666124e-04 1.088404e-02
1736 9.303115e-05 3.571495e-03
1737 1.039862e-04 4.591826e-03
1738 1.547707e-03 4.501786e-02
1739 9.589401e-05 7.183508e-03
1740 9.589401e-05 7.183508e-03
1741 7.213871e-06 1.182357e-03
1742 1.938260e-05 1.196527e-03
1743 3.642001e-05 3.252057e-03
1744 8.639128e-06 1.891941e-03
1745 1.605077e-05 2.070417e-03
1746 1.071974e-04 4.458037e-03
1747 4.757421e-04 1.384521e-02
1748 5.632331e-05 2.857497e-03
1749 6.011344e-05 3.673155e-03
1750 8.964652e-05 4.220032e-03
1751 7.823142e-05 2.695685e-03
1752 9.603469e-05 3.072775e-03
1753 8.109518e-04 7.917119e-03
1754 9.348875e-04 1.561525e-02
1755 9.677903e-04 1.973230e-02
1756 1.823518e-04 1.117684e-02
1757 5.897242e-04 1.802468e-02
1758 1.970257e-03 4.208640e-02
1759 1.134518e-03 2.766284e-02
1760 1.077635e-03 2.740293e-02
1761 2.069822e-03 3.552249e-02
1762 1.097970e-03 3.852703e-02
1763 1.812281e-03 2.821134e-02
1764 3.148431e-04 1.105790e-02
1765 3.232291e-04 1.408305e-02
1766 2.068723e-03 4.143865e-02
1767 1.621585e-04 1.167074e-02
1768 2.909158e-04 1.279104e-02
1769 1.895551e-03 3.046790e-02
1770 6.796791e-04 2.326316e-02
1771 5.083515e-04 1.318865e-02
1772 2.364244e-05 4.133979e-03
1773 2.542058e-03 5.469539e-02
1774 8.564128e-04 1.507200e-02
1775 4.734558e-03 7.205890e-02
1776 2.554241e-04 1.048188e-02
1777 4.421761e-04 1.233491e-02
1778 7.665525e-04 1.776641e-02
1779 2.554241e-04 1.048188e-02
1780 9.519256e-05 8.893487e-03
1781 1.367208e-04 6.737178e-03
1782 1.220114e-04 1.414466e-02
1783 1.092566e-03 2.997232e-02
1784 5.188709e-04 1.501521e-02
1785 9.175353e-04 1.633276e-02
1786 6.023666e-05 3.289589e-03
1787 6.716228e-05 4.365548e-03
1788 1.677717e-03 5.693139e-02
1789 9.999672e-04 4.773290e-02
1790 1.109541e-04 9.296857e-03
1791 1.130456e-03 5.870779e-02
1792 4.788600e-04 2.687073e-02
1793 3.297651e-04 7.054720e-03
1794 1.125632e-04 4.977655e-03
1795 2.063877e-04 7.476824e-03
1796 8.825439e-04 1.994325e-02
1797 9.020951e-04 1.665278e-02
1798 8.448783e-04 1.821902e-02
1799 2.584265e-04 9.828724e-03
1800 1.473312e-03 2.428662e-02
1801 2.312272e-04 7.862188e-03
1802 7.481694e-04 1.764306e-02
1803 4.268986e-04 1.180909e-02
1804 1.232595e-03 1.593745e-02
1805 4.629847e-04 1.303453e-02
1806 8.117463e-04 1.412463e-02
1807 4.202792e-04 8.814482e-03
1808 1.332715e-03 2.224683e-02
1809 4.185446e-04 1.063867e-02
1810 8.693114e-05 7.868859e-03
1811 8.693114e-05 7.868859e-03
1812 1.398535e-04 6.481217e-03
1813 3.627420e-05 3.739467e-03
1814 2.570147e-04 9.219213e-03
1815 3.014386e-04 1.510831e-02
1816 1.136335e-04 4.389120e-03
1817 6.055641e-04 8.121527e-03
1818 7.206303e-04 1.156407e-02
1819 1.066914e-03 2.968948e-02
1820 5.355320e-04 1.499605e-02
1821 2.259720e-04 8.998414e-03
1822 1.388723e-04 8.478577e-03
1823 7.477870e-04 1.315856e-02
1824 1.631120e-04 1.094668e-02
1825 8.890377e-04 1.893571e-02
1826 4.581515e-04 1.692632e-02
1827 5.839638e-05 4.609784e-03
1828 2.463701e-04 7.117098e-03
1829 9.901919e-05 8.457089e-03
1830 1.869124e-03 3.533532e-02
1831 7.244749e-05 4.883169e-03
1832 2.128123e-04 1.786791e-02
1833 9.535629e-05 8.726418e-03
1834 8.398900e-05 6.687332e-03
1835 8.072705e-05 6.554837e-03
1836 2.386928e-05 4.490436e-03
1837 1.499475e-04 1.126941e-02
1838 2.480900e-04 8.327450e-03
1839 4.743594e-04 1.749369e-02
1840 3.177283e-04 1.803041e-02
1841 2.990914e-04 1.284937e-02
1842 2.480900e-04 8.327450e-03
1843 2.243395e-04 6.045712e-03
1844 1.677000e-04 1.015152e-02
1845 1.672465e-04 9.872915e-03
1846 8.302027e-05 5.669740e-03
1847 1.484674e-04 6.906371e-03
1848 1.647467e-04 9.210161e-03
1849 7.954116e-05 8.911243e-03
1850 7.366402e-05 4.721127e-03
1851 2.756201e-05 3.225981e-03
1852 1.209006e-05 3.777570e-03
1853 2.952493e-05 2.325489e-03
1854 1.598303e-04 8.712534e-03
1855 2.057375e-04 7.052454e-03
1856 2.038208e-04 1.564396e-02
1857 1.601310e-04 8.640552e-03
1858 3.614322e-04 9.057660e-03
1859 4.453498e-05 3.000107e-03
1860 4.003917e-04 1.166556e-02
1861 7.538528e-05 5.944432e-03
1862 5.693932e-05 4.865599e-03
1863 3.030505e-04 1.031067e-02
1864 4.636112e-04 1.174092e-02
1865 2.762597e-04 1.199546e-02
1866 2.591161e-04 1.180382e-02
1867 5.089377e-05 7.031158e-03
1868 2.189570e-04 7.116369e-03
1869 1.296481e-04 4.663114e-03
1870 2.520449e-04 8.289649e-03
1871 7.981276e-04 1.566003e-02
1872 7.182788e-04 2.932359e-02
1873 1.482475e-04 6.683372e-03
1874 4.730876e-04 8.633789e-03
1875 4.405799e-04 7.528168e-03
1876 1.136710e-04 3.822258e-03
1877 9.950047e-05 7.773261e-03
1878 8.077940e-05 5.390874e-03
1879 4.812200e-04 1.039349e-02
1880 1.528514e-04 6.800053e-03
1881 1.884066e-03 2.913066e-02
1882 5.823130e-04 2.446744e-02
1883 7.614542e-04 1.437799e-02
1884 2.702056e-04 1.136914e-02
1885 1.210498e-04 7.620603e-03
1886 7.223921e-04 1.053828e-02
1887 5.111617e-05 6.256697e-03
1888 1.686214e-04 9.001783e-03
1889 1.354479e-04 6.147668e-03
1890 2.632217e-05 5.023949e-03
1891 6.873081e-05 4.200560e-03
1892 7.382230e-05 4.629495e-03
1893 2.119753e-04 1.629351e-02
1894 3.080372e-04 1.496964e-02
1895 2.176937e-04 8.676338e-03
1896 4.157725e-05 4.164776e-03
1897 1.905523e-05 3.286985e-03
1898 4.135484e-05 2.278814e-03
1899 1.530679e-04 6.341795e-03
1900 1.422400e-04 6.507906e-03
1901 3.008242e-06 1.642963e-03
1902 4.920006e-04 1.023113e-02
1903 1.778517e-03 4.193409e-02
1904 8.592031e-05 6.167682e-03
1905 2.285681e-04 6.625238e-03
1906 2.407178e-03 5.541192e-02
1907 7.265166e-05 4.340066e-03
1908 7.265166e-05 4.340066e-03
1909 6.771397e-05 4.141518e-03
1910 1.467670e-04 7.294058e-03
1911 1.363905e-04 6.607312e-03
1912 6.292949e-04 1.136356e-02
1913 7.222086e-04 1.183168e-02
1914 4.160883e-04 8.594470e-03
1915 3.941941e-04 9.338440e-03
1916 6.739252e-04 1.112361e-02
1917 3.898829e-04 8.724722e-03
1918 4.457489e-04 1.071433e-02
1919 3.054381e-03 3.206758e-02
1920 6.078256e-04 1.485846e-02
1921 4.428791e-04 1.110445e-02
1922 1.515722e-03 2.274560e-02
1923 5.303475e-04 1.234316e-02
1924 2.554238e-03 2.508147e-02
1925 2.309609e-04 8.494338e-03
1926 2.252390e-04 7.265642e-03
1927 2.496027e-04 9.668453e-03
1928 5.214784e-04 1.668726e-02
1929 2.638034e-04 8.461559e-03
1930 8.064347e-05 2.646384e-03
1931 5.589563e-04 1.810882e-02
1932 2.168705e-04 1.821962e-02
1933 1.127586e-04 5.352580e-03
1934 6.753153e-05 5.844477e-03
1935 8.671599e-04 1.647848e-02
1936 2.680240e-04 9.660234e-03
1937 1.454621e-04 6.362994e-03
1938 4.379870e-04 1.043875e-02
1939 4.790838e-04 1.407843e-02
1940 8.581816e-04 2.367408e-02
1941 2.386507e-05 4.287227e-03
1942 3.123587e-04 1.232472e-02
1943 8.901638e-04 1.873288e-02
1944 2.931823e-04 9.577228e-03
1945 2.825275e-05 5.990723e-03
1946 1.235652e-03 3.440809e-02
1947 9.705727e-05 1.059250e-02
1948 2.238265e-04 9.550490e-03
1949 5.817756e-04 2.502266e-02
1950 9.978613e-05 5.218213e-03
1951 7.651406e-04 1.157984e-02
1952 3.760634e-04 8.711029e-03
1953 4.560455e-04 9.527559e-03
1954 7.412393e-05 5.499721e-03
1955 3.469676e-03 5.242753e-02
1956 2.402923e-03 6.529021e-02
1957 3.836537e-03 7.611495e-02
1958 1.139580e-03 3.106475e-02
1959 4.367072e-05 5.814909e-03
1960 7.012448e-05 5.396712e-03
1961 1.090578e-05 2.615154e-03
1962 2.381271e-05 4.994254e-03
1963 9.034282e-06 1.798473e-03
1964 2.939444e-05 2.700115e-03
1965 8.782275e-05 7.139087e-03
1966 8.283234e-05 6.836482e-03
1967 7.227363e-04 1.208873e-02
1968 7.013092e-05 5.167794e-03
1969 1.464852e-04 7.695778e-03
1970 3.012395e-05 8.484207e-03
1971 2.895315e-04 1.293558e-02
1972 2.578699e-05 5.711636e-03
1973 8.805879e-04 2.188354e-02
1974 2.507730e-04 1.027039e-02
1975 8.549317e-05 9.941031e-03
1976 1.519567e-04 7.517032e-03
1977 4.675570e-04 1.320058e-02
1978 2.224797e-04 7.811834e-03
1979 1.483438e-04 7.194862e-03
1980 1.318000e-04 5.795824e-03
1981 2.274300e-04 7.024260e-03
1982 4.946908e-04 2.683136e-02
1983 1.408085e-03 4.028840e-02
1984 4.939671e-04 2.655632e-02
1985 1.267764e-03 5.513118e-02
1986 6.166706e-04 2.309697e-02
1987 3.622402e-03 7.936684e-02
1988 2.156726e-04 2.111019e-02
1989 7.876393e-04 1.956600e-02
1990 1.591499e-03 3.724868e-02
1991 7.951395e-05 7.133880e-03
1992 1.430741e-04 1.060368e-02
1993 4.306551e-04 9.539781e-03
1994 2.338058e-04 7.291761e-03
1995 1.535943e-04 7.418310e-03
1996 8.016951e-05 7.306030e-03
1997 7.102201e-04 1.187613e-02
1998 8.648105e-04 1.554621e-02
1999 1.307252e-03 1.587712e-02
2000 3.453584e-04 1.089983e-02
