2 5.093724e-04 5.127613e-02
3 2.269038e-03 2.041988e-01
4 7.582046e-04 1.151793e-01
5 9.695729e-04 4.856795e-02
6 6.971760e-03 2.379273e-01
7 1.171415e-03 1.923158e-02
8 5.707873e-04 3.036976e-02
9 3.157074e-05 6.889270e-03
10 3.194473e-04 1.094866e-02
11 1.406957e-03 7.688433e-02
12 8.781064e-05 7.380445e-03
13 1.167310e-03 7.709638e-02
14 4.655400e-04 2.896611e-02
15 3.133572e-04 2.676468e-02
16 2.690652e-04 3.944637e-02
17 7.003590e-05 7.108469e-03
18 2.595695e-04 6.881976e-02
19 9.388990e-04 4.051971e-02
20 6.725291e-04 9.272683e-02
21 4.421177e-04 4.088026e-02
22 2.721445e-04 1.488091e-02
23 2.541109e-03 8.873073e-02
24 9.147320e-04 6.301767e-02
25 6.511261e-05 1.388630e-02
26 2.461598e-03 1.568848e-01
27 2.027873e-04 2.199116e-02
28 1.599201e-04 1.367554e-02
29 2.590338e-03 2.335690e-01
30 2.166985e-05 6.259262e-03
31 1.670655e-04 1.980951e-02
32 1.108720e-03 4.949314e-02
33 8.385664e-05 4.706992e-03
34 3.821281e-05 3.550157e-03
35 6.485484e-04 8.155130e-02
36 2.087366e-04 1.378025e-02
37 1.585706e-03 1.705099e-01
38 3.999318e-03 1.611392e-01
39 1.886305e-03 2.453940e-01
40 3.492821e-04 6.588240e-02
41 4.491064e-05 5.515204e-03
42 2.093215e-03 1.759703e-01
43 8.921629e-05 6.382177e-03
44 8.925661e-06 2.414156e-03
45 1.347148e-05 2.387098e-03
46 3.471231e-06 1.368447e-03
47 4.350259e-05 4.975792e-03
48 4.678650e-05 5.598171e-03
49 5.230596e-05 6.817009e-03
50 3.446888e-04 1.476830e-02
51 8.800911e-06 2.882409e-03
52 1.831065e-05 4.882660e-03
53 2.777657e-05 4.105773e-03
54 1.700499e-05 3.899975e-03
55 8.336878e-06 2.973938e-03
56 8.352329e-05 9.963134e-03
57 1.054161e-04 7.494100e-03
58 1.624667e-06 1.647144e-03
59 6.078745e-05 7.175908e-03
60 3.138012e-06 2.221412e-03
61 7.182099e-06 3.865280e-03
62 8.812654e-07 1.217905e-03
63 1.955178e-05 4.719002e-03
64 5.467531e-05 7.093745e-03
65 7.232067e-06 2.143294e-03
66 3.242793e-05 2.927187e-03
67 2.662128e-05 4.083819e-03
68 5.790549e-05 6.447496e-03
69 3.939091e-05 4.791487e-03
70 1.371856e-03 5.690374e-02
71 6.566404e-06 4.333715e-03
72 6.594684e-05 5.980677e-03
73 1.361701e-05 2.916640e-03
74 5.244468e-06 5.390640e-03
75 2.704861e-05 4.015267e-03
76 3.330849e-05 4.824923e-03
77 2.795215e-06 3.743878e-03
78 1.088404e-04 1.324700e-02
79 7.162453e-05 6.536467e-03
80 4.559302e-04 4.037851e-02
81 4.678566e-06 2.805818e-03
82 2.616356e-04 2.297500e-02
83 9.327527e-06 2.367027e-03
84 1.504063e-04 9.845870e-03
85 3.401906e-05 7.136398e-03
86 1.064528e-04 7.290518e-03
87 1.395936e-03 2.764747e-02
88 1.932776e-06 2.693705e-03
89 8.758704e-05 7.814375e-03
90 6.174083e-04 4.582333e-02
91 1.082740e-04 5.669651e-03
92 4.315605e-04 3.343481e-02
93 1.637926e-04 9.497835e-03
94 7.721352e-05 6.699452e-03
95 1.185626e-05 5.025802e-03
96 3.897886e-05 3.769755e-03
97 1.776371e-05 9.701279e-03
98 2.645980e-05 4.155784e-03
99 1.450260e-03 1.589637e-01
100 1.360950e-03 9.999006e-02
101 2.084324e-04 6.538902e-02
102 3.561563e-05 3.194200e-03
103 7.089887e-04 4.949637e-02
104 3.388857e-05 2.337385e-02
105 1.883509e-04 1.517431e-02
106 3.770415e-04 2.349019e-02
107 6.728693e-05 1.042752e-02
108 4.276268e-04 5.733667e-02
109 9.832769e-05 9.455046e-03
110 3.596947e-05 3.078228e-03
111 7.166582e-05 7.602045e-03
112 1.332535e-04 1.541893e-02
113 1.668249e-04 2.388275e-02
114 1.286908e-05 7.924036e-03
115 9.371151e-05 8.993347e-03
116 7.058431e-04 3.049916e-02
117 4.059131e-05 3.844239e-03
118 6.559581e-06 3.484792e-03
119 9.738260e-04 5.176344e-02
120 1.145320e-04 1.025068e-02
121 5.151569e-05 6.162881e-03
122 3.350075e-05 3.914544e-03
123 6.796175e-05 1.504969e-02
124 8.550049e-05 5.335476e-03
125 9.409176e-04 5.858922e-02
126 1.357690e-05 4.105585e-03
127 1.600964e-05 1.049441e-02
128 1.781097e-03 1.764599e-01
129 2.679794e-03 1.361707e-01
130 4.084231e-04 4.428829e-02
131 6.347393e-04 7.269561e-02
132 2.451227e-04 1.764278e-02
133 3.462734e-03 2.426870e-01
134 1.543624e-04 8.624192e-03
135 2.665515e-04 2.367649e-02
136 1.931429e-06 2.213361e-03
137 7.939698e-05 1.131801e-02
138 9.417690e-06 3.070890e-03
139 2.958222e-05 5.374359e-03
140 1.327455e-04 1.625201e-02
141 2.667148e-05 6.207905e-03
142 4.008344e-04 2.737611e-02
143 3.201812e-04 6.440965e-02
144 6.574153e-04 2.396002e-02
145 3.661892e-04 2.744125e-02
146 2.740119e-05 9.051976e-03
147 1.861617e-04 1.794202e-02
148 1.842435e-05 3.932336e-03
149 8.892229e-04 4.654271e-02
150 2.184049e-04 3.736033e-02
151 9.886161e-05 1.398905e-02
152 1.888473e-04 2.948706e-02
153 2.400116e-05 7.342730e-03
154 6.143233e-05 8.859090e-03
155 9.652035e-06 2.455229e-03
156 1.953465e-04 9.188136e-03
157 8.710481e-05 8.308273e-03
158 8.540163e-07 3.766441e-03
159 8.313277e-05 1.357450e-02
160 2.010323e-05 8.235418e-03
161 2.609951e-05 3.822307e-03
162 1.388001e-04 1.012729e-02
163 1.090421e-04 9.235316e-03
164 1.149556e-05 3.537886e-03
165 2.720244e-06 1.483583e-03
166 7.069427e-06 1.765034e-03
167 2.523501e-05 6.071073e-03
168 1.772753e-05 3.316094e-03
169 7.355375e-05 7.090620e-03
170 5.693710e-05 3.802296e-03
171 1.777608e-04 2.070595e-02
172 1.271936e-03 6.180595e-02
173 4.586751e-04 2.273400e-02
174 1.126709e-03 5.494940e-02
175 1.335876e-06 1.227649e-03
176 3.503876e-05 8.197853e-03
177 2.819610e-06 3.130745e-03
178 4.717290e-06 7.015209e-03
179 3.999739e-06 7.754807e-03
180 8.659567e-07 1.257297e-03
181 4.349168e-04 6.885377e-02
182 9.787229e-05 1.161818e-02
183 7.734398e-05 9.196951e-03
184 4.668375e-05 6.624176e-03
185 6.040951e-07 1.487985e-03
186 1.740719e-04 2.227610e-02
187 1.027394e-03 2.410075e-01
188 1.310734e-04 1.564944e-02
189 2.099522e-05 4.602460e-03
190 1.364564e-05 4.243071e-03
191 4.373023e-06 6.297721e-03
192 1.485224e-05 4.771701e-03
193 2.552651e-05 5.393910e-03
194 1.485224e-05 4.771701e-03
195 2.138445e-04 8.726008e-03
196 5.401499e-05 5.996668e-03
197 1.353418e-04 1.794482e-02
198 9.909507e-05 9.863441e-03
199 4.605564e-05 1.326819e-02
200 2.729124e-04 3.749842e-02
201 1.052861e-03 5.420447e-02
202 7.347602e-05 8.553726e-03
203 8.710381e-04 7.168821e-02
204 4.759881e-06 3.787792e-03
205 4.694097e-05 1.127625e-02
206 1.790519e-04 1.259367e-02
207 7.518843e-05 2.795666e-02
208 4.022302e-04 6.047113e-02
209 2.218806e-04 2.071939e-02
210 2.508100e-04 4.512213e-02
211 1.200649e-04 2.108703e-02
212 1.179531e-05 4.026386e-03
213 8.328961e-05 8.251229e-03
214 8.333570e-05 1.068921e-02
215 2.993142e-05 1.093316e-02
216 1.339647e-04 2.880026e-02
217 1.887898e-05 2.196044e-03
218 7.289852e-06 3.740534e-03
219 7.717857e-06 1.929291e-03
220 1.075287e-04 1.034581e-01
221 1.286214e-05 4.950486e-03
222 2.348022e-04 1.208229e-02
223 5.440359e-04 2.128915e-02
224 3.401504e-06 2.202248e-03
225 1.042770e-06 3.155072e-03
226 2.858812e-05 9.284138e-03
227 2.891505e-06 3.964710e-03
228 2.873720e-05 4.595336e-03
229 1.128905e-04 1.372092e-02
230 1.843301e-03 1.266678e-01
231 9.030030e-07 2.018588e-03
232 1.052667e-03 1.566798e-01
233 1.652692e-05 8.259651e-03
234 1.306705e-05 2.632874e-03
235 3.577004e-06 7.241334e-03
236 3.543697e-05 6.150051e-03
237 4.328564e-04 4.847316e-02
238 7.969817e-06 4.828179e-03
239 3.616585e-05 3.804545e-03
240 7.103570e-05 4.223242e-02
241 2.428976e-03 1.905100e-01
242 1.450917e-04 1.595690e-02
243 1.590903e-05 3.953171e-03
244 6.713699e-06 1.678143e-03
245 1.279438e-06 1.229189e-03
246 7.337363e-04 6.368770e-02
247 1.283072e-04 9.228038e-03
248 3.635421e-04 1.358237e-01
249 4.386640e-04 5.119510e-02
250 1.140908e-03 5.168102e-02
251 1.357382e-06 1.261881e-03
252 1.330862e-05 8.173565e-03
253 6.820095e-06 3.772492e-03
254 6.968385e-05 1.189957e-02
255 2.241904e-05 6.980760e-03
256 6.293827e-07 2.358528e-03
257 1.310723e-05 3.816202e-03
258 1.232641e-04 3.677637e-02
259 1.468931e-06 1.342829e-03
260 1.037692e-05 8.256096e-03
261 4.040490e-05 4.193416e-03
262 4.204079e-06 1.485788e-03
263 1.126812e-05 1.878141e-03
264 6.834286e-05 2.520406e-02
265 1.581927e-04 6.002389e-02
266 5.523034e-05 9.113153e-03
267 5.674133e-05 1.744361e-02
268 2.787041e-05 4.899384e-03
269 3.834707e-04 3.540330e-02
270 1.670050e-06 3.430352e-03
271 3.026680e-05 1.272926e-02
272 5.533756e-05 5.300945e-03
273 2.972423e-04 8.023534e-02
274 1.145154e-06 1.856659e-03
275 2.417594e-04 2.541331e-02
276 3.502056e-05 1.427576e-02
277 1.576355e-06 3.941221e-03
278 2.234954e-04 2.184208e-02
279 8.076296e-06 3.649990e-03
280 3.833878e-05 2.115809e-02
281 2.118577e-04 2.559316e-02
282 3.071896e-06 1.795914e-03
283 3.024762e-06 6.022516e-03
284 2.869378e-06 4.602148e-03
285 5.324530e-05 6.674073e-03
286 1.393546e-05 5.398611e-03
287 1.467377e-05 4.718816e-03
288 3.038207e-06 2.000520e-03
289 1.750946e-03 6.911180e-02
290 4.246737e-07 1.412204e-03
291 1.279690e-04 1.379999e-02
292 1.184017e-03 9.390398e-02
293 6.119558e-06 4.833132e-03
294 1.788600e-05 3.667270e-03
295 2.932577e-05 1.695474e-02
296 2.497085e-04 8.139511e-02
297 8.463632e-05 1.447316e-02
298 5.065667e-06 4.920090e-03
299 3.217407e-06 3.396667e-03
300 4.634797e-05 1.330179e-02
301 9.761688e-04 7.044922e-02
302 1.440888e-05 2.852127e-03
303 2.404922e-05 1.876427e-02
304 1.667922e-04 1.352726e-02
305 1.527575e-04 4.495062e-03
306 2.892778e-05 3.068713e-03
307 3.088374e-04 3.241686e-02
308 1.033836e-05 1.044856e-02
309 3.080373e-04 5.012662e-02
310 4.517381e-05 8.805682e-03
311 3.655577e-05 5.883168e-03
312 1.350110e-05 3.005774e-03
313 2.184652e-03 1.403996e-01
314 1.182268e-05 2.091669e-03
315 3.570072e-06 4.644905e-03
316 9.381570e-04 3.534938e-02
317 1.285496e-03 7.320183e-02
318 9.687858e-04 5.121468e-02
319 1.624877e-04 3.606920e-02
320 8.349798e-05 2.218715e-02
321 8.146229e-04 1.306844e-01
322 1.608436e-06 6.803296e-03
323 1.199627e-04 1.498633e-02
324 4.806743e-06 5.140370e-03
325 1.773204e-05 4.230126e-03
326 1.543844e-04 3.029555e-02
327 2.402082e-03 2.231347e-01
328 1.559879e-03 5.842638e-02
329 1.137378e-03 4.156466e-02
330 1.966571e-05 6.288268e-03
331 4.796492e-05 2.059705e-02
332 8.768062e-04 1.006121e-01
333 7.716805e-05 1.268922e-02
334 8.220493e-05 3.753537e-02
335 2.996534e-06 2.110945e-03
336 9.090945e-05 4.376537e-03
337 1.246750e-04 6.038281e-03
338 1.326219e-04 1.160568e-02
339 1.879317e-03 4.639824e-02
340 4.950354e-05 1.104352e-02
341 7.383145e-05 7.528503e-03
342 1.898242e-05 3.423693e-03
343 1.252416e-04 2.781413e-02
344 4.140353e-05 4.527699e-03
345 1.486816e-03 5.599458e-02
346 1.063476e-03 5.160361e-02
347 6.531401e-06 3.798112e-03
348 3.065262e-04 1.552181e-02
349 4.935480e-05 4.942228e-03
350 5.766144e-06 2.554921e-03
351 4.511931e-03 2.531372e-01
352 2.041721e-03 8.240334e-02
353 8.479777e-07 1.223092e-03
354 3.443177e-04 4.773747e-02
355 1.436972e-04 1.809264e-02
356 8.731388e-05 1.924963e-02
357 1.902535e-04 4.136301e-02
358 1.011608e-05 2.796178e-03
359 1.664201e-04 8.229296e-03
360 1.489019e-04 8.966875e-03
361 4.568338e-04 5.262288e-02
362 5.042067e-04 2.151567e-02
363 5.852017e-05 1.792364e-02
364 2.297529e-04 4.022622e-02
365 2.807830e-04 2.530971e-02
366 1.547379e-04 1.067213e-02
367 1.115103e-04 1.423391e-02
368 4.065818e-05 9.491572e-03
369 5.778999e-05 7.557505e-03
370 9.085553e-05 1.225920e-02
371 1.152619e-03 4.830455e-02
372 2.443453e-05 3.490124e-02
373 7.868938e-05 2.527654e-02
374 8.566496e-06 6.108417e-03
375 2.439972e-06 1.284147e-03
376 7.541086e-06 3.006924e-03
377 1.134659e-03 5.303606e-02
378 4.503940e-05 6.961251e-03
379 1.090731e-05 1.942479e-03
380 6.740015e-05 1.338182e-02
381 9.839586e-04 6.733496e-02
382 5.127695e-05 6.172443e-03
383 4.120257e-04 7.057924e-02
384 4.292521e-05 7.930977e-03
385 1.444449e-03 1.330272e-01
386 4.634780e-05 4.993384e-03
387 1.748914e-04 1.511542e-02
388 1.122232e-05 3.430585e-03
389 4.258582e-05 8.083722e-03
390 3.359006e-06 4.384403e-03
391 4.897288e-05 6.942373e-03
392 2.988836e-04 1.958091e-02
393 6.935185e-06 2.503721e-03
394 2.195990e-03 1.881892e-01
395 3.855475e-06 1.477691e-03
396 2.185263e-04 2.119369e-02
397 9.537108e-05 1.718224e-02
398 4.117892e-06 2.386157e-03
399 2.714606e-05 6.766935e-03
400 7.769044e-03 4.000862e-01
401 7.905922e-05 1.040440e-02
402 2.641617e-03 1.302275e-01
403 1.632214e-04 1.844222e-02
404 1.565568e-04 1.782971e-02
405 1.745832e-05 3.380631e-03
406 1.219076e-03 9.459164e-02
407 3.664556e-04 5.751629e-02
408 1.841581e-03 1.330766e-01
409 4.036221e-04 3.776275e-02
410 2.260682e-05 1.282731e-02
411 4.228949e-05 8.344616e-03
412 2.675318e-05 1.019183e-02
413 1.407768e-03 9.865316e-02
414 4.744994e-05 5.912127e-03
415 4.686455e-06 1.791721e-03
416 6.425158e-04 6.740520e-02
417 1.098872e-05 1.950865e-03
418 3.480312e-04 1.255565e-02
419 4.937260e-03 2.110443e-01
420 9.737130e-06 6.426419e-03
421 1.755426e-04 6.073171e-03
422 1.054170e-04 1.891888e-02
423 4.053615e-05 4.017773e-03
424 1.915737e-04 1.554292e-02
425 1.602815e-05 7.608733e-03
426 3.228241e-05 2.465091e-03
427 6.367608e-04 8.621873e-02
428 1.025199e-04 1.002211e-02
429 3.663881e-04 5.191207e-02
430 4.006425e-06 1.430820e-03
431 3.629937e-06 4.016583e-03
432 2.627558e-04 5.854874e-02
433 1.309540e-06 1.207684e-03
434 1.215750e-05 4.174525e-03
435 5.775550e-06 4.895963e-03
436 2.417422e-06 2.229805e-03
437 2.381832e-04 5.718957e-02
438 1.391150e-05 5.402372e-03
439 6.764496e-06 4.033518e-03
440 4.568031e-06 4.022509e-03
441 3.134110e-04 2.809460e-02
442 9.051687e-06 5.413548e-03
443 1.553167e-05 4.003024e-03
444 3.457218e-04 2.491794e-02
445 5.017234e-04 5.630453e-02
446 2.169891e-05 1.312198e-02
447 8.456518e-06 2.300583e-03
448 4.788976e-06 2.168983e-03
449 2.811717e-06 2.184990e-03
450 4.123677e-06 3.091215e-03
451 3.369774e-06 1.200434e-03
452 3.166860e-05 4.663313e-03
453 1.619080e-05 2.834929e-03
454 6.054341e-05 2.499392e-02
455 3.067711e-04 3.600961e-02
456 9.344659e-06 4.963045e-03
457 2.158410e-04 1.236162e-02
458 6.515832e-05 1.133524e-02
459 1.248364e-04 1.139311e-02
460 2.750563e-06 3.226081e-03
461 1.308189e-04 2.543059e-02
462 8.298939e-04 3.587513e-02
463 3.937726e-05 5.322081e-02
464 2.555392e-05 3.447544e-03
465 3.339934e-06 1.703214e-03
466 3.215954e-06 2.648802e-03
467 2.983338e-04 3.589459e-02
468 9.822578e-06 5.767070e-03
469 2.976509e-04 2.659355e-02
470 3.212671e-05 1.137284e-02
471 9.517160e-05 1.125548e-02
472 1.523031e-05 3.129703e-03
473 3.391615e-05 7.599500e-03
474 1.538058e-05 3.729739e-03
475 8.750496e-05 1.330155e-02
476 1.438965e-06 2.185743e-03
477 1.539831e-04 1.934741e-02
478 7.275199e-07 3.559633e-03
479 2.090264e-06 1.765817e-03
480 1.185832e-05 8.607142e-03
481 2.156495e-05 7.457116e-03
482 5.461754e-04 4.948005e-02
483 1.341311e-06 1.169567e-03
484 3.067645e-06 1.777612e-03
485 5.014900e-04 4.847905e-02
486 1.576656e-05 4.105391e-03
487 7.753615e-04 3.350976e-02
488 2.538807e-05 3.459738e-03
489 5.343526e-05 6.722980e-03
490 2.719387e-04 2.645156e-02
491 2.110771e-05 8.162443e-03
492 2.217665e-05 3.103379e-03
493 7.494630e-06 1.929721e-03
494 1.558834e-04 2.064973e-02
495 5.025358e-04 3.340654e-02
496 3.508894e-04 8.122466e-02
497 2.620173e-04 9.121697e-02
498 3.839593e-04 2.545468e-02
499 3.161544e-05 5.050548e-03
500 1.487354e-05 9.108469e-03
501 1.414439e-03 8.574735e-02
502 9.428662e-05 1.087017e-02
503 2.546723e-04 1.840905e-02
504 6.427067e-04 8.247526e-02
505 2.811256e-05 4.508433e-03
506 3.527008e-05 9.317672e-03
507 2.752813e-05 7.928520e-03
508 1.718006e-04 5.643642e-03
509 1.694293e-03 1.578310e-01
510 1.152627e-05 8.928781e-03
511 1.214983e-05 4.203482e-03
512 4.158335e-06 1.816491e-03
513 1.474753e-04 2.042988e-02
514 5.610408e-05 1.645664e-02
515 4.111517e-04 3.362617e-02
516 8.296005e-04 3.347456e-02
517 6.079931e-05 4.567963e-03
518 6.862499e-06 3.781372e-03
519 5.601702e-05 7.703628e-03
520 2.344184e-07 1.484543e-03
521 1.680084e-04 1.783593e-02
522 1.579002e-06 2.847506e-03
523 8.023282e-06 7.090492e-03
524 3.952481e-04 1.516491e-02
525 2.703350e-04 2.368065e-02
526 3.391644e-05 1.321212e-02
527 6.289278e-04 4.377266e-02
528 3.757385e-05 7.419328e-03
529 1.878991e-04 2.541977e-02
530 5.029604e-05 7.333532e-03
531 1.145013e-07 1.570691e-03
532 2.632711e-05 8.317101e-03
533 5.129936e-06 2.419400e-03
534 4.837139e-04 4.561706e-02
535 6.385025e-04 8.597692e-02
536 4.503109e-05 2.803809e-02
537 1.156291e-03 1.057144e-01
538 6.542103e-04 6.546683e-02
539 2.138746e-04 3.874337e-02
540 5.834008e-05 2.468052e-02
541 8.348590e-04 7.222238e-02
542 1.532187e-05 8.539527e-03
543 7.044205e-06 1.912827e-03
544 1.221955e-04 1.622751e-02
545 1.770086e-05 8.580179e-03
546 3.092113e-05 1.085519e-02
547 3.480891e-04 3.045472e-02
548 8.405819e-06 1.028004e-02
549 8.622889e-05 2.501861e-02
550 1.306856e-05 5.670109e-03
551 1.266579e-05 5.119824e-03
552 1.273633e-05 2.419049e-03
553 2.209495e-05 5.111279e-03
554 1.602139e-06 2.970573e-03
555 1.306227e-04 4.695919e-02
556 2.059002e-05 5.186722e-03
557 5.808409e-04 2.814676e-02
558 5.059612e-05 6.911610e-03
559 2.123457e-04 1.530463e-02
560 3.900029e-06 3.029054e-03
561 1.469836e-04 2.956318e-02
562 2.242578e-06 1.417865e-03
563 6.697201e-03 3.323275e-01
564 4.356325e-03 2.738929e-01
565 7.723153e-06 2.415622e-03
566 9.865473e-05 9.748576e-03
567 3.603740e-04 2.235049e-02
568 9.593645e-04 3.707358e-02
569 5.769664e-05 4.874298e-03
570 2.624148e-04 2.942015e-02
571 9.604190e-05 1.337208e-02
572 8.829732e-05 2.605688e-02
573 5.364584e-04 2.979301e-02
574 1.920994e-05 3.205710e-03
575 6.833796e-06 3.663761e-03
576 5.352909e-05 6.568665e-03
577 1.722696e-06 2.644386e-03
578 1.386871e-05 3.302129e-03
579 4.979578e-05 7.435205e-03
580 1.045173e-05 5.594436e-03
581 3.074960e-04 2.290013e-02
582 1.693202e-04 1.169060e-02
583 6.160743e-04 1.058172e-01
584 1.341967e-04 2.019202e-02
585 1.134677e-04 2.693344e-02
586 2.045512e-04 2.060090e-02
587 5.173771e-05 6.790070e-03
588 1.709748e-04 4.810421e-02
589 7.089045e-05 5.944896e-03
590 1.508895e-05 1.029879e-02
591 7.275899e-05 2.000214e-02
592 2.395593e-03 1.216668e-01
593 4.123039e-05 7.334724e-03
594 4.794099e-04 5.381359e-02
595 2.091785e-05 4.045458e-03
596 1.518217e-06 1.290672e-03
597 6.956904e-06 1.769263e-03
598 1.271245e-04 1.332476e-02
599 1.128331e-04 8.619185e-03
600 1.175286e-05 2.810697e-03
601 1.077735e-05 3.457196e-03
602 1.691209e-04 8.204863e-03
603 1.278096e-04 1.513591e-02
604 1.976590e-06 1.949832e-03
605 1.702625e-04 1.733504e-02
606 2.726307e-05 1.017839e-02
607 7.929904e-06 4.633373e-03
608 1.079713e-04 5.581815e-03
609 3.900961e-05 9.697990e-03
610 2.575169e-05 7.584595e-03
611 9.254587e-07 2.331259e-03
612 1.191224e-04 2.620718e-02
613 5.427797e-06 5.039192e-03
614 2.292901e-05 4.684198e-03
615 6.992007e-06 5.743957e-03
616 7.325489e-05 5.841609e-03
617 9.184518e-06 1.137497e-02
618 5.025717e-06 7.704843e-03
619 6.107393e-05 3.914249e-03
620 1.158947e-05 3.605331e-03
621 2.155504e-05 2.612710e-03
622 1.191503e-03 2.546641e-02
623 8.181903e-05 6.320987e-03
624 2.444346e-05 2.851586e-03
625 2.412656e-05 8.719258e-03
626 4.503750e-05 4.892251e-03
627 6.654855e-06 3.171660e-03
628 7.626644e-05 6.431095e-03
629 3.717125e-06 1.485452e-03
630 3.247221e-05 4.301942e-03
631 4.124681e-05 6.234289e-03
632 2.221444e-06 1.172318e-03
633 2.705437e-03 7.111406e-02
634 1.851281e-04 1.000692e-02
635 7.115070e-06 8.062806e-03
636 9.602281e-05 1.876100e-02
637 2.379635e-05 9.862678e-03
638 1.238199e-06 2.013481e-03
639 9.445479e-07 1.515116e-03
640 1.362905e-06 2.309244e-03
641 8.486257e-07 1.434449e-03
642 4.754694e-06 4.680847e-03
643 1.808744e-04 5.759074e-02
644 2.199526e-04 2.384524e-02
645 1.414963e-04 1.714348e-02
646 6.660912e-05 1.243601e-02
647 5.202993e-05 3.855946e-03
648 2.570830e-04 1.602358e-02
649 6.673357e-04 9.038244e-02
650 2.517426e-05 3.162223e-03
651 7.249782e-06 7.982157e-03
652 6.366775e-05 2.358740e-02
653 4.860436e-06 4.632922e-03
654 2.260775e-05 2.970743e-03
655 3.897138e-05 6.301670e-03
656 5.110564e-06 2.529118e-03
657 1.260703e-04 9.128558e-03
658 3.528275e-04 1.200117e-02
659 8.733161e-05 6.079554e-03
660 5.543592e-04 3.007008e-02
661 1.586667e-05 4.873311e-03
662 2.552170e-05 2.118051e-02
663 1.632333e-03 1.309415e-01
664 7.709761e-05 1.861487e-02
665 1.219474e-05 8.202621e-03
666 3.307936e-05 7.439067e-03
667 1.917060e-05 2.223326e-03
668 5.244432e-04 1.612439e-02
669 2.944077e-04 3.185239e-02
670 7.340880e-05 8.109826e-03
671 1.102807e-04 1.415290e-02
672 8.391830e-05 2.013586e-02
673 2.958336e-05 7.288171e-03
674 2.751199e-06 1.712571e-03
675 1.584912e-03 6.499535e-02
676 3.307313e-05 2.460536e-03
677 2.168140e-07 1.332276e-03
678 2.771427e-05 4.077235e-03
679 2.647217e-04 5.858814e-02
680 9.403103e-05 1.563120e-02
681 1.628865e-04 9.944627e-03
682 7.912737e-06 5.026260e-03
683 1.262703e-04 2.419838e-02
684 6.597538e-05 1.304456e-02
685 4.541179e-07 2.137495e-03
686 8.867925e-05 1.375093e-02
687 2.246383e-03 1.759125e-01
688 7.937705e-05 1.589272e-02
689 1.957090e-05 9.270841e-03
690 1.348456e-06 1.886481e-03
691 1.619811e-04 1.673082e-02
692 9.200434e-06 2.507408e-03
693 1.070650e-04 1.398304e-02
694 3.902031e-04 2.312359e-02
695 4.192910e-04 2.806613e-02
696 1.088568e-03 1.489504e-01
697 2.702289e-06 6.766376e-03
698 1.643965e-04 1.008733e-01
699 9.920482e-07 1.478600e-03
700 9.192125e-05 3.370339e-02
701 1.328691e-04 8.779443e-03
702 5.136299e-07 1.204362e-03
703 2.474912e-05 3.243321e-03
704 1.413465e-06 1.279330e-03
705 8.846361e-05 1.344908e-02
706 4.255455e-06 1.527693e-03
707 2.192342e-04 1.265137e-02
708 3.590757e-06 4.920938e-03
709 6.649539e-06 2.804574e-03
710 4.316960e-05 4.785478e-03
711 8.851134e-07 1.182265e-03
712 1.422939e-05 4.034570e-03
713 4.747702e-05 4.477253e-03
714 2.360083e-06 2.413345e-03
715 3.909506e-05 7.462419e-03
716 2.908807e-05 6.942872e-03
717 5.483288e-05 3.534171e-03
718 7.226802e-07 2.631624e-03
719 1.150374e-03 6.600946e-02
720 2.562441e-07 1.183682e-03
721 1.105480e-05 1.727757e-03
722 1.180862e-06 2.707914e-03
723 5.396603e-05 1.345043e-02
724 1.258262e-05 2.515413e-03
725 1.924620e-06 1.402661e-03
726 9.082285e-05 1.541582e-02
727 4.110181e-06 4.254273e-03
728 3.127985e-05 4.317234e-03
729 9.907059e-06 6.712874e-03
730 3.777814e-05 1.984130e-03
731 2.318951e-04 4.008418e-02
732 5.526018e-07 1.349381e-03
733 1.409186e-07 9.134849e-04
734 4.002259e-06 2.683250e-03
735 5.873080e-06 3.120142e-03
736 1.110645e-05 5.396155e-03
737 3.932684e-07 1.345700e-03
738 3.945679e-04 3.055617e-02
739 9.169869e-06 2.993983e-03
740 9.031579e-05 9.322371e-03
741 2.324407e-05 7.200396e-03
742 6.728241e-05 7.632944e-03
743 1.875125e-03 9.060313e-02
744 1.448366e-06 2.502732e-03
745 5.844351e-06 2.345075e-03
746 6.329169e-05 7.354503e-03
747 2.283791e-05 5.028234e-03
748 1.681602e-04 2.174335e-02
749 1.221423e-03 9.391962e-02
750 4.541619e-05 3.180189e-03
751 2.803161e-05 7.658756e-03
752 1.980758e-06 1.827945e-03
753 2.502933e-06 2.804555e-03
754 5.719095e-04 4.420124e-02
755 1.192611e-04 6.117020e-03
756 9.371926e-05 6.608269e-03
757 6.319594e-06 1.422893e-03
758 2.649659e-05 8.075025e-03
759 1.036591e-04 3.634780e-03
760 6.981273e-06 1.973918e-03
761 1.157473e-04 5.821367e-03
762 8.990778e-05 8.426165e-03
763 1.432943e-06 1.933162e-03
764 1.690645e-05 8.887720e-03
765 3.842435e-06 1.037561e-02
766 3.419340e-05 4.502382e-03
767 5.152142e-06 5.096677e-03
768 5.289634e-05 6.285562e-03
769 1.561195e-05 6.299092e-03
770 2.316437e-04 2.023020e-02
771 1.504678e-05 2.997288e-03
772 1.286516e-06 1.524404e-03
773 6.402819e-05 1.404997e-02
774 6.760057e-06 1.699009e-03
775 4.172913e-04 1.035092e-02
776 1.608702e-04 1.366305e-02
777 1.128051e-04 6.582666e-03
778 1.152943e-04 1.839426e-02
779 7.854071e-05 2.582059e-02
780 1.288561e-05 8.252128e-03
781 2.369367e-04 1.112084e-02
782 1.226760e-05 2.400331e-03
783 4.011986e-05 4.832875e-03
784 8.664247e-06 5.719932e-03
785 4.175072e-05 4.568085e-03
786 5.310869e-05 1.386230e-02
787 5.452655e-05 8.642775e-03
788 5.759534e-05 8.110119e-03
789 2.216685e-06 1.255395e-03
790 1.968616e-04 1.637063e-02
791 1.906645e-05 4.843783e-03
792 2.741031e-05 3.815877e-03
793 3.694920e-05 6.079052e-03
794 2.945463e-05 3.569957e-03
795 1.697993e-03 2.324929e-01
796 2.797919e-06 3.070179e-03
797 6.787734e-04 5.667098e-02
798 1.467155e-03 5.683447e-02
799 4.495039e-06 3.112060e-03
800 7.787711e-05 5.864122e-03
801 9.206343e-06 3.698978e-03
802 1.846395e-04 2.739069e-02
803 1.138696e-04 1.482330e-02
804 8.617692e-05 6.657705e-03
805 1.258624e-05 3.559020e-03
806 1.920789e-04 1.908322e-02
807 1.764947e-04 3.637349e-02
808 1.534002e-05 2.650554e-03
809 2.755985e-03 5.136785e-02
810 2.312373e-05 5.048861e-03
811 2.282551e-04 1.528194e-02
812 2.544003e-05 5.948465e-03
813 4.425823e-06 5.268525e-03
814 2.862678e-06 7.075225e-03
815 1.180258e-04 1.311480e-02
816 3.970812e-04 1.303464e-02
817 2.171019e-03 1.051053e-01
818 1.497377e-05 2.867176e-03
819 9.976024e-04 5.488253e-02
820 6.560738e-05 1.419842e-02
821 1.265413e-04 1.917562e-02
822 2.649626e-06 3.466388e-03
823 1.898052e-05 8.369713e-03
824 5.039504e-05 1.234963e-02
825 8.827932e-05 1.592215e-02
826 4.190564e-05 4.503428e-03
827 3.069126e-06 3.121007e-03
828 1.624964e-04 1.546819e-02
829 3.084474e-05 5.584000e-03
830 4.165295e-04 4.474182e-02
831 4.882449e-05 4.967449e-03
832 3.896129e-05 4.038464e-03
833 1.367782e-04 1.788002e-02
834 9.483190e-05 1.629374e-02
835 3.624150e-06 2.129432e-03
836 1.625232e-06 9.933695e-04
837 3.062900e-05 1.297818e-02
838 1.012557e-05 2.408814e-03
839 2.951788e-05 1.282654e-02
840 1.549698e-04 2.170361e-02
841 9.735938e-05 1.069515e-02
842 1.495322e-03 1.289172e-01
843 1.430634e-04 1.047666e-02
844 1.581905e-04 2.226186e-02
845 3.456597e-04 2.597124e-02
846 1.907648e-05 5.560473e-03
847 1.197112e-05 5.518894e-03
848 1.589343e-04 4.613782e-02
849 1.765408e-05 5.080045e-03
850 2.264466e-03 1.264552e-01
851 3.829842e-05 6.928586e-03
852 7.035901e-04 5.919427e-02
853 2.527308e-04 3.956682e-02
854 5.126189e-04 4.180222e-02
855 1.082488e-03 7.662993e-02
856 2.725051e-04 1.373836e-02
857 2.910119e-04 3.781988e-02
858 7.121524e-05 1.385847e-02
859 3.044324e-06 3.789573e-03
860 1.406057e-04 2.348214e-02
861 1.182025e-06 1.601323e-03
862 1.525614e-05 1.511363e-02
863 1.283512e-04 9.152830e-03
864 1.061874e-05 6.372411e-03
865 1.958061e-04 2.757795e-02
866 4.204914e-04 5.601043e-02
867 2.083528e-03 1.074649e-01
868 3.409435e-05 5.126000e-03
869 4.708761e-05 3.004308e-02
870 1.974989e-05 3.428586e-02
871 7.639244e-05 1.810807e-02
872 2.967484e-04 1.071608e-01
873 2.355291e-04 5.135966e-02
874 8.383333e-04 4.088932e-02
875 5.179578e-05 3.688146e-03
876 9.891950e-08 1.061046e-03
877 1.271539e-05 8.869631e-03
878 5.167692e-04 9.259385e-02
879 7.305399e-04 2.302321e-02
880 4.255460e-05 7.630162e-03
881 8.909476e-06 2.221377e-03
882 2.737724e-04 3.588524e-02
883 2.762901e-03 7.361237e-02
884 5.463792e-04 3.754105e-02
885 9.247077e-05 2.704837e-02
886 2.341164e-05 7.483122e-03
887 5.500780e-05 1.027994e-02
888 3.045618e-05 1.059364e-02
889 2.308812e-04 1.916409e-02
890 1.047193e-04 1.968200e-02
891 6.116368e-04 1.055341e-01
892 3.603128e-06 2.778818e-03
893 6.963829e-05 2.587495e-02
894 4.126072e-05 5.321450e-03
895 4.082102e-04 1.845563e-02
896 9.952955e-05 5.123884e-02
897 4.786049e-04 3.151947e-02
898 3.724283e-05 5.040169e-03
899 9.190452e-06 1.247152e-02
900 6.712721e-05 1.116700e-02
901 5.851544e-04 2.341079e-02
902 1.879981e-06 1.934797e-03
903 4.285864e-04 1.763513e-02
904 1.110411e-05 2.077520e-02
905 3.807201e-05 6.007241e-03
906 1.113563e-05 7.272034e-03
907 6.814295e-06 1.824066e-03
908 4.969086e-06 8.658029e-03
909 1.459315e-04 1.405427e-02
910 1.758341e-04 7.881998e-03
911 1.148762e-04 1.741693e-02
912 7.239483e-06 9.214148e-03
913 2.752087e-06 3.183000e-03
914 7.213342e-06 7.289487e-03
915 2.621987e-04 1.389493e-02
916 1.225879e-06 2.772782e-03
917 1.527216e-06 2.354832e-03
918 2.559420e-06 2.569292e-03
919 1.649032e-03 8.541994e-02
920 3.828500e-06 6.388077e-03
921 1.982465e-05 2.639550e-03
922 1.405700e-04 1.278359e-02
923 2.022882e-06 5.072085e-03
924 5.327532e-04 5.473788e-02
925 2.902286e-04 2.843066e-02
926 1.892210e-04 2.263704e-02
927 4.163480e-04 4.860939e-02
928 8.755889e-05 3.677823e-02
929 2.985769e-04 2.341349e-02
930 7.086197e-05 2.518745e-02
931 8.653236e-05 1.030016e-02
932 1.976679e-04 1.561162e-02
933 6.055898e-06 2.860822e-03
934 2.481492e-05 4.659878e-03
935 9.644000e-06 3.338594e-03
936 5.655764e-05 1.491970e-02
937 6.646050e-06 5.606702e-03
938 8.692102e-06 2.093597e-03
939 6.851512e-05 6.607267e-03
940 1.326662e-03 5.899870e-02
941 2.066066e-05 2.647767e-03
942 2.046175e-03 5.494151e-02
943 3.315217e-05 1.615667e-02
944 7.647622e-07 1.955330e-03
945 1.128004e-04 7.803288e-03
946 2.444305e-06 2.086957e-03
947 3.964130e-05 1.464685e-02
948 1.579365e-07 1.476565e-03
949 5.192453e-05 1.365174e-02
950 3.513270e-04 4.676184e-02
951 1.693428e-04 2.694451e-02
952 2.598456e-04 2.596806e-02
953 3.401257e-07 2.407245e-03
954 1.978714e-04 2.430074e-02
955 7.386096e-06 3.331926e-03
956 1.747867e-04 6.434388e-03
957 1.929493e-04 1.290526e-02
958 1.054675e-04 8.873305e-03
959 8.389801e-05 1.424754e-02
960 1.456732e-06 2.382507e-03
961 1.184015e-05 8.853948e-03
962 7.691326e-06 1.035453e-02
963 9.757406e-06 3.333731e-03
964 3.117234e-06 1.654323e-03
965 9.823587e-05 6.847065e-03
966 2.192930e-05 4.145248e-03
967 6.071354e-05 5.557473e-03
968 1.775808e-04 6.759658e-03
969 9.277806e-04 1.737165e-02
970 9.915265e-05 7.972136e-03
971 1.912148e-05 5.713491e-03
972 2.790641e-04 2.241392e-02
973 4.065812e-05 5.418120e-03
974 2.675546e-05 3.461821e-03
975 4.684190e-04 2.159519e-02
976 9.228187e-04 4.058572e-02
977 5.191529e-05 4.272398e-03
978 1.100682e-04 1.422266e-02
979 9.390076e-06 2.259262e-03
980 1.835983e-04 1.150037e-02
981 2.153283e-05 8.982092e-03
982 1.968467e-06 1.254919e-03
983 1.420368e-05 3.351933e-03
984 1.002858e-04 1.396576e-02
985 5.416349e-05 4.716803e-02
986 2.148860e-03 1.007284e-01
987 6.404907e-06 5.792158e-03
988 1.289482e-06 1.937674e-03
989 1.015555e-04 8.678392e-03
990 5.220263e-06 1.914517e-03
991 4.338560e-03 1.233224e-01
992 3.234787e-05 4.208759e-03
993 9.776827e-06 8.053154e-03
994 1.481334e-07 1.339642e-03
995 3.648718e-05 1.369237e-02
996 2.685004e-03 9.701359e-02
997 4.043461e-05 5.693766e-03
998 1.399176e-05 2.740885e-03
999 1.199306e-04 1.132349e-02
1000 1.481334e-07 1.339642e-03
1001 1.571530e-05 8.190097e-03
1002 4.546190e-04 4.229977e-02
1003 3.805877e-05 7.642511e-03
1004 1.700335e-04 2.772637e-02
1005 6.731732e-06 1.679945e-03
1006 1.827918e-03 6.492584e-02
1007 5.993122e-06 2.711360e-03
1008 2.150076e-05 4.647367e-03
1009 2.936835e-06 1.806424e-03
1010 8.719393e-05 7.772489e-03
1011 4.587325e-05 1.613381e-02
1012 8.126385e-04 9.228861e-02
1013 4.345074e-05 8.699057e-03
1014 7.517222e-05 5.118152e-03
1015 1.131099e-04 2.366211e-02
1016 3.017058e-05 5.408953e-03
1017 3.992053e-04 1.454072e-02
1018 5.143935e-04 5.251045e-02
1019 3.381988e-06 1.861139e-03
1020 9.015147e-06 1.073175e-02
1021 1.299569e-04 1.158375e-02
1022 9.175988e-07 1.391938e-03
1023 1.390550e-04 1.387822e-02
1024 7.269719e-05 7.152120e-03
1025 3.897502e-07 1.506598e-03
1026 7.679676e-07 1.924615e-03
1027 2.143215e-05 6.735568e-03
1028 2.665405e-04 7.496322e-02
1029 1.487970e-05 3.486628e-03
1030 1.217113e-05 2.565863e-03
1031 2.751743e-05 7.448145e-03
1032 8.845992e-04 1.023160e-01
1033 2.630388e-06 1.483993e-03
1034 5.991579e-05 1.153375e-02
1035 6.477024e-05 1.040039e-02
1036 6.671068e-04 2.599973e-02
1037 7.660192e-07 2.990903e-03
1038 5.094335e-06 2.714652e-03
1039 4.713196e-05 5.056874e-03
1040 5.562510e-06 2.817567e-03
1041 3.339350e-04 4.744965e-02
1042 4.324391e-05 4.693615e-03
1043 8.150594e-07 1.218816e-03
1044 8.618009e-06 2.592086e-03
1045 4.113195e-06 2.248353e-03
1046 9.577965e-08 1.274146e-03
1047 2.291614e-06 1.235854e-03
1048 4.458751e-06 4.251938e-03
1049 8.076237e-07 1.133523e-03
1050 3.440904e-03 1.518335e-01
1051 2.417164e-04 2.763374e-02
1052 1.007670e-05 1.937929e-03
1053 2.282610e-05 5.288265e-03
1054 4.766188e-06 1.758258e-03
1055 8.076237e-07 1.133523e-03
1056 7.627918e-05 6.749825e-03
1057 5.875832e-05 7.915349e-03
1058 2.711171e-06 1.450194e-03
1059 2.548575e-04 1.693825e-02
1060 5.803764e-06 1.369335e-03
1061 1.585139e-05 1.868762e-03
1062 5.242548e-07 1.129051e-03
1063 4.443765e-05 2.193658e-02
1064 5.322798e-04 2.085636e-02
1065 1.238366e-06 1.789641e-03
1066 1.978427e-06 1.141278e-03
1067 6.289778e-05 1.046820e-02
1068 4.551972e-06 1.570878e-03
1069 1.415576e-05 2.226717e-03
1070 1.430175e-06 1.154474e-03
1071 4.359880e-06 1.490890e-03
1072 7.438765e-06 2.368661e-03
1073 1.214346e-06 1.282526e-03
1074 3.163687e-06 1.827778e-03
1075 3.970140e-06 3.454511e-03
1076 2.200679e-05 2.984801e-03
1077 1.693898e-05 3.905181e-03
1078 1.660027e-04 8.968158e-03
1079 2.554962e-05 3.719389e-03
1080 4.362544e-04 2.530484e-02
1081 6.011239e-04 2.768681e-02
1082 5.410388e-06 2.878542e-03
1083 2.514450e-05 2.505428e-03
1084 1.361356e-06 1.168603e-03
1085 5.598053e-06 1.502545e-03
1086 3.484986e-06 2.606840e-03
1087 1.500283e-06 1.301094e-03
1088 3.487923e-05 2.754298e-03
1089 9.346879e-07 1.243711e-03
1090 1.327667e-06 1.185601e-03
1091 5.991416e-06 1.454654e-03
1092 3.948041e-06 1.595263e-03
1093 2.607109e-04 1.356885e-02
1094 1.050451e-04 8.411739e-03
1095 1.073544e-05 2.118803e-03
1096 1.248556e-04 1.344256e-02
1097 2.352592e-04 3.463869e-02
1098 1.121317e-05 7.528116e-03
1099 6.918128e-06 3.415132e-03
1100 7.687533e-07 1.103683e-03
1101 1.379297e-04 2.115713e-02
1102 2.803539e-05 1.038991e-02
1103 9.505270e-06 3.211110e-03
1104 9.851490e-05 1.879386e-02
1105 2.168969e-06 2.050126e-03
1106 6.471713e-04 2.480315e-02
1107 5.976417e-06 2.455897e-03
1108 3.127495e-05 6.356717e-03
1109 1.028112e-06 1.798606e-03
1110 3.351877e-05 7.341691e-03
1111 7.698961e-06 1.891654e-03
1112 8.205193e-07 1.775233e-03
1113 4.760435e-05 1.189987e-02
1114 1.410715e-04 8.544625e-03
1115 9.806911e-04 2.657920e-02
1116 2.649511e-07 1.963245e-03
1117 1.430951e-03 3.717055e-02
1118 1.372858e-05 4.570113e-03
1119 6.513253e-05 2.208428e-02
1120 6.174461e-04 3.276244e-02
1121 2.497642e-05 4.267677e-03
1122 4.670830e-05 1.224822e-02
1123 1.829517e-05 3.072730e-03
1124 2.902026e-05 1.251922e-02
1125 1.233468e-05 3.293410e-03
1126 1.173875e-05 6.408995e-03
1127 7.992932e-06 4.158337e-03
1128 1.815734e-04 3.599294e-02
1129 3.327184e-05 3.867213e-03
1130 4.016152e-05 1.042970e-02
1131 4.275697e-04 3.383415e-02
1132 1.320004e-04 5.697733e-03
1133 6.400427e-06 1.965168e-03
1134 1.678483e-04 9.266415e-03
1135 3.535779e-05 5.847505e-03
1136 3.666037e-04 1.389117e-02
1137 1.359764e-04 1.679257e-02
1138 4.092133e-07 1.856345e-03
1139 6.432422e-05 4.774149e-03
1140 9.162292e-07 2.136953e-03
1141 1.109522e-05 4.269617e-03
1142 2.086734e-04 1.480013e-02
1143 4.030737e-04 4.812757e-02
1144 1.613843e-05 6.232801e-03
1145 1.037464e-04 1.972599e-02
1146 1.621692e-03 6.673617e-02
1147 3.738707e-04 2.812931e-02
1148 3.352298e-06 2.352923e-03
1149 2.756402e-04 2.334241e-02
1150 2.593625e-06 2.316671e-03
1151 1.058026e-04 1.002766e-02
1152 5.248586e-04 2.929280e-02
1153 4.762389e-06 5.044621e-03
1154 1.949113e-06 1.865891e-03
1155 1.138438e-03 5.483033e-02
1156 1.887042e-05 2.308489e-03
1157 1.741434e-04 1.463308e-02
1158 1.124128e-05 3.839815e-03
1159 2.660541e-07 1.498526e-03
1160 3.804508e-06 2.503118e-03
1161 1.821774e-04 1.508384e-02
1162 5.757741e-04 5.998754e-02
1163 3.970497e-05 3.626101e-03
1164 1.252692e-04 4.034163e-02
1165 3.450055e-03 1.426774e-01
1166 1.788821e-05 4.634248e-03
1167 1.346895e-03 6.017174e-02
1168 1.009997e-04 9.368640e-03
1169 1.391366e-05 7.587875e-03
1170 8.998764e-06 5.532929e-03
1171 3.751092e-05 8.962550e-03
1172 7.352947e-04 4.854774e-02
1173 1.826488e-07 1.096786e-03
1174 1.905254e-03 7.281735e-02
1175 2.967035e-04 1.125297e-02
1176 1.890708e-06 1.735187e-03
1177 3.888548e-04 2.314166e-02
1178 5.619904e-04 6.646711e-02
1179 1.108537e-04 1.136216e-02
1180 1.917368e-05 5.883334e-03
1181 4.201478e-06 1.381111e-03
1182 1.034246e-05 7.178715e-03
1183 1.102701e-03 2.243531e-02
1184 5.578733e-05 1.336583e-02
1185 4.567676e-05 9.925478e-03
1186 2.635140e-04 1.906360e-02
1187 7.514933e-05 3.514553e-03
1188 4.395196e-06 1.838093e-03
1189 7.750332e-06 2.289095e-03
1190 1.458341e-07 1.980898e-03
1191 2.251903e-06 2.150646e-03
1192 3.397576e-04 7.973061e-02
1193 1.577249e-06 3.144697e-03
1194 1.175194e-04 1.854136e-02
1195 5.765383e-04 3.255861e-02
1196 4.716986e-06 4.724153e-03
1197 1.535179e-05 3.022243e-03
1198 6.769660e-06 1.673082e-03
1199 6.974679e-04 2.339801e-02
1200 7.157606e-04 4.458388e-02
1201 1.927500e-07 1.119882e-03
1202 6.200751e-05 6.150073e-03
1203 2.207085e-04 2.653188e-02
1204 5.122905e-05 4.086007e-03
1205 1.208667e-07 1.938224e-03
1206 6.458255e-04 4.424982e-02
1207 2.128810e-05 3.315728e-03
1208 9.851566e-06 3.422584e-03
1209 2.341737e-04 3.058513e-02
1210 2.106883e-04 9.668975e-03
1211 1.725497e-04 1.291907e-02
1212 2.146848e-05 2.732819e-03
1213 1.084199e-05 4.709283e-03
1214 3.179635e-05 3.276564e-03
1215 8.668009e-06 2.228520e-03
1216 2.309512e-06 2.167888e-03
1217 4.705860e-05 2.588405e-02
1218 3.629016e-05 4.565653e-03
1219 1.769238e-04 6.328568e-03
1220 6.247028e-05 1.755260e-02
1221 6.454977e-05 1.502490e-02
1222 4.357381e-05 2.112824e-02
1223 5.334223e-05 1.615624e-02
1224 1.465172e-05 8.035386e-03
1225 5.472900e-06 2.084175e-03
1226 2.562364e-06 1.422462e-03
1227 7.167969e-06 4.006948e-03
1228 5.532612e-05 7.079504e-03
1229 8.345192e-05 1.151870e-02
1230 6.300297e-05 6.423155e-03
1231 1.082543e-04 2.550798e-02
1232 1.148495e-05 5.388886e-03
1233 1.990539e-04 1.065842e-02
1234 2.536586e-06 7.518756e-03
1235 1.895854e-04 4.250158e-02
1236 4.643992e-06 4.442133e-03
1237 6.804167e-04 9.934486e-02
1238 7.132292e-05 1.064509e-02
1239 2.456190e-05 5.621999e-03
1240 6.366599e-06 3.023753e-03
1241 2.379043e-05 2.337846e-03
1242 9.687944e-04 1.049526e-01
1243 1.679198e-04 2.162100e-02
1244 9.195372e-06 3.069177e-03
1245 3.632241e-05 4.897855e-03
1246 1.491758e-06 1.963633e-03
1247 1.022500e-05 3.354483e-03
1248 2.933401e-04 2.424335e-02
1249 6.033203e-06 9.564974e-03
1250 5.010662e-06 6.007434e-03
1251 9.965314e-05 1.196793e-02
1252 1.974776e-05 4.317775e-03
1253 1.036113e-03 1.089053e-01
1254 8.428236e-06 5.010492e-03
1255 6.586712e-05 9.556355e-03
1256 1.794400e-05 2.124969e-03
1257 4.864026e-04 5.194414e-02
1258 2.445064e-05 4.079875e-03
1259 1.358431e-04 1.516647e-02
1260 1.173194e-03 8.520673e-02
1261 9.976565e-06 3.877685e-03
1262 1.319841e-04 9.715790e-03
1263 4.021149e-04 3.447229e-02
1264 2.245853e-04 2.491639e-02
1265 1.118794e-05 7.900222e-03
1266 7.375397e-05 2.894666e-02
1267 8.539041e-05 1.463867e-02
1268 7.104080e-06 8.785430e-03
1269 1.241733e-05 8.032222e-03
1270 2.543234e-03 1.169878e-01
1271 4.914611e-04 2.426934e-02
1272 5.542747e-07 1.249365e-03
1273 1.508143e-04 1.708902e-02
1274 2.027328e-05 1.602971e-02
1275 2.450625e-04 1.793898e-02
1276 4.919723e-04 2.526844e-02
1277 6.630997e-04 4.452275e-02
1278 5.073687e-04 4.603412e-02
1279 2.206634e-06 2.055868e-03
1280 3.728472e-04 5.510575e-02
1281 1.845061e-05 3.989126e-03
1282 2.075524e-04 9.826523e-03
1283 1.091351e-04 1.634039e-02
1284 3.378292e-05 3.215195e-03
1285 3.115475e-04 2.286029e-02
1286 4.895376e-06 3.123775e-03
1287 6.721168e-05 8.734718e-03
1288 1.058284e-04 1.088586e-02
1289 5.293503e-05 8.123489e-03
1290 6.268497e-05 2.277857e-02
1291 5.904349e-05 4.823311e-03
1292 7.707620e-04 1.315776e-01
1293 4.206395e-06 3.201685e-03
1294 1.833422e-05 4.732200e-03
1295 5.026557e-06 2.939528e-03
1296 4.674163e-05 1.175872e-02
1297 2.090334e-04 3.969935e-02
1298 2.185750e-05 9.168547e-03
1299 2.077780e-05 3.045498e-03
1300 5.567187e-06 2.532913e-03
1301 2.587790e-06 2.919092e-03
1302 4.764287e-04 2.533315e-02
1303 1.566988e-05 6.350499e-03
1304 3.558874e-05 5.546834e-03
1305 8.623226e-05 1.455988e-02
1306 3.292305e-05 4.063740e-03
1307 1.285954e-05 4.177598e-03
1308 1.769914e-06 2.376903e-03
1309 1.079033e-04 2.944515e-02
1310 1.577614e-06 1.406812e-03
1311 1.470340e-03 1.031356e-01
1312 3.615179e-04 5.727478e-02
1313 2.587121e-06 1.641997e-03
1314 2.196388e-05 4.787480e-03
1315 1.438869e-05 2.439311e-03
1316 7.722559e-06 1.870428e-03
1317 1.629084e-06 1.330757e-03
1318 7.472494e-05 2.771406e-02
1319 8.743245e-04 7.711366e-02
1320 8.574082e-06 3.416081e-03
1321 5.338341e-05 1.137344e-02
1322 3.516498e-07 1.126743e-03
1323 3.136518e-06 1.804945e-03
1324 2.499338e-04 1.435807e-02
1325 1.294593e-05 9.024740e-03
1326 1.309739e-05 4.189939e-03
1327 1.716187e-04 1.658881e-02
1328 1.222320e-05 2.295050e-03
1329 7.048763e-05 6.517698e-03
1330 1.734432e-05 6.859544e-03
1331 3.551264e-06 2.008745e-03
1332 1.020443e-06 1.386412e-03
1333 1.014854e-04 5.266401e-03
1334 7.523134e-05 7.304750e-03
1335 5.921878e-05 1.091151e-02
1336 1.156291e-05 3.128740e-03
1337 5.090669e-05 4.405057e-03
1338 4.698313e-05 3.814213e-03
1339 1.699662e-04 1.272354e-02
1340 5.623172e-05 5.040531e-03
1341 2.683835e-03 7.059554e-02
1342 1.803600e-05 2.018893e-03
1343 7.524374e-06 1.921550e-03
1344 2.814982e-06 3.125547e-03
1345 1.676070e-05 1.222062e-02
1346 5.354909e-05 7.085292e-03
1347 7.569968e-07 1.327411e-03
1348 2.700746e-05 6.603234e-03
1349 3.038349e-04 7.961514e-02
1350 1.070520e-04 6.965141e-03
1351 2.767897e-05 4.707332e-03
1352 3.974459e-05 7.222578e-03
1353 4.353687e-05 8.656036e-03
1354 9.434100e-06 4.443143e-03
1355 4.256053e-05 6.015449e-03
1356 1.885777e-04 1.192036e-02
1357 1.876135e-05 5.682228e-03
1358 1.652409e-05 3.903856e-03
1359 3.292333e-06 1.975608e-03
1360 1.659723e-05 3.659393e-03
1361 3.820436e-05 5.143482e-03
1362 1.917421e-04 8.133108e-03
1363 1.687023e-05 4.690900e-03
1364 5.595024e-04 1.911963e-02
1365 2.261802e-06 4.123669e-03
1366 4.849271e-06 3.789004e-03
1367 4.039505e-06 1.627620e-03
1368 1.167038e-04 2.898875e-02
1369 2.531417e-07 2.451225e-03
1370 8.456731e-07 1.557121e-03
1371 8.302314e-05 1.165497e-02
1372 6.100952e-06 3.860294e-03
1373 2.169323e-05 3.292887e-03
1374 1.127094e-05 3.158702e-03
1375 3.666934e-05 5.907645e-03
1376 2.716934e-03 2.344477e-01
1377 4.364901e-05 7.210600e-03
1378 2.323034e-06 1.337037e-03
1379 2.911104e-05 2.303146e-03
1380 7.835269e-04 7.559691e-02
1381 2.903746e-06 2.991822e-03
1382 9.845403e-07 1.185464e-03
1383 1.748534e-04 1.483791e-02
1384 9.218576e-06 4.162221e-03
1385 9.218576e-06 4.162221e-03
1386 1.533178e-05 4.597016e-03
1387 1.343932e-05 4.609916e-03
1388 3.702242e-05 3.027921e-03
1389 7.759631e-06 2.712511e-03
1390 2.101701e-05 2.272584e-03
1391 3.873647e-05 5.829426e-03
1392 1.065653e-05 1.682085e-03
1393 1.330272e-05 7.392371e-03
1394 3.629264e-05 5.743570e-03
1395 1.928613e-04 2.782114e-02
1396 9.155419e-05 1.834662e-02
1397 3.770572e-06 2.673999e-03
1398 1.032988e-04 1.474552e-02
1399 8.233948e-05 1.576175e-02
1400 1.198717e-05 4.030225e-03
1401 3.942997e-04 4.197278e-02
1402 1.639331e-05 3.280266e-03
1403 1.983760e-05 4.076454e-03
1404 2.994265e-06 2.024408e-03
1405 3.029832e-06 3.747480e-03
1406 4.240467e-05 8.620078e-03
1407 8.931727e-06 2.480097e-03
1408 1.076009e-03 9.601665e-02
1409 1.946724e-04 4.064226e-02
1410 6.228324e-05 9.507062e-03
1411 1.058103e-04 5.870151e-03
1412 7.996136e-06 4.147781e-03
1413 1.888628e-07 1.139204e-03
1414 4.958827e-06 2.311859e-03
1415 5.559600e-05 4.026545e-03
1416 6.167870e-06 2.862457e-03
1417 1.836462e-05 2.117992e-03
1418 1.338469e-05 4.211877e-03
1419 2.303271e-05 3.607013e-03
1420 8.469653e-05 8.944848e-03
1421 9.577241e-05 7.631840e-03
1422 2.401044e-04 1.142829e-02
1423 1.096862e-05 3.502692e-03
1424 4.301290e-05 4.497382e-03
1425 4.301290e-05 4.497382e-03
1426 4.301290e-05 4.497382e-03
1427 2.584925e-05 3.536687e-03
1428 3.350792e-05 5.098085e-03
1429 1.311463e-04 6.945227e-03
1430 7.456480e-04 2.925248e-02
1431 1.469705e-04 2.295284e-02
1432 5.678681e-05 1.599207e-02
1433 4.857978e-05 6.178369e-03
1434 8.514401e-06 2.662952e-03
1435 8.913400e-06 2.720203e-03
1436 1.090990e-05 3.540222e-03
1437 5.084016e-06 1.992575e-03
1438 7.523184e-05 6.780351e-03
1439 1.801795e-03 8.446194e-02
1440 3.469711e-06 2.624061e-03
1441 3.044271e-06 1.664223e-03
1442 2.067527e-05 4.581696e-03
1443 5.100077e-06 3.814531e-03
1444 2.395965e-05 3.526148e-03
1445 3.445282e-05 6.083912e-03
1446 2.280944e-05 2.820248e-03
1447 4.128073e-03 1.611706e-01
1448 5.295767e-06 1.867924e-03
1449 4.364766e-06 2.901630e-03
1450 9.045976e-05 7.626331e-03
1451 8.317068e-05 1.067412e-02
1452 3.337007e-04 2.957517e-02
1453 5.080132e-07 2.938383e-03
1454 2.267994e-05 3.062677e-03
1455 4.543370e-05 4.907590e-03
1456 6.630577e-06 1.532612e-03
1457 2.191220e-06 1.914568e-03
1458 3.281166e-06 2.164619e-03
1459 3.895602e-05 4.175405e-03
1460 7.978909e-05 1.126752e-02
1461 7.191197e-06 1.652948e-03
1462 6.939820e-06 1.528482e-03
1463 1.045462e-06 1.390778e-03
1464 5.573653e-06 1.913682e-03
1465 2.381601e-06 1.356591e-03
1466 9.832905e-05 1.591991e-02
1467 6.905455e-05 5.657394e-03
1468 5.375665e-05 5.640485e-03
1469 2.234406e-05 7.890719e-03
1470 2.038604e-06 3.663289e-03
1471 3.232374e-05 7.243579e-03
1472 1.492991e-05 5.734421e-03
1473 1.169327e-05 3.255070e-03
1474 9.518122e-05 1.513846e-02
1475 1.062825e-06 1.725028e-03
1476 8.586978e-05 1.469296e-02
1477 2.950721e-07 1.739975e-03
1478 4.851531e-05 1.179357e-02
1479 9.596567e-06 9.042974e-03
1480 2.008650e-04 3.664068e-02
1481 5.255153e-05 2.406914e-02
1482 2.099324e-05 1.035602e-02
1483 2.716118e-05 3.035051e-03
1484 1.290114e-04 4.350742e-02
1485 6.772641e-05 2.067312e-02
1486 3.825283e-04 3.339061e-02
1487 2.261213e-06 1.907915e-03
1488 2.831820e-04 1.481768e-02
1489 1.711591e-06 1.355043e-03
1490 7.720210e-06 2.973816e-03
1491 8.854818e-05 3.610439e-02
1492 1.067920e-05 6.430848e-03
1493 6.617581e-05 9.949756e-03
1494 4.133832e-06 2.827786e-03
1495 3.823050e-05 5.493376e-03
1496 1.176789e-05 3.736230e-03
1497 4.793589e-04 5.733650e-02
1498 6.462445e-06 4.875565e-03
1499 4.503684e-06 2.838334e-03
1500 2.729562e-05 3.848949e-03
1501 4.547989e-06 4.696494e-03
1502 4.793689e-04 2.619757e-02
1503 4.980492e-04 5.070613e-02
1504 7.863566e-05 8.739962e-03
1505 2.240469e-05 5.026585e-03
1506 2.954754e-05 3.983458e-03
1507 1.208864e-04 7.208498e-03
1508 7.250285e-04 5.242223e-02
1509 2.687850e-05 3.792081e-03
1510 3.314277e-05 6.343643e-03
1511 3.204254e-05 4.439880e-03
1512 3.551466e-05 6.259612e-03
1513 2.128636e-05 6.028163e-03
1514 1.468727e-05 5.915361e-03
1515 1.174055e-03 6.020953e-02
1516 2.082083e-05 1.003729e-02
1517 4.923374e-04 4.190063e-02
1518 1.015514e-05 4.724677e-03
1519 1.988081e-05 8.931772e-03
1520 1.129345e-06 1.703823e-03
1521 1.565575e-05 6.809526e-03
1522 1.262024e-04 1.175594e-02
1523 5.456620e-05 7.160973e-03
1524 1.076190e-04 1.265586e-02
1525 1.140133e-04 1.693164e-02
1526 2.218558e-05 1.101347e-02
1527 3.309052e-05 1.077945e-02
1528 6.823380e-05 7.939742e-03
1529 2.331897e-05 4.616679e-03
1530 4.410676e-05 1.311262e-02
1531 7.397790e-05 7.966550e-03
1532 1.428200e-05 4.245322e-03
1533 2.854448e-05 5.437191e-03
1534 1.742178e-05 6.843861e-03
1535 2.753836e-06 1.466746e-03
1536 5.470617e-06 2.453851e-03
1537 1.167139e-05 3.286547e-03
1538 7.572925e-06 3.657571e-03
1539 7.203306e-06 1.886079e-03
1540 1.030078e-04 1.010747e-02
1541 2.112234e-03 8.981534e-02
1542 2.957416e-04 5.119823e-02
1543 1.027088e-03 8.355079e-02
1544 2.822937e-05 6.826082e-03
1545 2.051227e-04 1.713638e-02
1546 1.143238e-04 5.083277e-03
1547 1.244376e-03 5.426032e-02
1548 1.813282e-04 1.016820e-02
1549 1.072384e-05 3.291208e-03
1550 1.732549e-06 4.354655e-03
1551 4.089869e-05 4.000532e-03
1552 7.543331e-04 5.499848e-02
1553 3.410527e-03 1.975606e-01
1554 1.601567e-05 7.904072e-03
1555 5.563230e-04 4.831232e-02
1556 6.809512e-05 1.043139e-02
1557 3.263897e-04 4.610136e-02
1558 3.451583e-04 1.623665e-02
1559 4.256022e-05 9.142466e-03
1560 3.352609e-04 2.580654e-02
1561 4.150417e-04 5.148237e-02
1562 1.917113e-05 5.978725e-03
1563 1.530188e-05 9.224588e-03
1564 5.747188e-04 4.192965e-02
1565 2.937756e-05 1.237268e-02
1566 2.006210e-06 5.046766e-03
1567 5.712332e-03 2.072607e-01
1568 3.748336e-05 1.315668e-02
1569 2.126581e-05 4.317111e-03
1570 3.352738e-03 7.020289e-02
1571 4.492200e-06 1.817255e-03
1572 4.061697e-05 3.521586e-03
1573 1.160320e-03 9.666536e-02
1574 5.415301e-05 8.106050e-03
1575 2.137022e-05 1.689547e-02
1576 1.946219e-04 2.325197e-02
1577 1.522078e-03 7.313041e-02
1578 5.890435e-04 1.610061e-02
1579 1.094530e-05 4.015550e-03
1580 3.244999e-03 1.553620e-01
1581 1.335166e-04 9.909875e-03
1582 1.858714e-06 2.970473e-03
1583 2.124226e-04 3.077832e-02
1584 1.175163e-04 1.025554e-02
1585 6.189924e-04 6.240006e-02
1586 4.364915e-05 7.425041e-03
1587 8.048611e-06 2.034340e-03
1588 1.466233e-04 8.132803e-03
1589 6.159515e-07 2.899365e-03
1590 1.856920e-05 3.004317e-03
1591 3.655325e-06 4.221894e-03
1592 1.601626e-05 3.300070e-03
1593 6.023588e-06 2.790259e-03
1594 2.154153e-05 8.881725e-03
1595 3.303099e-05 3.668255e-03
1596 4.681894e-05 2.461260e-02
1597 2.969801e-05 6.515685e-03
1598 2.281266e-05 4.044901e-03
1599 9.177051e-04 8.521794e-02
1600 3.011416e-05 8.677389e-03
1601 8.813088e-06 3.131071e-03
1602 2.511331e-03 2.180122e-01
1603 3.453264e-06 7.292306e-03
1604 2.300377e-05 3.955259e-03
1605 4.382992e-05 2.270739e-03
1606 1.186317e-03 1.218817e-01
1607 2.401596e-04 1.659606e-02
1608 5.931906e-06 4.368472e-03
1609 2.285228e-04 2.516879e-02
1610 3.856564e-03 1.720788e-01
1611 2.158874e-05 1.022973e-02
1612 4.405956e-06 3.507774e-03
1613 5.134699e-08 1.203695e-03
1614 9.656921e-05 1.039897e-02
1615 4.272036e-04 8.719471e-02
1616 4.159573e-06 2.535581e-03
1617 7.601538e-07 3.359581e-03
1618 1.140499e-05 1.613593e-03
1619 6.037800e-04 2.787272e-02
1620 2.159679e-04 4.827379e-02
1621 1.531561e-04 9.526020e-02
1622 1.338288e-04 1.170942e-02
1623 1.302136e-04 4.095964e-02
1624 2.253958e-03 5.599413e-02
1625 8.637655e-06 4.139633e-03
1626 1.250495e-04 3.570681e-02
1627 5.602503e-05 1.233739e-02
1628 2.715382e-04 2.725678e-02
1629 8.412496e-04 6.096007e-02
1630 7.500968e-04 7.027412e-02
1631 4.205640e-04 4.132036e-02
1632 2.703862e-04 3.460148e-02
1633 4.189921e-06 2.998586e-03
1634 2.354707e-05 6.117280e-03
1635 5.160672e-07 1.126055e-03
1636 5.890958e-06 2.799388e-03
1637 2.997187e-06 1.602008e-03
1638 1.189277e-05 2.881961e-03
1639 6.634097e-07 1.818673e-03
1640 4.123538e-04 2.690995e-02
1641 2.988963e-04 2.251647e-02
1642 2.640122e-03 8.641276e-02
1643 1.145255e-04 2.078960e-02
1644 9.893320e-06 7.617903e-03
1645 9.984827e-06 4.151764e-03
1646 6.983980e-03 2.956472e-01
1647 8.359454e-05 9.447614e-03
1648 6.625499e-06 3.036948e-03
1649 8.818847e-04 9.232284e-02
1650 3.827763e-04 2.552146e-02
1651 4.515590e-06 3.717670e-03
1652 1.674435e-04 3.977407e-02
1653 4.903640e-04 6.055921e-02
1654 4.965961e-05 1.834797e-02
1655 6.080324e-04 4.811745e-02
1656 6.656035e-05 1.430667e-02
1657 3.591456e-05 9.624401e-03
1658 6.521654e-06 4.270174e-03
1659 4.960164e-05 1.051188e-02
1660 6.000616e-05 7.176054e-03
1661 3.246828e-04 8.444086e-03
1662 3.459125e-05 4.772240e-03
1663 5.043477e-04 4.147522e-02
1664 2.542629e-05 6.635516e-03
1665 3.854621e-05 4.912401e-03
1666 3.798412e-04 2.444217e-02
1667 1.186729e-04 2.656286e-02
1668 3.461629e-08 8.844235e-04
1669 1.392590e-05 1.033608e-02
1670 1.502991e-05 2.408095e-03
1671 1.013210e-04 1.155881e-02
1672 1.253324e-03 6.524619e-02
1673 5.876883e-05 1.216110e-02
1674 1.206965e-05 8.770736e-03
1675 5.645958e-05 7.311358e-03
1676 1.576368e-06 2.604462e-03
1677 6.867972e-06 6.823079e-03
1678 1.515725e-06 3.444958e-03
1679 1.494625e-06 1.385477e-03
1680 1.417345e-04 1.082125e-02
1681 1.295137e-04 1.654019e-02
1682 4.837965e-05 1.182449e-02
1683 5.856858e-06 1.530855e-03
1684 1.235835e-05 2.522488e-03
1685 5.461066e-05 1.034568e-02
1686 2.942918e-04 1.288208e-02
1687 1.353107e-04 2.393706e-02
1688 6.770946e-05 1.089531e-02
1689 3.692237e-04 1.963763e-02
1690 4.252625e-06 1.440539e-03
1691 2.034270e-06 1.626239e-03
1692 2.472422e-05 4.778503e-03
1693 1.389442e-04 1.277661e-02
1694 2.394458e-04 2.889853e-02
1695 9.316638e-06 1.750719e-03
1696 5.071535e-04 1.093128e-01
1697 5.123024e-05 6.875924e-03
1698 4.485067e-04 5.132258e-02
1699 1.732427e-03 1.285783e-01
1700 7.089021e-06 3.894931e-03
1701 2.029127e-04 2.970756e-02
1702 7.610390e-04 5.605915e-02
1703 4.120541e-04 4.225674e-02
1704 3.733232e-06 1.407381e-03
1705 7.306609e-06 1.775766e-03
1706 6.649453e-06 1.910496e-03
1707 3.837248e-04 2.891279e-02
1708 9.841447e-06 7.817550e-03
1709 3.077127e-05 9.710952e-03
1710 7.837659e-06 1.081872e-02
1711 2.641964e-04 1.959221e-02
1712 3.032180e-04 2.485682e-02
1713 1.479024e-05 6.636502e-03
1714 1.594149e-04 1.690303e-02
1715 1.030096e-05 5.664943e-03
1716 9.239203e-06 4.186045e-03
1717 1.069879e-04 1.509797e-02
1718 1.482621e-05 1.054196e-02
1719 1.938989e-05 7.048302e-03
1720 3.697089e-05 8.167730e-03
1721 1.210839e-04 2.763756e-02
1722 3.788076e-05 7.520486e-03
1723 6.974802e-04 8.913849e-02
1724 1.015227e-05 2.430299e-03
1725 6.153287e-05 1.060779e-02
1726 5.741833e-04 3.640081e-02
1727 1.610071e-04 1.454027e-02
1728 8.581793e-05 1.499609e-02
1729 2.982851e-06 3.309387e-03
1730 3.888675e-04 3.351516e-02
1731 1.480193e-05 5.216501e-03
1732 2.257295e-06 1.825013e-03
1733 4.785897e-08 1.010220e-03
1734 2.623077e-04 1.763768e-02
1735 1.724339e-04 1.472405e-02
1736 5.390917e-07 1.136577e-03
1737 4.996828e-05 9.535639e-03
1738 1.192436e-05 2.105594e-03
1739 5.902516e-05 9.447263e-03
1740 1.391057e-04 4.649678e-02
1741 2.794960e-06 4.297849e-03
1742 1.070595e-03 4.452081e-02
1743 1.779176e-04 2.378288e-02
1744 3.019920e-04 1.600991e-02
1745 2.415700e-05 7.477011e-03
1746 1.546305e-05 2.257993e-03
1747 4.596151e-06 6.357830e-03
1748 1.994383e-03 1.735015e-01
1749 1.895843e-05 7.908881e-03
1750 2.168350e-05 7.298625e-03
1751 7.469453e-06 5.821864e-03
1752 1.663744e-06 1.958926e-03
1753 3.604911e-04 2.364951e-02
1754 4.272130e-06 4.935956e-03
1755 6.802194e-05 5.034445e-03
1756 5.610140e-06 1.686245e-02
1757 1.445084e-05 1.326740e-02
1758 2.208531e-04 9.010520e-03
1759 1.868187e-05 4.077149e-03
1760 2.306290e-03 9.745742e-02
1761 1.596314e-05 6.751660e-03
1762 9.288197e-06 3.160750e-03
1763 1.104935e-05 1.082074e-02
1764 2.395162e-05 6.201557e-03
1765 5.403148e-05 1.567429e-02
1766 9.919732e-06 3.378855e-03
1767 2.722071e-05 4.615370e-03
1768 6.758408e-05 1.973116e-02
1769 2.616782e-04 1.273976e-02
1770 2.551076e-05 7.563296e-03
1771 3.484422e-05 8.055059e-03
1772 2.350861e-03 1.126562e-01
1773 1.057135e-03 8.679314e-02
1774 4.458119e-06 2.727457e-03
1775 4.863439e-06 2.604374e-03
1776 7.183999e-05 1.833683e-02
1777 7.862344e-05 5.151966e-03
1778 4.116994e-05 5.752664e-03
1779 8.848329e-05 1.234165e-02
1780 1.774198e-06 2.730673e-03
1781 9.177067e-07 1.286256e-03
1782 2.425026e-06 3.069992e-03
1783 8.277965e-06 6.354785e-03
1784 1.590451e-04 1.715844e-02
1785 1.605731e-05 3.033082e-03
1786 1.060244e-04 2.592199e-02
1787 4.448561e-04 2.725581e-02
1788 4.959831e-06 4.289096e-03
1789 6.905746e-05 2.785702e-02
1790 1.516202e-05 1.706392e-03
1791 3.664187e-05 3.657866e-03
1792 2.300655e-05 3.190723e-03
1793 4.997145e-06 9.107160e-03
1794 4.105028e-05 1.495087e-02
1795 3.260392e-05 1.970103e-03
1796 1.082077e-03 8.554321e-02
1797 8.746161e-05 1.479743e-02
1798 2.686302e-05 5.786619e-03
1799 7.460355e-06 2.147691e-03
1800 1.704922e-04 3.512209e-02
1801 2.323663e-05 2.539123e-03
1802 5.077190e-05 1.304309e-02
1803 2.973548e-06 1.913636e-03
1804 1.941780e-06 1.933162e-03
1805 9.361171e-07 1.097708e-02
1806 2.984440e-05 4.553091e-03
1807 4.331519e-06 1.387050e-03
1808 1.612003e-03 2.178223e-01
1809 4.651192e-05 7.304682e-03
1810 3.503520e-04 2.165764e-02
1811 3.857114e-05 6.926005e-03
1812 4.842056e-05 5.366608e-03
1813 2.850056e-05 7.888487e-03
1814 2.367050e-05 2.305487e-03
1815 6.670750e-05 1.872364e-02
1816 1.570511e-04 1.679528e-02
1817 1.068498e-05 2.954324e-03
1818 4.738561e-06 4.418443e-03
1819 2.212433e-07 2.077629e-03
1820 2.996004e-06 1.527404e-03
1821 1.656536e-06 3.345529e-03
1822 6.432235e-04 2.040949e-02
1823 3.772727e-04 3.134361e-02
1824 2.800345e-04 3.533366e-02
1825 7.028718e-04 4.342138e-02
1826 7.232982e-04 3.440261e-02
1827 1.768215e-04 1.477876e-02
1828 8.995751e-05 9.815792e-03
1829 2.602376e-05 7.591696e-03
1830 2.509698e-06 2.802706e-03
1831 5.083916e-06 1.606317e-03
1832 4.966219e-05 1.292542e-02
1833 5.702261e-05 4.657485e-03
1834 3.956719e-06 3.299685e-03
1835 5.924462e-06 3.366266e-03
1836 4.614045e-04 3.254853e-02
1837 1.038053e-03 4.655151e-02
1838 3.240027e-05 3.373496e-03
1839 1.899449e-04 2.514156e-02
1840 4.424600e-04 1.802996e-02
1841 1.722135e-04 2.418181e-02
1842 6.203545e-06 6.431524e-03
1843 3.744741e-05 5.876875e-03
1844 6.642077e-06 2.608492e-03
1845 2.175863e-04 1.244158e-02
1846 1.391678e-06 3.446594e-03
1847 2.514994e-04 3.556812e-02
1848 1.880462e-06 2.151492e-03
1849 3.396359e-05 1.303913e-02
1850 1.476495e-05 1.408474e-02
1851 4.578926e-05 3.398086e-02
1852 2.342996e-05 1.319725e-02
1853 2.692971e-04 1.435068e-02
1854 2.342019e-04 6.313559e-02
1855 7.486843e-05 2.715915e-02
1856 1.426246e-06 2.224930e-03
1857 2.282725e-06 4.402674e-03
1858 2.246224e-05 2.878045e-03
1859 6.670572e-06 2.974667e-03
1860 1.280620e-04 1.255292e-02
1861 4.811702e-06 7.136690e-03
1862 1.553282e-03 7.323010e-02
1863 9.053593e-06 2.675494e-03
1864 2.909595e-06 1.940631e-03
1865 1.665216e-05 1.000783e-02
1866 8.933823e-05 1.948028e-02
1867 1.580450e-06 2.574670e-03
1868 1.662317e-05 3.135910e-03
1869 6.025617e-04 8.349694e-02
1870 1.219458e-05 4.211911e-03
1871 1.774341e-05 1.017877e-02
1872 4.553230e-06 7.063888e-03
1873 2.902590e-06 1.757391e-03
1874 8.172461e-07 1.925504e-03
1875 3.667918e-04 2.887560e-02
1876 6.571148e-06 2.230138e-03
1877 1.933113e-05 2.482996e-03
1878 1.674313e-05 6.227658e-03
1879 3.378919e-05 1.043238e-02
1880 1.546667e-04 7.430972e-03
1881 2.875009e-04 4.108382e-02
1882 2.216210e-05 2.720364e-03
1883 3.768752e-05 9.561071e-03
1884 1.269248e-04 4.914516e-03
1885 1.230365e-05 5.128448e-03
1886 1.735633e-05 4.760323e-03
1887 1.316322e-04 8.368933e-03
1888 4.060538e-06 2.664672e-03
1889 1.319933e-06 1.173579e-03
1890 4.743436e-05 7.665949e-03
1891 1.743845e-04 7.094392e-02
1892 3.298176e-05 8.942560e-03
1893 2.577029e-04 1.878094e-02
1894 2.783951e-03 1.501235e-01
1895 5.874977e-05 2.945124e-02
1896 4.320227e-04 2.026315e-02
1897 8.209428e-06 3.696504e-03
1898 1.954953e-04 3.521421e-02
1899 4.659379e-05 6.632888e-03
1900 2.061066e-04 1.068019e-02
1901 1.206317e-05 2.480456e-03
1902 4.714006e-06 1.637806e-03
1903 2.511069e-05 7.368101e-03
1904 5.882177e-05 4.787729e-03
1905 2.290446e-05 2.583865e-03
1906 1.348132e-05 4.263045e-03
1907 8.069305e-06 3.647326e-03
1908 2.816224e-06 1.487277e-03
1909 1.667522e-05 3.330612e-03
1910 1.613124e-04 2.454242e-02
1911 1.902856e-04 8.012362e-03
1912 1.023530e-04 1.519973e-02
1913 5.491314e-04 8.254094e-03
1914 1.718297e-05 3.339868e-03
1915 1.681584e-05 7.383579e-03
1916 1.269643e-03 1.116187e-01
1917 1.558134e-03 1.661587e-01
1918 1.009866e-04 2.297503e-02
1919 2.859564e-05 9.296870e-03
1920 2.658435e-05 3.179316e-03
1921 9.621911e-07 1.310136e-03
1922 2.959637e-05 2.370625e-03
1923 1.203321e-05 1.768916e-03
1924 5.160004e-06 2.098797e-03
1925 5.035604e-06 1.759652e-03
1926 5.735154e-04 2.532190e-02
1927 3.940455e-05 8.716447e-03
1928 3.821010e-06 1.615971e-03
1929 4.571413e-05 4.691208e-03
1930 9.203546e-05 1.359759e-02
1931 7.431526e-05 9.241575e-03
1932 3.478634e-04 2.160547e-02
1933 8.728286e-05 1.099630e-02
1934 2.363483e-04 3.928134e-02
1935 7.597511e-05 1.193490e-02
1936 9.928330e-05 9.196405e-03
1937 1.161353e-05 3.475625e-03
1938 7.771670e-06 1.760767e-03
1939 1.651859e-03 7.322699e-02
1940 5.384278e-05 1.953788e-02
1941 6.952544e-05 8.109288e-03
1942 2.909759e-04 4.597317e-02
1943 1.496016e-04 2.223933e-02
1944 1.184293e-04 2.007088e-02
1945 6.327693e-05 1.151235e-02
1946 7.203507e-06 4.105159e-03
1947 2.131188e-05 1.952878e-03
1948 3.068439e-06 1.626677e-03
1949 1.770403e-04 7.064865e-02
1950 1.301764e-04 1.103952e-02
1951 2.124846e-04 3.078749e-02
1952 7.349621e-06 6.065009e-03
1953 1.090196e-04 1.525979e-02
1954 5.088306e-04 2.215577e-02
1955 8.435344e-05 5.168452e-03
1956 1.765143e-04 1.600184e-02
1957 2.594568e-05 5.565652e-03
1958 1.679387e-04 1.063700e-02
1959 1.144147e-04 2.121792e-02
1960 1.889650e-04 1.234850e-02
1961 4.307603e-04 2.572398e-02
1962 1.012423e-04 1.857172e-02
1963 3.618846e-04 2.469495e-02
1964 1.050406e-05 3.237186e-03
1965 7.198428e-05 1.100656e-02
1966 1.159680e-05 6.141086e-03
1967 1.336155e-04 4.247783e-02
1968 2.011247e-06 1.847359e-03
1969 1.040051e-04 1.533771e-02
1970 2.561396e-04 1.750773e-02
1971 1.544461e-03 6.597627e-02
1972 1.732807e-05 3.857694e-03
1973 5.954773e-04 3.627245e-02
1974 7.274389e-06 3.940674e-03
1975 5.611693e-04 5.368751e-02
1976 1.608814e-04 3.242129e-02
1977 2.921965e-05 4.634881e-03
1978 3.702370e-06 3.864811e-03
1979 7.363855e-05 3.008589e-02
1980 2.987296e-05 1.761990e-03
1981 1.941197e-04 1.704345e-02
1982 8.196056e-06 2.331244e-03
1983 1.226221e-06 2.003670e-03
1984 1.673581e-04 2.071618e-02
1985 7.590181e-05 5.207704e-03
1986 6.961141e-06 3.715870e-03
1987 5.332389e-04 2.781301e-02
1988 2.287383e-04 2.596091e-02
1989 2.348342e-06 1.273357e-03
1990 5.658576e-06 2.984570e-03
1991 5.833508e-06 4.807515e-03
1992 7.712796e-04 5.819766e-02
1993 5.212727e-07 1.150993e-03
1994 5.815015e-07 1.219721e-03
1995 3.656218e-04 2.735444e-02
1996 1.395739e-05 3.349057e-03
1997 4.453320e-06 1.729050e-03
1998 2.056845e-05 3.895120e-03
1999 8.670183e-05 6.059383e-03
2000 2.164283e-06 2.376193e-03
2001 5.717298e-06 2.584551e-03
