2 3.762361e-04 3.347176e-02
3 1.751759e-03 9.110581e-02
4 1.990492e-03 6.299351e-02
5 5.308626e-04 2.102906e-02
6 8.607467e-04 7.885097e-02
7 1.569786e-04 6.862183e-03
8 2.361518e-04 1.275737e-02
9 4.810870e-05 4.992340e-03
10 6.963184e-05 4.479926e-03
11 1.108231e-03 3.310863e-02
12 1.382228e-04 4.717349e-03
13 1.152876e-03 2.253480e-02
14 2.038762e-04 1.417076e-02
15 1.065499e-04 2.138327e-02
16 4.271529e-04 1.446405e-02
17 6.044965e-05 3.231990e-03
18 2.151896e-04 6.079145e-02
19 3.417293e-04 1.632431e-02
20 1.746754e-03 3.153319e-02
21 5.795039e-04 2.006710e-02
22 5.412269e-05 6.077048e-03
23 6.029627e-04 2.205656e-02
24 1.138227e-03 2.853988e-02
25 1.554897e-04 1.070780e-02
26 2.127093e-03 8.059973e-02
27 9.852575e-05 4.151443e-03
28 8.445594e-05 9.645044e-03
29 2.936449e-03 5.398448e-02
30 7.714527e-05 3.414678e-03
31 2.045956e-04 1.230747e-02
32 4.611972e-04 1.668229e-02
33 2.261712e-05 2.512097e-03
34 1.177239e-05 2.270226e-03
35 1.444812e-03 3.755867e-02
36 1.754273e-04 5.399563e-03
37 2.164392e-03 8.090579e-02
38 2.306196e-03 5.035165e-02
39 5.210906e-03 8.691967e-02
40 1.142775e-03 4.074140e-02
41 6.488901e-05 3.348877e-03
42 2.946011e-03 8.169076e-02
43 1.233554e-04 3.994515e-03
44 1.054682e-05 1.920320e-03
45 1.040509e-05 1.909565e-03
46 7.513488e-06 1.138089e-03
47 1.482140e-05 3.961220e-03
48 4.095358e-05 3.500299e-03
49 1.232807e-04 4.259239e-03
50 1.363020e-04 5.851124e-03
51 7.078047e-06 2.515005e-03
52 3.889535e-05 3.393745e-03
53 2.516844e-05 3.312448e-03
54 1.452171e-05 3.094088e-03
55 7.683329e-06 2.541855e-03
56 4.870638e-05 5.746349e-03
57 4.014486e-05 3.544874e-03
58 1.399991e-06 1.594842e-03
59 5.238113e-05 5.218988e-03
60 4.288672e-06 2.102176e-03
61 1.483502e-05 3.420261e-03
62 1.863350e-06 1.167750e-03
63 2.845071e-05 3.999089e-03
64 3.186039e-05 5.577543e-03
65 6.593455e-06 1.825860e-03
66 7.400194e-06 2.249194e-03
67 2.048788e-05 3.005279e-03
68 2.929434e-05 4.286297e-03
69 3.623081e-05 3.037562e-03
70 4.701540e-04 1.482169e-02
71 9.020150e-06 4.102276e-03
72 5.997887e-05 3.361256e-03
73 1.249267e-05 2.377154e-03
74 1.675271e-05 4.897823e-03
75 3.383003e-05 2.514916e-03
76 2.928585e-05 3.475572e-03
77 1.079857e-05 3.503791e-03
78 1.427896e-04 8.398392e-03
79 6.309777e-05 4.118739e-03
80 4.158034e-04 1.357014e-02
81 1.105895e-05 2.422387e-03
82 1.918751e-04 5.590741e-03
83 7.593743e-06 1.915559e-03
84 4.759302e-05 4.707712e-03
85 4.519536e-05 5.033781e-03
86 3.294144e-05 4.022644e-03
87 2.878598e-04 6.379866e-03
88 4.684365e-06 2.535136e-03
89 7.852985e-05 4.486129e-03
90 5.039293e-04 1.742886e-02
91 5.269784e-05 2.413347e-03
92 1.510910e-04 8.671037e-03
93 6.524976e-05 3.717963e-03
94 4.342786e-05 4.174120e-03
95 2.698986e-05 3.975359e-03
96 3.465357e-05 2.509010e-03
97 3.806554e-05 8.531635e-03
98 3.930985e-05 3.130852e-03
99 5.228001e-03 5.589308e-02
100 1.900681e-03 3.966848e-02
101 1.253943e-03 2.752320e-02
102 1.089391e-05 1.963740e-03
103 3.603070e-04 1.073943e-02
104 1.286738e-04 2.103634e-02
105 9.127486e-05 7.468318e-03
106 3.281799e-04 6.957497e-03
107 4.063638e-05 7.877704e-03
108 7.673339e-04 2.088473e-02
109 4.842303e-05 4.695637e-03
110 1.228338e-05 2.156985e-03
111 6.358463e-05 3.624438e-03
112 1.109297e-04 7.754132e-03
113 1.479226e-04 1.186545e-02
114 9.199732e-05 6.143486e-03
115 8.236681e-05 5.548856e-03
116 1.935072e-04 1.064388e-02
117 2.131118e-05 2.527206e-03
118 8.636659e-06 2.941383e-03
119 1.051677e-04 7.189984e-03
120 5.057043e-05 4.791316e-03
121 1.610163e-05 4.316984e-03
122 2.140143e-05 2.834158e-03
123 9.144409e-05 8.196846e-03
124 3.267255e-05 2.601366e-03
125 5.058964e-04 2.233623e-02
126 2.119823e-05 3.596556e-03
127 3.564731e-05 8.574484e-03
128 1.540046e-03 8.071107e-02
129 1.707835e-03 2.857822e-02
130 3.283110e-04 1.823371e-02
131 8.014531e-04 1.965376e-02
132 2.258182e-04 8.653470e-03
133 2.881292e-03 4.954508e-02
134 5.498353e-05 3.101743e-03
135 2.085394e-04 1.259667e-02
136 4.162711e-06 2.088873e-03
137 1.317827e-04 5.829386e-03
138 1.366776e-05 2.657429e-03
139 4.120269e-05 3.518004e-03
140 2.313365e-04 8.613994e-03
141 4.192378e-05 4.637275e-03
142 5.812654e-04 8.537225e-03
143 7.374002e-04 4.132297e-02
144 3.299018e-04 1.206428e-02
145 7.317559e-04 1.265850e-02
146 1.842000e-04 6.014802e-03
147 3.831016e-04 6.747750e-03
148 2.318981e-05 3.045202e-03
149 3.030898e-04 1.795232e-02
150 2.486512e-04 2.172996e-02
151 2.117151e-04 1.059058e-02
152 4.011544e-04 2.002377e-02
153 1.187375e-04 5.289683e-03
154 8.494572e-05 6.272640e-03
155 1.029256e-05 1.651807e-03
156 5.867840e-05 3.035954e-03
157 7.656791e-05 4.097927e-03
158 7.103380e-06 3.686472e-03
159 2.811148e-04 7.165255e-03
160 6.550996e-05 6.330937e-03
161 5.068059e-05 2.259437e-03
162 1.099313e-04 4.273461e-03
163 2.127339e-04 2.987709e-03
164 3.526477e-05 2.657664e-03
165 8.160255e-06 1.288810e-03
166 1.376618e-05 1.397309e-03
167 7.741308e-05 4.138813e-03
168 2.272750e-05 2.679445e-03
169 9.288829e-05 3.367267e-03
170 2.448920e-05 1.543684e-03
171 2.331254e-04 5.989030e-03
172 7.304424e-04 2.721569e-02
173 4.257407e-04 1.126231e-02
174 6.365470e-04 2.153090e-02
175 2.760902e-06 1.155026e-03
176 1.191406e-04 4.873785e-03
177 1.088547e-05 2.870619e-03
178 4.040789e-05 6.425721e-03
179 1.018045e-04 6.969740e-03
180 2.881663e-06 1.200233e-03
181 6.655092e-04 4.795091e-02
182 2.412540e-04 7.407130e-03
183 1.084210e-04 5.552874e-03
184 3.605245e-05 4.231643e-03
185 3.336689e-06 1.405998e-03
186 3.313459e-04 1.377960e-02
187 4.872134e-03 1.221533e-01
188 2.941233e-04 1.009610e-02
189 6.954198e-05 3.448757e-03
190 1.805871e-05 3.411242e-03
191 2.169339e-05 5.882757e-03
192 4.693534e-05 3.768322e-03
193 7.814459e-05 4.014183e-03
194 4.693534e-05 3.768322e-03
195 1.092898e-04 3.953748e-03
196 3.953824e-05 3.585963e-03
197 4.620522e-04 1.149029e-02
198 2.073623e-04 5.750048e-03
199 2.672934e-04 8.304319e-03
200 8.375932e-04 1.830658e-02
201 7.887301e-04 1.883190e-02
202 5.885655e-05 5.588804e-03
203 1.705569e-03 2.674155e-02
204 4.365557e-05 3.165722e-03
205 1.908820e-04 9.030601e-03
206 1.522259e-04 6.171794e-03
207 1.638062e-04 2.268719e-02
208 1.276576e-03 2.920077e-02
209 4.343958e-04 8.958642e-03
210 4.912010e-04 2.586536e-02
211 2.615697e-04 1.155971e-02
212 2.649889e-05 3.304252e-03
213 1.621885e-04 3.918820e-03
214 1.036156e-04 6.774003e-03
215 1.579039e-04 8.433537e-03
216 6.810025e-04 1.353936e-02
217 1.768443e-05 1.587431e-03
218 1.426910e-05 3.294357e-03
219 9.393628e-06 1.471611e-03
220 1.743324e-03 7.254882e-02
221 3.127926e-05 3.910119e-03
222 2.139455e-04 7.045283e-03
223 1.733861e-04 5.054900e-03
224 1.148360e-05 1.966302e-03
225 1.538166e-05 2.931467e-03
226 1.281570e-04 6.465574e-03
227 2.687104e-05 3.573014e-03
228 6.614048e-05 3.471563e-03
229 1.807207e-04 1.014029e-02
230 1.414966e-03 6.163157e-02
231 6.737913e-06 1.939822e-03
232 3.189991e-03 5.441990e-02
233 2.344493e-05 7.386293e-03
234 2.956035e-05 1.913564e-03
235 2.195075e-05 6.884687e-03
236 5.097200e-05 4.516195e-03
237 8.684116e-04 2.240414e-02
238 4.599670e-05 4.188703e-03
239 5.623788e-05 2.767461e-03
240 3.207100e-04 3.801450e-02
241 2.895188e-03 7.088291e-02
242 1.122253e-04 9.721155e-03
243 2.347192e-05 3.278123e-03
244 1.387544e-05 1.313159e-03
245 4.281866e-06 1.131880e-03
246 5.567739e-04 2.008672e-02
247 1.307442e-04 5.572551e-03
248 9.085648e-03 7.229039e-02
249 1.008753e-03 2.142148e-02
250 5.243497e-04 1.399463e-02
251 4.516988e-06 1.172433e-03
252 6.466875e-05 7.039584e-03
253 3.704474e-05 2.803830e-03
254 1.696835e-04 8.619933e-03
255 5.453941e-05 5.894088e-03
256 7.778492e-06 2.247070e-03
257 1.100401e-05 3.422563e-03
258 2.745686e-04 2.684630e-02
259 8.076772e-06 1.232781e-03
260 3.550434e-05 6.970579e-03
261 3.404026e-05 2.411292e-03
262 8.623498e-06 1.271631e-03
263 9.719768e-06 1.427864e-03
264 1.626819e-04 2.109128e-02
265 8.656953e-04 3.997425e-02
266 1.176043e-04 5.844250e-03
267 2.019337e-04 1.354825e-02
268 1.655905e-05 3.717944e-03
269 4.297690e-04 1.184408e-02
270 9.271871e-06 3.183228e-03
271 2.028747e-04 1.071228e-02
272 4.791331e-05 3.676622e-03
273 1.637903e-03 4.410009e-02
274 4.219748e-06 1.802141e-03
275 6.095582e-04 1.511369e-02
276 1.799826e-04 1.146193e-02
277 6.360138e-05 3.332222e-03
278 3.540712e-04 1.480495e-02
279 2.496652e-05 3.127043e-03
280 1.047665e-04 1.925869e-02
281 3.199010e-04 1.710636e-02
282 1.049419e-05 1.494987e-03
283 3.207292e-05 5.623880e-03
284 3.235475e-05 4.255339e-03
285 6.762435e-05 4.143628e-03
286 4.512605e-05 4.142999e-03
287 1.982910e-05 4.022004e-03
288 6.279167e-06 1.835351e-03
289 3.664179e-04 9.053783e-03
290 3.451404e-06 1.372327e-03
291 3.165483e-04 6.610879e-03
292 2.809229e-03 4.089584e-02
293 2.180138e-05 4.253786e-03
294 2.378408e-05 2.877253e-03
295 1.508929e-04 1.332885e-02
296 1.360957e-03 4.723140e-02
297 2.645192e-04 9.536134e-03
298 4.798261e-05 4.290772e-03
299 6.664310e-06 3.247923e-03
300 2.672712e-04 8.888537e-03
301 7.796179e-04 1.273794e-02
302 4.753748e-05 2.044808e-03
303 1.215651e-04 1.617806e-02
304 1.367837e-04 7.635395e-03
305 1.903429e-05 2.417616e-03
306 1.653457e-05 1.805354e-03
307 3.619372e-04 1.390373e-02
308 9.933138e-05 8.747004e-03
309 6.625842e-04 3.321875e-02
310 6.398055e-05 6.592930e-03
311 4.512399e-05 4.084851e-03
312 2.502942e-05 2.052128e-03
313 2.605781e-03 3.659069e-02
314 1.476996e-05 1.391830e-03
315 2.009573e-05 4.351400e-03
316 3.055528e-04 1.706266e-02
317 6.973887e-04 1.823762e-02
318 4.964803e-04 1.701167e-02
319 5.937314e-04 2.256655e-02
320 7.094068e-04 1.243183e-02
321 4.612046e-04 1.069973e-01
322 7.028043e-05 6.290489e-03
323 3.884078e-04 8.170585e-03
324 7.270773e-05 4.118279e-03
325 3.531492e-05 3.358381e-03
326 3.552686e-04 1.791166e-02
327 3.034012e-03 5.415580e-02
328 3.961438e-04 2.111980e-02
329 9.059675e-04 1.458307e-02
330 5.468079e-05 5.358489e-03
331 7.865387e-04 1.160792e-02
332 1.555438e-03 2.700623e-02
333 7.155053e-05 8.914986e-03
334 6.763515e-04 2.757407e-02
335 1.897200e-05 1.796097e-03
336 2.860174e-05 1.759621e-03
337 2.479122e-05 3.221534e-03
338 1.172585e-04 7.914001e-03
339 2.324106e-04 1.351898e-02
340 1.704753e-04 7.657087e-03
341 1.111890e-04 3.471629e-03
342 2.720954e-05 2.615540e-03
343 1.431215e-04 1.558365e-02
344 4.145045e-05 3.211305e-03
345 8.768882e-04 1.566108e-02
346 6.181944e-04 2.074658e-02
347 3.428381e-05 2.897125e-03
348 9.834319e-05 8.210144e-03
349 1.578614e-05 3.310208e-03
350 1.816617e-05 1.987313e-03
351 6.389147e-03 9.259768e-02
352 6.838784e-04 2.966744e-02
353 2.760902e-06 1.155026e-03
354 6.525336e-04 2.747680e-02
355 1.918892e-04 9.320350e-03
356 8.040644e-05 1.520990e-02
357 2.888027e-04 3.142305e-02
358 1.937987e-05 2.188954e-03
359 1.435724e-04 3.543206e-03
360 7.445590e-05 5.621502e-03
361 1.111316e-03 3.363246e-02
362 2.460117e-04 6.402888e-03
363 1.512436e-04 1.498938e-02
364 7.425045e-04 1.907221e-02
365 4.127729e-04 1.557023e-02
366 1.116807e-04 4.272367e-03
367 1.429271e-04 7.222822e-03
368 6.076876e-05 4.930892e-03
369 4.997137e-05 5.050858e-03
370 1.553174e-04 7.712385e-03
371 5.890578e-04 2.243445e-02
372 1.097802e-03 2.766325e-02
373 1.078847e-04 2.024277e-02
374 8.117108e-05 4.952619e-03
375 3.007547e-06 1.183078e-03
376 2.364560e-05 2.536263e-03
377 5.594632e-04 2.186317e-02
378 5.372129e-05 4.579999e-03
379 2.434315e-05 1.524293e-03
380 1.389333e-04 6.295184e-03
381 7.854984e-04 2.430416e-02
382 2.682857e-05 4.824935e-03
383 8.087133e-04 5.049114e-02
384 5.328367e-05 5.711367e-03
385 3.348794e-03 5.992578e-02
386 3.409239e-05 2.408006e-03
387 1.360759e-04 2.923238e-03
388 2.185276e-05 2.667723e-03
389 1.345777e-04 5.206732e-03
390 1.000682e-05 4.179204e-03
391 6.058023e-05 3.347970e-03
392 2.942605e-04 1.197554e-02
393 4.889176e-06 2.108078e-03
394 3.164095e-03 8.199667e-02
395 7.999227e-06 1.323190e-03
396 4.248137e-04 9.809992e-03
397 2.925686e-04 9.879611e-03
398 1.301717e-05 2.121431e-03
399 7.715599e-05 4.237348e-03
400 4.376261e-03 1.421342e-01
401 9.261116e-05 6.527940e-03
402 1.863155e-03 6.890100e-02
403 1.315372e-04 1.164910e-02
404 1.864710e-04 1.170388e-02
405 1.326303e-05 2.635435e-03
406 6.462681e-04 5.666664e-02
407 1.202772e-03 3.440752e-02
408 3.007295e-03 5.478323e-02
409 8.414586e-04 2.161186e-02
410 2.000887e-04 9.575713e-03
411 3.470820e-05 4.713323e-03
412 8.812142e-05 7.317100e-03
413 1.249463e-03 3.268462e-02
414 7.468866e-05 4.166188e-03
415 1.014234e-05 1.547985e-03
416 1.029834e-03 4.148192e-02
417 1.376618e-05 1.397309e-03
418 1.050195e-04 4.388834e-03
419 2.535951e-03 4.363953e-02
420 5.120920e-05 5.509869e-03
421 5.492134e-05 2.589516e-03
422 1.533303e-04 1.609893e-02
423 3.249502e-05 2.576957e-03
424 1.829975e-04 9.184084e-03
425 3.552628e-05 6.675634e-03
426 1.735679e-05 1.745927e-03
427 1.039563e-03 5.045103e-02
428 5.886983e-05 6.304920e-03
429 4.515199e-04 2.946883e-02
430 5.385035e-06 1.252503e-03
431 2.617698e-05 3.763101e-03
432 7.308963e-04 2.517991e-02
433 2.706472e-06 1.136493e-03
434 3.702823e-05 3.156266e-03
435 9.062457e-05 4.143034e-03
436 8.210193e-06 2.083076e-03
437 8.580873e-04 4.028111e-02
438 7.350807e-05 4.472341e-03
439 2.260627e-05 3.487510e-03
440 6.786324e-06 3.786958e-03
441 7.784556e-04 1.541811e-02
442 7.403905e-05 4.206162e-03
443 2.087611e-05 3.311741e-03
444 2.839168e-04 9.527164e-03
445 2.848017e-04 4.096635e-02
446 2.963725e-04 8.150155e-03
447 2.814093e-05 1.743324e-03
448 1.027840e-05 1.938126e-03
449 7.034486e-06 2.040820e-03
450 1.390406e-05 2.808249e-03
451 1.721767e-06 1.110964e-03
452 1.352097e-05 4.085636e-03
453 1.501189e-05 2.384357e-03
454 2.211056e-04 1.704844e-02
455 4.050517e-04 1.036334e-02
456 4.604547e-05 3.831785e-03
457 2.723678e-04 4.381925e-03
458 3.190145e-04 5.949919e-03
459 1.572819e-04 6.862458e-03
460 3.786945e-05 2.700384e-03
461 1.483661e-04 1.912121e-02
462 2.660967e-04 9.423697e-03
463 8.740877e-04 4.372897e-02
464 1.393577e-05 2.824696e-03
465 9.945573e-06 1.449644e-03
466 2.925859e-05 2.122590e-03
467 6.286043e-04 1.533296e-02
468 3.306408e-05 4.929924e-03
469 4.438757e-04 9.067613e-03
470 1.720466e-04 8.055690e-03
471 1.121656e-04 4.676676e-03
472 1.794986e-05 2.076897e-03
473 1.180433e-04 5.664562e-03
474 4.843922e-05 2.408470e-03
475 1.064447e-04 9.744558e-03
476 4.990178e-06 2.090972e-03
477 4.540699e-04 1.159826e-02
478 1.725055e-05 3.454131e-03
479 7.055948e-06 1.664914e-03
480 1.361758e-04 6.869456e-03
481 8.888534e-05 5.489963e-03
482 4.108568e-04 2.441920e-02
483 1.820807e-06 1.083199e-03
484 6.340008e-06 1.610843e-03
485 2.487810e-04 2.699873e-02
486 5.813728e-05 2.975940e-03
487 4.583030e-04 1.418008e-02
488 5.442136e-05 2.388080e-03
489 1.210053e-04 4.752706e-03
490 3.663253e-04 1.614283e-02
491 3.825771e-05 7.248773e-03
492 2.980763e-05 2.116341e-03
493 1.548941e-05 1.522283e-03
494 2.091055e-04 1.022395e-02
495 4.030445e-04 1.794827e-02
496 1.392075e-03 5.940747e-02
497 1.553812e-03 4.693416e-02
498 1.209773e-04 9.661466e-03
499 4.642001e-05 3.343327e-03
500 1.657013e-04 7.204198e-03
501 8.590273e-04 4.572920e-02
502 7.634709e-05 7.931603e-03
503 2.132871e-04 7.538009e-03
504 7.893392e-04 4.158117e-02
505 4.065994e-05 3.145830e-03
506 1.182534e-04 6.643461e-03
507 5.943273e-05 6.188574e-03
508 5.575617e-05 2.348006e-03
509 1.409021e-03 6.887705e-02
510 4.117817e-05 7.515909e-03
511 4.477846e-05 3.374947e-03
512 9.678252e-06 1.558324e-03
513 2.976282e-04 1.254245e-02
514 8.358210e-05 1.482914e-02
515 5.233715e-04 1.749757e-02
516 5.024628e-04 1.099464e-02
517 3.287246e-05 2.885446e-03
518 4.515044e-05 3.103666e-03
519 6.825189e-05 4.792487e-03
520 3.433589e-06 1.411364e-03
521 2.250237e-04 6.112659e-03
522 8.657810e-06 2.653703e-03
523 6.532085e-05 5.211575e-03
524 1.200387e-04 5.190800e-03
525 3.207543e-04 1.051817e-02
526 1.918216e-04 6.943616e-03
527 7.912302e-04 1.473031e-02
528 3.071919e-05 5.497906e-03
529 2.704367e-04 1.017726e-02
530 1.048310e-04 3.695184e-03
531 3.758202e-06 1.535342e-03
532 1.392739e-04 6.170441e-03
533 2.844249e-05 1.850874e-03
534 6.945628e-04 2.067407e-02
535 1.453456e-03 4.943315e-02
536 5.647377e-04 1.946981e-02
537 6.259843e-04 6.826778e-02
538 8.218728e-04 3.545835e-02
539 4.344906e-04 2.666552e-02
540 3.782016e-04 2.097237e-02
541 8.316813e-04 3.762093e-02
542 3.882040e-05 7.468180e-03
543 9.391778e-06 1.519183e-03
544 2.850082e-04 1.060917e-02
545 9.385410e-05 6.008039e-03
546 1.797682e-04 7.793487e-03
547 6.200033e-04 1.409932e-02
548 1.220830e-04 9.269604e-03
549 3.243423e-04 1.295714e-02
550 1.929594e-05 5.138682e-03
551 2.855108e-05 4.392078e-03
552 1.024768e-05 1.764045e-03
553 2.087136e-05 4.351821e-03
554 2.507010e-05 2.757578e-03
555 4.965265e-04 3.286346e-02
556 2.582762e-05 3.864777e-03
557 4.462287e-04 8.393922e-03
558 1.804144e-04 4.338111e-03
559 2.002137e-04 8.882183e-03
560 1.431677e-05 2.721113e-03
561 2.051355e-04 2.450071e-02
562 3.078625e-06 1.323340e-03
563 3.880756e-03 1.445613e-01
564 3.495023e-03 4.876280e-02
565 1.042178e-05 1.822880e-03
566 2.171739e-04 5.651391e-03
567 2.126538e-04 1.157077e-02
568 2.983491e-04 1.029877e-02
569 5.213247e-05 2.899482e-03
570 3.547938e-04 1.269818e-02
571 1.334912e-04 6.378399e-03
572 1.963907e-04 2.168902e-02
573 5.122105e-04 1.250252e-02
574 2.847842e-05 2.264210e-03
575 3.628496e-05 3.024005e-03
576 7.593817e-05 4.290523e-03
577 9.241768e-06 2.495219e-03
578 9.848441e-06 2.962163e-03
579 1.106219e-04 3.919703e-03
580 3.369102e-05 4.750304e-03
581 2.309312e-04 1.368256e-02
582 1.345965e-04 5.840316e-03
583 1.483673e-03 7.992351e-02
584 3.037441e-04 9.764724e-03
585 5.691412e-04 1.750013e-02
586 1.645600e-04 8.353108e-03
587 2.651425e-05 5.696548e-03
588 1.114127e-03 3.031200e-02
589 9.563184e-05 3.414429e-03
590 2.363782e-04 6.367014e-03
591 2.614968e-04 1.131286e-02
592 2.027068e-03 4.487463e-02
593 8.225744e-05 4.780866e-03
594 9.861695e-04 2.206768e-02
595 1.135213e-05 3.565528e-03
596 4.632192e-06 1.193738e-03
597 1.340042e-05 1.362808e-03
598 2.632096e-04 7.711428e-03
599 1.471821e-04 5.438560e-03
600 1.445281e-05 2.456769e-03
601 3.383997e-05 2.499985e-03
602 5.322614e-05 2.539348e-03
603 1.664985e-04 9.011878e-03
604 1.053670e-05 1.816385e-03
605 1.346920e-04 6.272500e-03
606 2.533993e-04 7.234209e-03
607 1.604817e-05 3.813586e-03
608 5.201883e-05 2.515501e-03
609 1.393822e-04 6.238400e-03
610 1.437042e-04 5.323084e-03
611 8.426997e-06 2.193698e-03
612 6.608021e-04 1.666398e-02
613 4.698133e-05 3.697275e-03
614 7.299790e-05 3.242670e-03
615 3.293244e-05 4.268288e-03
616 6.071585e-05 3.122837e-03
617 1.149547e-04 9.290534e-03
618 1.027844e-04 5.671724e-03
619 5.244756e-05 2.409275e-03
620 2.440158e-05 2.939507e-03
621 1.047996e-05 1.945723e-03
622 1.068542e-04 5.259420e-03
623 6.241458e-05 3.298548e-03
624 1.796506e-05 1.906817e-03
625 1.073550e-04 5.447316e-03
626 5.637451e-05 2.963260e-03
627 3.473713e-05 2.600134e-03
628 1.523918e-04 3.248459e-03
629 1.879901e-05 1.190674e-03
630 6.721941e-05 2.201038e-03
631 8.200267e-05 3.059974e-03
632 2.682975e-06 1.060310e-03
633 6.175380e-04 1.948811e-02
634 5.979014e-05 3.175311e-03
635 4.070481e-05 7.187368e-03
636 1.961598e-04 1.271821e-02
637 1.401827e-04 7.882625e-03
638 7.311363e-06 1.880671e-03
639 3.540381e-06 1.447791e-03
640 8.091411e-06 2.185342e-03
641 5.547025e-06 1.379458e-03
642 6.828702e-05 3.863109e-03
643 4.653117e-04 4.491444e-02
644 4.634428e-04 1.417531e-02
645 1.896574e-04 8.970973e-03
646 2.851224e-04 4.701211e-03
647 6.706293e-05 1.777756e-03
648 1.364780e-04 6.213935e-03
649 1.476195e-03 2.700786e-02
650 3.103017e-05 2.119450e-03
651 4.112186e-05 7.012458e-03
652 2.999923e-04 1.462457e-02
653 2.071007e-05 4.240765e-03
654 3.363924e-05 2.215477e-03
655 5.249715e-05 4.778685e-03
656 4.322264e-05 1.821854e-03
657 5.700800e-05 3.358902e-03
658 3.022563e-04 4.838675e-03
659 5.323572e-05 4.497694e-03
660 4.530459e-04 1.207841e-02
661 4.835224e-05 3.626718e-03
662 9.829843e-05 1.936078e-02
663 1.196731e-03 4.462680e-02
664 2.342484e-04 1.172962e-02
665 3.460454e-05 6.866812e-03
666 8.270097e-05 6.201365e-03
667 1.495143e-05 1.320894e-03
668 1.739885e-04 7.703631e-03
669 1.048173e-03 2.098058e-02
670 5.858282e-05 6.035945e-03
671 3.757394e-04 7.218368e-03
672 2.907363e-04 1.300723e-02
673 5.753798e-05 5.638925e-03
674 9.945853e-06 1.501660e-03
675 8.138400e-04 2.003896e-02
676 6.915930e-06 1.951624e-03
677 1.844341e-06 1.312088e-03
678 3.559336e-05 2.901913e-03
679 1.736233e-03 2.488709e-02
680 3.531979e-04 7.624954e-03
681 8.450879e-05 6.223140e-03
682 6.957063e-05 4.397905e-03
683 2.732329e-04 1.461384e-02
684 2.340326e-04 6.954423e-03
685 8.406630e-06 2.075189e-03
686 1.788256e-04 8.953789e-03
687 1.243961e-03 6.652744e-02
688 2.757684e-04 9.103954e-03
689 1.661439e-04 6.249709e-03
690 1.080350e-05 1.688539e-03
691 2.349097e-04 1.191527e-02
692 2.822404e-05 1.802925e-03
693 1.410276e-04 6.859534e-03
694 2.299345e-04 1.093320e-02
695 2.572614e-04 1.329670e-02
696 2.158401e-03 5.615569e-02
697 9.844955e-05 5.353147e-03
698 2.341445e-03 5.316272e-02
699 5.338121e-06 1.380025e-03
700 3.094906e-04 2.805346e-02
701 9.895592e-05 3.875946e-03
702 2.763796e-06 1.153325e-03
703 1.450967e-05 2.756353e-03
704 4.882187e-06 1.191060e-03
705 1.693520e-04 6.834800e-03
706 8.489922e-06 1.264105e-03
707 2.561160e-04 6.139201e-03
708 1.213642e-05 4.688076e-03
709 8.753042e-06 2.419833e-03
710 8.455229e-05 2.777936e-03
711 3.132759e-06 1.143667e-03
712 4.465461e-05 3.201773e-03
713 5.430098e-05 2.812107e-03
714 3.196199e-06 2.339387e-03
715 7.800666e-05 5.768492e-03
716 5.411634e-05 4.786293e-03
717 3.040557e-05 2.505466e-03
718 8.950353e-06 2.495344e-03
719 5.637242e-04 4.087995e-02
720 2.246136e-06 1.128635e-03
721 6.132824e-06 1.269054e-03
722 8.214899e-06 2.572956e-03
723 2.352695e-04 7.503225e-03
724 2.945960e-05 1.942678e-03
725 3.711881e-06 1.296335e-03
726 1.213323e-04 8.202232e-03
727 2.860491e-05 3.579446e-03
728 2.845969e-05 3.098108e-03
729 5.937833e-05 5.913100e-03
730 5.350896e-06 1.454966e-03
731 8.907380e-04 2.402261e-02
732 3.432947e-06 1.308797e-03
733 3.048945e-07 9.047804e-04
734 7.663758e-06 2.420865e-03
735 3.695634e-05 2.815351e-03
736 8.087277e-06 5.033011e-03
737 2.110853e-06 1.309182e-03
738 1.842221e-04 1.212059e-02
739 3.561621e-05 2.226773e-03
740 4.030174e-05 5.462747e-03
741 4.851915e-05 5.146205e-03
742 4.994186e-05 4.361343e-03
743 1.575117e-03 2.759790e-02
744 2.147197e-05 2.303836e-03
745 1.233160e-05 1.930746e-03
746 1.287816e-04 3.174450e-03
747 3.138008e-05 4.346186e-03
748 3.301901e-04 9.774148e-03
749 1.040020e-03 2.439775e-02
750 1.251829e-05 2.191732e-03
751 5.763809e-05 6.004745e-03
752 1.021560e-05 1.596344e-03
753 3.088095e-05 2.154720e-03
754 7.251189e-04 2.164739e-02
755 3.940286e-05 3.455751e-03
756 2.317544e-04 3.556274e-03
757 8.029926e-06 1.226391e-03
758 8.327236e-05 6.146671e-03
759 3.411668e-05 1.429642e-03
760 1.409382e-05 1.592522e-03
761 2.470537e-05 3.716687e-03
762 1.170285e-04 3.671194e-03
763 1.142411e-05 1.747870e-03
764 1.478868e-04 6.944648e-03
765 2.741316e-05 9.695006e-03
766 2.273138e-05 3.061744e-03
767 4.012007e-05 4.184728e-03
768 6.680082e-05 3.607904e-03
769 4.422815e-05 4.430738e-03
770 1.430797e-04 8.075509e-03
771 3.024551e-05 2.081341e-03
772 6.036296e-06 1.371961e-03
773 1.736407e-04 7.740320e-03
774 1.312683e-05 1.294209e-03
775 5.069905e-05 4.286536e-03
776 1.798139e-04 5.574163e-03
777 3.229891e-05 2.250880e-03
778 2.752057e-04 1.176611e-02
779 3.833145e-04 1.374143e-02
780 4.231124e-05 7.211876e-03
781 1.135916e-04 4.208880e-03
782 1.557979e-05 1.567180e-03
783 2.069383e-05 3.540341e-03
784 3.486695e-05 5.074092e-03
785 5.020450e-05 2.418131e-03
786 1.253284e-04 1.168499e-02
787 1.180803e-04 4.703440e-03
788 9.677310e-05 3.199970e-03
789 2.951214e-06 1.141688e-03
790 1.654680e-04 7.300192e-03
791 3.667578e-05 3.516604e-03
792 3.378637e-05 2.680482e-03
793 6.891426e-05 3.588922e-03
794 3.461018e-05 2.308463e-03
795 3.562597e-03 9.546772e-02
796 1.685019e-05 2.785994e-03
797 1.284677e-03 2.054002e-02
798 4.523689e-04 1.187926e-02
799 1.368141e-05 2.657580e-03
800 5.873146e-05 2.847437e-03
801 4.460656e-05 1.797376e-03
802 1.434324e-04 2.092217e-02
803 2.509616e-04 1.120363e-02
804 4.103212e-05 3.696518e-03
805 2.348477e-05 2.718095e-03
806 2.758425e-04 9.613309e-03
807 6.124123e-04 2.720872e-02
808 2.045810e-05 1.704842e-03
809 6.701990e-04 1.218995e-02
810 3.088696e-05 3.540777e-03
811 1.116358e-04 4.191191e-03
812 3.447650e-05 4.975298e-03
813 3.471693e-05 4.783992e-03
814 2.613095e-05 6.748249e-03
815 2.434467e-04 5.585428e-03
816 1.284643e-04 5.668477e-03
817 1.038056e-03 2.578097e-02
818 2.991451e-05 2.081525e-03
819 5.168559e-04 2.078959e-02
820 1.992807e-04 6.308849e-03
821 2.439632e-04 1.396639e-02
822 5.108277e-06 3.328485e-03
823 1.159714e-04 4.543549e-03
824 3.274292e-04 8.067544e-03
825 2.574950e-04 7.824273e-03
826 2.134219e-05 3.193066e-03
827 3.008396e-06 3.010247e-03
828 1.997707e-04 7.939863e-03
829 1.905155e-05 4.821013e-03
830 2.339578e-04 3.209921e-02
831 5.975887e-05 2.923673e-03
832 4.518445e-05 1.757762e-03
833 1.755544e-04 9.637821e-03
834 1.830041e-04 1.074251e-02
835 1.153872e-05 1.856831e-03
836 1.374224e-06 9.360107e-04
837 1.248834e-04 9.806882e-03
838 1.284627e-05 1.958142e-03
839 1.682153e-04 9.653133e-03
840 3.664393e-04 1.543209e-02
841 1.337572e-04 5.612174e-03
842 1.220581e-03 5.872674e-02
843 1.396535e-04 5.435928e-03
844 3.864693e-04 1.720282e-02
845 3.270482e-04 1.379710e-02
846 6.928397e-05 4.041176e-03
847 2.135513e-05 4.723136e-03
848 3.087157e-04 3.281416e-02
849 2.665099e-05 4.320534e-03
850 7.015331e-04 5.551316e-02
851 8.449623e-05 5.040080e-03
852 1.008402e-03 3.007719e-02
853 4.948836e-04 2.558323e-02
854 4.576371e-04 2.707400e-02
855 9.057232e-04 4.239893e-02
856 9.416085e-05 7.419153e-03
857 4.139871e-04 2.097762e-02
858 5.489768e-05 1.102054e-02
859 2.352820e-05 3.285982e-03
860 2.885052e-04 1.023149e-02
861 3.437905e-06 1.541805e-03
862 2.242436e-04 1.212049e-02
863 4.344148e-05 4.049808e-03
864 2.326836e-05 5.519288e-03
865 3.897245e-04 1.544658e-02
866 9.118821e-04 2.375598e-02
867 5.701861e-04 2.877386e-02
868 4.127993e-05 3.360734e-03
869 2.640310e-04 2.642162e-02
870 4.638941e-04 3.050241e-02
871 2.321515e-04 1.353545e-02
872 1.180561e-03 7.679244e-02
873 7.327977e-04 2.625503e-02
874 2.436967e-04 7.043510e-03
875 2.392902e-05 2.482624e-03
876 5.520692e-07 1.051036e-03
877 9.987540e-05 7.352367e-03
878 2.582957e-03 4.533669e-02
879 1.505071e-04 8.605095e-03
880 5.371202e-05 5.907963e-03
881 1.134870e-05 1.883952e-03
882 5.742063e-04 1.753947e-02
883 6.053455e-04 1.473063e-02
884 2.651502e-04 1.865808e-02
885 4.373321e-04 2.067454e-02
886 4.096495e-05 5.562946e-03
887 5.290336e-04 6.824807e-03
888 1.515406e-04 6.669142e-03
889 4.731701e-04 1.024291e-02
890 3.276016e-04 1.234347e-02
891 1.950655e-03 5.498466e-02
892 1.486457e-05 2.487184e-03
893 2.371499e-04 2.115255e-02
894 5.822946e-05 4.319617e-03
895 7.170302e-05 9.097359e-03
896 5.434387e-04 4.148475e-02
897 2.310376e-04 1.466395e-02
898 4.462453e-05 3.608912e-03
899 1.456483e-04 1.107748e-02
900 1.407400e-04 7.144119e-03
901 3.214446e-04 1.240715e-02
902 1.003501e-05 1.769432e-03
903 3.069551e-04 6.446189e-03
904 2.008164e-04 1.876406e-02
905 7.203537e-05 4.362866e-03
906 3.502171e-05 6.406138e-03
907 9.541064e-06 1.552049e-03
908 2.753061e-05 8.390233e-03
909 1.950581e-04 6.167685e-03
910 1.571799e-04 3.974626e-03
911 8.167723e-05 1.006333e-02
912 6.390607e-05 8.338381e-03
913 2.378621e-05 2.632978e-03
914 1.370581e-05 6.905848e-03
915 1.147642e-04 7.699201e-03
916 3.119520e-05 2.500064e-03
917 4.949687e-06 2.244324e-03
918 4.833940e-06 2.339906e-03
919 5.434579e-04 3.047039e-02
920 3.948033e-05 6.098605e-03
921 3.282487e-05 1.869714e-03
922 3.166677e-04 8.085644e-03
923 1.306307e-05 4.869772e-03
924 1.185551e-03 3.042307e-02
925 6.828688e-04 1.443529e-02
926 4.032507e-04 9.660680e-03
927 1.057264e-03 3.385314e-02
928 4.022975e-04 2.859765e-02
929 3.563209e-04 1.286609e-02
930 4.382567e-04 2.054800e-02
931 1.025512e-04 7.964018e-03
932 3.230260e-04 9.763638e-03
933 1.950086e-05 2.466123e-03
934 1.217481e-05 4.113233e-03
935 2.158098e-05 2.811139e-03
936 4.673037e-04 8.426295e-03
937 2.356323e-05 5.243319e-03
938 1.079387e-05 1.695222e-03
939 3.247551e-05 4.381664e-03
940 1.335552e-03 3.148981e-02
941 1.906257e-05 1.843703e-03
942 6.353554e-04 1.146628e-02
943 9.508127e-05 1.396100e-02
944 2.561243e-06 1.909136e-03
945 8.514681e-05 4.063524e-03
946 1.119286e-05 1.939907e-03
947 9.791061e-05 1.295735e-02
948 2.289307e-06 1.456852e-03
949 3.302871e-04 9.839267e-03
950 6.973660e-04 2.280282e-02
951 4.772291e-04 1.665333e-02
952 3.214550e-04 1.300092e-02
953 4.624546e-06 2.307913e-03
954 1.560319e-04 1.767523e-02
955 2.355112e-05 2.656416e-03
956 4.959961e-05 2.604033e-03
957 1.763025e-04 7.672096e-03
958 1.463727e-04 4.795546e-03
959 2.878900e-04 8.459699e-03
960 4.445005e-06 2.298172e-03
961 9.788715e-05 6.607545e-03
962 1.280343e-04 9.410033e-03
963 2.027340e-05 2.741366e-03
964 5.799722e-06 1.393170e-03
965 2.825971e-05 3.602818e-03
966 9.007902e-06 2.875611e-03
967 2.743043e-05 3.624748e-03
968 4.928507e-05 2.701913e-03
969 1.091927e-04 4.973387e-03
970 4.417840e-05 4.393745e-03
971 1.301722e-05 4.905031e-03
972 1.214201e-04 9.691781e-03
973 5.376637e-05 2.214124e-03
974 3.532288e-05 2.218844e-03
975 3.368948e-04 6.999647e-03
976 8.977795e-05 6.463074e-03
977 1.542559e-05 3.047690e-03
978 1.209346e-04 5.761819e-03
979 1.681760e-05 1.683622e-03
980 1.342535e-04 5.620393e-03
981 1.357005e-04 6.520184e-03
982 7.471426e-06 1.149911e-03
983 3.615726e-05 2.547668e-03
984 1.303672e-04 8.597234e-03
985 4.724476e-04 3.086739e-02
986 1.721700e-03 2.615636e-02
987 5.071586e-05 4.985223e-03
988 1.698499e-05 1.785815e-03
989 7.201613e-05 4.960652e-03
990 1.790726e-05 1.694017e-03
991 1.382037e-03 3.242830e-02
992 2.395582e-05 3.124050e-03
993 6.256273e-05 7.450339e-03
994 3.684576e-06 1.307258e-03
995 1.183312e-04 1.101598e-02
996 8.354455e-04 2.596434e-02
997 3.379379e-05 4.572022e-03
998 7.147529e-06 2.311443e-03
999 1.100563e-04 7.291948e-03
1000 3.684576e-06 1.307258e-03
1001 3.635298e-05 7.290580e-03
1002 7.079923e-04 2.980091e-02
1003 1.377881e-04 5.046019e-03
1004 5.211470e-04 1.201925e-02
1005 5.029310e-06 1.189610e-03
1006 1.474224e-03 1.923081e-02
1007 1.425840e-05 2.303168e-03
1008 2.860425e-05 3.703965e-03
1009 9.500724e-06 1.547609e-03
1010 6.882200e-05 4.755410e-03
1011 1.482790e-04 1.355147e-02
1012 1.100637e-03 6.334718e-02
1013 9.601269e-05 6.837744e-03
1014 2.505736e-05 3.714606e-03
1015 6.835037e-04 1.401654e-02
1016 7.355547e-05 3.026189e-03
1017 1.996625e-04 2.846238e-03
1018 7.118970e-04 3.119082e-02
1019 6.215314e-06 1.713231e-03
1020 7.187307e-05 9.566008e-03
1021 1.749765e-04 7.167126e-03
1022 8.981386e-06 1.303940e-03
1023 1.026712e-04 8.810943e-03
1024 9.536512e-05 3.087225e-03
1025 5.856396e-06 1.407893e-03
1026 1.156065e-05 1.789365e-03
1027 2.690217e-05 5.932863e-03
1028 8.008462e-04 6.058650e-02
1029 3.151221e-05 2.742894e-03
1030 7.937739e-06 2.321736e-03
1031 8.509934e-05 5.140861e-03
1032 1.899261e-03 3.861698e-02
1033 4.999185e-06 1.280158e-03
1034 1.422121e-04 8.280833e-03
1035 1.207330e-04 4.371945e-03
1036 4.206360e-04 1.145158e-02
1037 5.930337e-06 2.894270e-03
1038 1.325940e-05 2.189870e-03
1039 3.784346e-05 3.630154e-03
1040 2.403442e-05 2.522211e-03
1041 3.580306e-04 1.861562e-02
1042 3.640367e-05 2.659416e-03
1043 2.763796e-06 1.153325e-03
1044 3.075019e-05 2.228028e-03
1045 1.235097e-05 2.007380e-03
1046 1.248554e-06 1.260153e-03
1047 2.847272e-06 1.132248e-03
1048 3.973088e-05 3.827243e-03
1049 1.669144e-06 1.089618e-03
1050 4.050577e-03 4.980298e-02
1051 2.240410e-04 2.143016e-02
1052 9.583165e-06 1.612815e-03
1053 4.786069e-05 4.353381e-03
1054 9.850445e-06 1.499149e-03
1055 1.669144e-06 1.089618e-03
1056 4.017997e-05 3.723973e-03
1057 1.179388e-04 4.644978e-03
1058 5.441456e-06 1.209485e-03
1059 2.625898e-04 7.926249e-03
1060 7.030628e-06 1.090563e-03
1061 1.192768e-05 1.206962e-03
1062 1.669144e-06 1.089618e-03
1063 1.471748e-04 1.738550e-02
1064 1.749593e-04 7.986104e-03
1065 2.520613e-06 1.711621e-03
1066 4.577912e-06 9.948052e-04
1067 1.812790e-04 5.417953e-03
1068 8.489922e-06 1.264105e-03
1069 1.675929e-05 1.572853e-03
1070 1.669144e-06 1.089618e-03
1071 8.489922e-06 1.264105e-03
1072 2.719933e-05 1.820934e-03
1073 6.897108e-06 1.105360e-03
1074 6.538501e-06 1.655787e-03
1075 3.505044e-05 2.845749e-03
1076 2.041304e-05 2.347352e-03
1077 4.027559e-05 3.202031e-03
1078 7.914515e-05 4.384916e-03
1079 4.701181e-05 2.040244e-03
1080 5.229415e-04 1.124954e-02
1081 3.315946e-04 1.104744e-02
1082 1.865175e-05 2.277475e-03
1083 2.131502e-05 1.948379e-03
1084 2.813563e-06 1.094595e-03
1085 1.268554e-05 1.211354e-03
1086 2.899859e-05 2.086571e-03
1087 3.522012e-06 1.225294e-03
1088 1.783962e-05 1.862453e-03
1089 2.987250e-06 1.169218e-03
1090 2.628143e-06 1.091962e-03
1091 4.801094e-06 1.210748e-03
1092 1.319396e-05 1.276590e-03
1093 2.090026e-04 7.134283e-03
1094 8.452285e-05 4.998257e-03
1095 1.111072e-05 1.839433e-03
1096 1.564135e-04 7.152961e-03
1097 4.636412e-04 2.039490e-02
1098 3.471335e-05 6.806435e-03
1099 1.507114e-05 2.811497e-03
1100 4.371380e-06 1.052840e-03
1101 1.185914e-04 1.108939e-02
1102 1.020316e-04 7.769717e-03
1103 2.116445e-05 2.741646e-03
1104 2.063684e-04 1.308981e-02
1105 4.647449e-06 1.913421e-03
1106 3.914981e-04 9.572028e-03
1107 7.434441e-06 2.052819e-03
1108 1.138818e-04 4.897317e-03
1109 4.373085e-06 1.722414e-03
1110 1.885185e-04 5.608164e-03
1111 1.042851e-05 1.663309e-03
1112 2.548078e-06 1.693060e-03
1113 1.198272e-04 8.831105e-03
1114 1.229919e-04 4.372201e-03
1115 3.602216e-04 8.273919e-03
1116 7.058522e-06 1.901548e-03
1117 2.816450e-04 9.924745e-03
1118 2.992091e-05 3.704196e-03
1119 3.351922e-04 1.491379e-02
1120 2.805246e-04 9.718168e-03
1121 3.439352e-05 2.911788e-03
1122 1.193196e-04 8.613788e-03
1123 2.593450e-05 2.488709e-03
1124 1.769021e-04 1.025407e-02
1125 1.609424e-05 2.878172e-03
1126 2.022002e-05 5.723630e-03
1127 1.260481e-05 3.956952e-03
1128 4.308843e-04 2.382664e-02
1129 5.172861e-05 2.678233e-03
1130 9.100350e-05 8.189955e-03
1131 9.887515e-04 1.228831e-02
1132 1.014646e-05 3.505308e-03
1133 2.525550e-05 1.593418e-03
1134 3.063201e-05 4.811377e-03
1135 1.090239e-04 4.074697e-03
1136 2.044149e-04 5.925603e-03
1137 1.662730e-04 1.142964e-02
1138 3.842262e-06 1.814668e-03
1139 4.244426e-05 2.711244e-03
1140 4.353618e-06 2.063612e-03
1141 2.852075e-05 3.378156e-03
1142 9.834328e-05 6.226603e-03
1143 4.666191e-04 3.385827e-02
1144 7.626739e-05 4.499142e-03
1145 6.087743e-04 9.862713e-03
1146 1.041925e-03 3.412645e-02
1147 3.467672e-04 1.566306e-02
1148 5.180483e-06 2.269069e-03
1149 6.663325e-04 1.185310e-02
1150 2.016349e-05 1.960319e-03
1151 1.280658e-04 6.491714e-03
1152 1.660486e-04 1.195900e-02
1153 3.926356e-05 4.491598e-03
1154 6.280125e-06 1.723949e-03
1155 5.555609e-04 1.069308e-02
1156 1.555035e-05 1.576272e-03
1157 2.376310e-04 7.849925e-03
1158 2.212197e-05 3.149415e-03
1159 5.989627e-06 1.454194e-03
1160 7.364497e-06 2.253187e-03
1161 1.651652e-04 8.509732e-03
1162 6.911819e-04 2.653735e-02
1163 2.167866e-05 2.043375e-03
1164 3.624886e-04 2.632659e-02
1165 1.020056e-03 3.877705e-02
1166 9.658568e-05 2.932149e-03
1167 2.062376e-03 2.247141e-02
1168 1.274876e-04 6.226977e-03
1169 8.396688e-05 6.093254e-03
1170 2.891072e-05 4.710035e-03
1171 1.469309e-04 6.928446e-03
1172 9.860316e-04 2.276929e-02
1173 9.439094e-07 1.074786e-03
1174 5.657972e-04 1.596809e-02
1175 6.577339e-05 4.034341e-03
1176 9.183986e-06 1.499271e-03
1177 3.900141e-04 1.514371e-02
1178 6.059495e-04 3.547666e-02
1179 8.152144e-05 6.382499e-03
1180 1.145817e-04 4.430423e-03
1181 3.087095e-06 1.228214e-03
1182 5.141799e-05 6.187569e-03
1183 2.197986e-04 6.758563e-03
1184 9.484985e-05 7.849000e-03
1185 1.279716e-04 7.746396e-03
1186 1.123578e-04 9.790557e-03
1187 2.590995e-05 1.849093e-03
1188 1.008135e-05 1.678804e-03
1189 1.814214e-05 1.742861e-03
1190 1.099369e-05 1.913818e-03
1191 7.493707e-06 2.002252e-03
1192 2.296844e-03 4.474766e-02
1193 1.286403e-05 2.898706e-03
1194 4.045752e-04 8.641483e-03
1195 2.648479e-04 9.503180e-03
1196 4.244129e-05 4.141518e-03
1197 1.266253e-05 2.566807e-03
1198 1.380860e-05 1.252673e-03
1199 2.085745e-04 1.170477e-02
1200 3.580498e-04 1.292097e-02
1201 1.597779e-06 1.092287e-03
1202 7.876529e-05 4.238252e-03
1203 2.109135e-04 1.441132e-02
1204 4.213117e-05 2.988160e-03
1205 2.729889e-06 1.901915e-03
1206 9.238603e-04 2.144696e-02
1207 2.712323e-05 2.668162e-03
1208 3.635934e-05 2.769603e-03
1209 6.961916e-04 1.587354e-02
1210 7.807228e-05 3.524063e-03
1211 1.677349e-04 7.523958e-03
1212 3.610083e-05 2.220165e-03
1213 5.654731e-05 3.117632e-03
1214 1.569566e-05 1.422360e-03
1215 8.118604e-06 1.950170e-03
1216 5.013539e-06 2.031228e-03
1217 2.506201e-04 1.920123e-02
1218 2.570431e-05 2.889996e-03
1219 2.191438e-05 2.348289e-03
1220 1.311152e-04 1.310547e-02
1221 3.167156e-04 1.058781e-02
1222 2.255553e-04 1.612250e-02
1223 1.329281e-04 1.124551e-02
1224 4.048135e-05 6.823850e-03
1225 1.743648e-05 1.603887e-03
1226 8.832976e-06 1.279827e-03
1227 3.521429e-05 3.129517e-03
1228 6.956684e-05 4.482383e-03
1229 9.556544e-05 5.989917e-03
1230 7.533158e-05 4.157026e-03
1231 6.144372e-04 1.844999e-02
1232 4.192119e-05 4.601912e-03
1233 6.161167e-05 5.379842e-03
1234 1.516894e-05 7.217782e-03
1235 8.364788e-04 2.534808e-02
1236 1.018144e-04 3.513924e-03
1237 3.932515e-03 5.669934e-02
1238 1.107224e-04 7.883660e-03
1239 2.754778e-05 4.293070e-03
1240 4.990987e-05 2.178188e-03
1241 1.144731e-05 1.802463e-03
1242 1.024016e-03 5.412519e-02
1243 1.931435e-04 9.409999e-03
1244 7.407648e-06 2.568187e-03
1245 4.044442e-05 3.484157e-03
1246 6.139997e-06 1.839246e-03
1247 7.397492e-06 2.992708e-03
1248 1.480001e-04 1.609285e-02
1249 2.029676e-04 6.978028e-03
1250 2.784626e-05 5.366537e-03
1251 1.137278e-04 4.142909e-03
1252 2.401970e-05 3.080527e-03
1253 2.109531e-03 3.963303e-02
1254 7.487949e-05 3.933381e-03
1255 7.870671e-05 5.187871e-03
1256 2.557889e-05 1.415284e-03
1257 6.668564e-04 2.506167e-02
1258 1.882481e-05 3.537915e-03
1259 2.436122e-04 9.483417e-03
1260 1.000644e-03 3.720270e-02
1261 5.243153e-05 2.717456e-03
1262 1.311744e-04 5.535188e-03
1263 5.477011e-04 2.165955e-02
1264 3.177315e-04 1.280805e-02
1265 9.320269e-05 6.414665e-03
1266 2.567518e-04 2.170887e-02
1267 1.653913e-04 9.254751e-03
1268 6.087741e-05 7.935858e-03
1269 6.249874e-05 6.602488e-03
1270 1.062621e-03 1.164056e-02
1271 3.995956e-04 8.887710e-03
1272 2.881663e-06 1.200233e-03
1273 1.620865e-04 8.937873e-03
1274 1.924415e-04 1.247758e-02
1275 1.946789e-04 8.842005e-03
1276 4.124894e-04 9.909571e-03
1277 4.899608e-04 9.553102e-03
1278 3.740559e-04 1.548946e-02
1279 1.146530e-05 1.819284e-03
1280 1.322252e-03 3.143911e-02
1281 5.536406e-05 2.675182e-03
1282 6.324055e-05 3.636508e-03
1283 9.043929e-05 1.368618e-02
1284 2.593860e-05 1.632706e-03
1285 2.391433e-04 7.380011e-03
1286 1.533907e-05 2.787090e-03
1287 8.847054e-05 5.100736e-03
1288 1.306941e-04 3.464856e-03
1289 3.261109e-05 5.358487e-03
1290 7.316824e-05 1.985865e-02
1291 9.171211e-05 3.212412e-03
1292 2.823113e-03 7.113315e-02
1293 1.238026e-05 2.880226e-03
1294 6.497314e-05 3.487827e-03
1295 2.429690e-05 2.449916e-03
1296 1.461175e-04 7.967460e-03
1297 4.186771e-04 1.914742e-02
1298 6.826112e-05 8.215283e-03
1299 2.666824e-05 1.793435e-03
1300 4.428168e-05 1.625285e-03
1301 2.272750e-05 2.679445e-03
1302 3.490225e-04 1.045589e-02
1303 3.610515e-05 5.536337e-03
1304 7.085442e-05 4.018947e-03
1305 1.100101e-04 1.098415e-02
1306 4.213977e-05 1.652678e-03
1307 2.417364e-05 2.928945e-03
1308 7.850197e-06 2.098106e-03
1309 2.047020e-04 1.970908e-02
1310 3.558122e-06 1.318544e-03
1311 1.880383e-03 3.588338e-02
1312 1.157281e-03 3.434429e-02
1313 1.473735e-05 1.432959e-03
1314 4.106103e-05 3.721246e-03
1315 6.989567e-06 2.082998e-03
1316 1.487918e-05 1.447260e-03
1317 5.424308e-06 1.207980e-03
1318 1.763058e-04 2.364522e-02
1319 1.109487e-03 2.638504e-02
1320 2.657350e-05 2.990542e-03
1321 1.630193e-04 7.697978e-03
1322 9.806089e-07 1.098792e-03
1323 1.487918e-05 1.447260e-03
1324 2.044848e-04 5.337159e-03
1325 1.067459e-04 7.349234e-03
1326 2.754991e-05 3.508456e-03
1327 2.131991e-04 8.730995e-03
1328 1.562675e-05 1.792785e-03
1329 3.352374e-05 4.706763e-03
1330 4.958907e-05 4.833571e-03
1331 1.753283e-05 1.670858e-03
1332 5.590050e-06 1.236612e-03
1333 7.381372e-05 2.057573e-03
1334 1.428542e-04 3.145886e-03
1335 1.035478e-04 6.799488e-03
1336 1.461509e-05 2.657484e-03
1337 2.391247e-05 2.490958e-03
1338 3.708124e-05 2.305744e-03
1339 1.219672e-04 5.387020e-03
1340 4.486456e-05 3.505961e-03
1341 5.697003e-04 1.412240e-02
1342 1.487918e-05 1.447260e-03
1343 1.461099e-05 1.470982e-03
1344 2.388605e-05 2.774869e-03
1345 7.916932e-05 1.091002e-02
1346 6.386384e-05 2.881039e-03
1347 5.604600e-06 1.201439e-03
1348 3.321675e-05 5.789061e-03
1349 9.589918e-04 5.877313e-02
1350 2.914999e-05 3.281900e-03
1351 6.397231e-05 3.352039e-03
1352 1.145280e-04 4.701765e-03
1353 1.319801e-04 5.350963e-03
1354 3.018213e-05 3.722969e-03
1355 4.733913e-05 3.829407e-03
1356 9.260470e-05 8.039592e-03
1357 3.995110e-05 4.187955e-03
1358 3.304174e-05 2.620763e-03
1359 1.620435e-05 1.617954e-03
1360 3.524266e-05 2.720712e-03
1361 2.648809e-05 3.838246e-03
1362 5.991965e-05 3.129079e-03
1363 6.558562e-05 3.769394e-03
1364 3.394070e-04 7.365089e-03
1365 1.848573e-05 3.743025e-03
1366 3.661564e-05 3.314362e-03
1367 1.339829e-05 1.316194e-03
1368 3.792211e-04 1.730083e-02
1369 1.842719e-06 2.418906e-03
1370 1.525989e-05 1.446102e-03
1371 2.568956e-04 7.831208e-03
1372 3.765930e-05 3.408572e-03
1373 2.754911e-05 1.886912e-03
1374 2.136767e-05 2.445031e-03
1375 4.458971e-05 3.621919e-03
1376 5.194037e-03 1.259911e-01
1377 8.690179e-05 5.336672e-03
1378 4.801094e-06 1.210748e-03
1379 1.418813e-05 1.338237e-03
1380 9.460958e-04 3.171485e-02
1381 1.461509e-05 2.657484e-03
1382 2.977475e-06 1.091250e-03
1383 2.617058e-04 9.496834e-03
1384 2.843436e-05 3.632171e-03
1385 2.843436e-05 3.632171e-03
1386 4.693534e-05 3.768322e-03
1387 4.736276e-05 3.809228e-03
1388 2.796228e-05 1.882928e-03
1389 1.270910e-05 2.092667e-03
1390 1.589891e-05 1.296126e-03
1391 4.771873e-05 4.177297e-03
1392 1.387544e-05 1.313159e-03
1393 6.542532e-05 5.967863e-03
1394 3.114955e-05 4.714026e-03
1395 5.549257e-04 9.360546e-03
1396 1.689455e-04 1.320400e-02
1397 1.319192e-05 2.424744e-03
1398 8.247901e-05 1.113649e-02
1399 3.038554e-04 1.143370e-02
1400 2.775538e-05 3.683042e-03
1401 9.614790e-04 2.183501e-02
1402 7.722332e-05 1.875272e-03
1403 1.654741e-05 3.550790e-03
1404 2.231606e-05 1.527230e-03
1405 2.608695e-05 3.512884e-03
1406 5.849669e-05 6.852302e-03
1407 2.660882e-05 1.794526e-03
1408 2.087810e-03 4.865316e-02
1409 7.211403e-04 2.909340e-02
1410 1.152613e-04 5.629925e-03
1411 5.517430e-05 2.264712e-03
1412 6.867653e-05 3.180559e-03
1413 4.672590e-06 1.100921e-03
1414 1.715089e-05 1.858199e-03
1415 4.229460e-05 1.874878e-03
1416 2.155476e-05 2.546070e-03
1417 1.406167e-05 1.427217e-03
1418 2.606378e-05 3.515656e-03
1419 2.839047e-05 2.652948e-03
1420 1.164770e-04 4.778879e-03
1421 4.737958e-05 3.773435e-03
1422 1.166843e-04 4.774164e-03
1423 3.383997e-05 2.499985e-03
1424 3.135443e-05 2.089834e-03
1425 3.135443e-05 2.089834e-03
1426 3.135443e-05 2.089834e-03
1427 3.135443e-05 2.089834e-03
1428 4.064418e-05 3.222556e-03
1429 6.819861e-05 4.144174e-03
1430 6.862592e-04 1.166253e-02
1431 1.051278e-04 1.711916e-02
1432 1.987400e-04 1.291898e-02
1433 6.839582e-05 4.299450e-03
1434 4.839888e-05 1.932102e-03
1435 4.150131e-05 1.471719e-03
1436 3.381855e-05 2.933305e-03
1437 1.785041e-05 1.686329e-03
1438 9.486621e-05 2.790683e-03
1439 1.388475e-03 2.083240e-02
1440 3.072402e-05 2.400805e-03
1441 1.039304e-05 1.519040e-03
1442 4.258152e-05 3.825180e-03
1443 1.802018e-05 3.418869e-03
1444 3.030689e-05 2.478194e-03
1445 3.941708e-05 4.317269e-03
1446 1.763275e-05 1.869512e-03
1447 6.641840e-03 6.711077e-02
1448 1.062174e-05 1.619999e-03
1449 1.461509e-05 2.657484e-03
1450 1.213146e-04 4.636057e-03
1451 9.188620e-05 6.378197e-03
1452 3.955539e-04 9.822533e-03
1453 3.206464e-05 2.696392e-03
1454 2.788654e-05 1.859114e-03
1455 3.623107e-05 2.815599e-03
1456 5.105290e-06 1.274409e-03
1457 1.082391e-05 1.710895e-03
1458 2.981250e-05 1.808720e-03
1459 4.599146e-05 2.068973e-03
1460 1.590470e-04 7.756867e-03
1461 8.489922e-06 1.264105e-03
1462 8.489922e-06 1.264105e-03
1463 5.258493e-06 1.283532e-03
1464 1.127462e-05 1.653917e-03
1465 4.810099e-06 1.232559e-03
1466 1.889223e-04 1.008041e-02
1467 5.438253e-05 2.788869e-03
1468 6.805210e-05 3.768157e-03
1469 7.880516e-05 6.242716e-03
1470 1.095896e-05 3.294750e-03
1471 1.158658e-04 5.394015e-03
1472 7.374889e-05 4.346696e-03
1473 3.461018e-05 2.308463e-03
1474 1.271694e-04 1.138152e-02
1475 5.914244e-06 1.613476e-03
1476 2.713617e-04 8.891813e-03
1477 2.492007e-06 1.703388e-03
1478 1.511709e-04 6.924956e-03
1479 7.630062e-05 8.029025e-03
1480 8.348897e-04 1.392601e-02
1481 2.816261e-04 1.893242e-02
1482 1.992363e-04 7.804780e-03
1483 2.326756e-05 2.487238e-03
1484 4.642979e-04 3.639310e-02
1485 3.345464e-04 1.437800e-02
1486 4.219172e-04 2.151836e-02
1487 6.650854e-06 1.782617e-03
1488 1.386380e-04 5.314666e-03
1489 5.419241e-06 1.208611e-03
1490 1.284732e-05 2.415499e-03
1491 2.560663e-04 3.015113e-02
1492 2.280814e-05 5.890839e-03
1493 1.238691e-04 4.578352e-03
1494 1.418615e-05 2.520523e-03
1495 4.671080e-05 4.114561e-03
1496 5.871111e-05 2.906701e-03
1497 9.653141e-04 2.218573e-02
1498 1.983281e-05 4.450699e-03
1499 7.708522e-06 2.663682e-03
1500 5.133514e-05 2.734276e-03
1501 1.816606e-05 4.451635e-03
1502 6.034311e-04 1.010462e-02
1503 1.082528e-03 2.129093e-02
1504 1.528077e-04 5.862353e-03
1505 6.814822e-05 3.284538e-03
1506 3.741944e-05 2.720897e-03
1507 1.046341e-04 3.629086e-03
1508 1.006469e-03 1.792007e-02
1509 3.300527e-05 2.554677e-03
1510 7.339268e-05 4.727675e-03
1511 1.699222e-05 3.402756e-03
1512 9.939315e-05 3.653364e-03
1513 1.077241e-04 4.208325e-03
1514 4.548684e-05 4.740017e-03
1515 9.102099e-04 2.330703e-02
1516 1.879604e-04 7.925506e-03
1517 9.671570e-04 1.545558e-02
1518 5.686210e-05 4.014344e-03
1519 9.765869e-05 6.881564e-03
1520 1.557644e-05 1.376311e-03
1521 8.310684e-05 4.914489e-03
1522 1.549622e-04 7.017357e-03
1523 1.007360e-04 3.771381e-03
1524 1.177445e-04 7.963172e-03
1525 2.258897e-04 1.109286e-02
1526 1.118187e-04 8.985066e-03
1527 1.027243e-04 8.243443e-03
1528 8.225744e-05 4.780866e-03
1529 4.627282e-05 3.336508e-03
1530 1.436488e-04 1.058803e-02
1531 9.265136e-05 5.475189e-03
1532 2.843436e-05 3.632171e-03
1533 5.682984e-05 4.211726e-03
1534 5.491941e-05 5.329083e-03
1535 8.489922e-06 1.264105e-03
1536 2.753463e-05 1.823963e-03
1537 2.272750e-05 2.679445e-03
1538 3.811594e-05 2.785623e-03
1539 1.334587e-05 1.356025e-03
1540 1.318090e-04 5.208071e-03
1541 4.808347e-04 3.214473e-02
1542 9.259092e-04 2.615589e-02
1543 1.307147e-03 4.363005e-02
1544 5.289627e-05 4.701382e-03
1545 3.175582e-04 7.985364e-03
1546 5.570330e-05 2.806983e-03
1547 6.142328e-04 1.826296e-02
1548 8.877923e-05 4.994073e-03
1549 2.220248e-05 2.849369e-03
1550 2.892427e-05 4.151987e-03
1551 2.199122e-05 2.678210e-03
1552 6.782664e-04 2.128733e-02
1553 3.181563e-03 4.858125e-02
1554 5.388691e-05 6.434628e-03
1555 9.472890e-04 2.296694e-02
1556 9.391985e-05 8.114670e-03
1557 6.387159e-04 2.378928e-02
1558 1.042318e-04 8.267193e-03
1559 8.541922e-05 6.399200e-03
1560 6.385888e-04 1.111562e-02
1561 1.033999e-03 3.116377e-02
1562 1.111016e-05 5.504889e-03
1563 6.445975e-05 8.505812e-03
1564 5.108334e-04 2.493977e-02
1565 1.043359e-04 1.083681e-02
1566 1.956410e-05 4.712787e-03
1567 2.508339e-03 5.358846e-02
1568 1.783286e-04 1.024190e-02
1569 3.661545e-05 3.157432e-03
1570 2.343076e-04 1.303014e-02
1571 6.368373e-06 1.675706e-03
1572 1.291636e-05 2.091267e-03
1573 1.381425e-03 2.624517e-02
1574 5.650260e-05 6.784094e-03
1575 3.257503e-04 1.204631e-02
1576 1.474711e-04 9.004211e-03
1577 1.037366e-03 4.595957e-02
1578 2.888705e-04 4.576849e-03
1579 4.069559e-05 3.327111e-03
1580 1.369240e-03 3.530925e-02
1581 1.280221e-04 4.269411e-03
1582 1.033165e-05 2.790524e-03
1583 2.707162e-04 1.459037e-02
1584 8.542110e-05 6.451693e-03
1585 7.145424e-04 3.036573e-02
1586 6.009056e-05 6.074318e-03
1587 6.611082e-06 1.865706e-03
1588 8.419967e-05 2.407057e-03
1589 2.087872e-06 2.847112e-03
1590 2.524843e-05 2.507550e-03
1591 3.154325e-05 3.807406e-03
1592 1.312911e-05 2.658139e-03
1593 2.165206e-05 2.116200e-03
1594 4.743742e-05 7.229416e-03
1595 3.085363e-05 2.386748e-03
1596 2.442797e-04 1.956701e-02
1597 5.404249e-05 5.033085e-03
1598 2.975609e-05 3.291795e-03
1599 1.069007e-03 3.427386e-02
1600 1.451912e-04 6.270525e-03
1601 9.994577e-06 2.454169e-03
1602 3.408869e-03 7.417474e-02
1603 3.467073e-05 6.303237e-03
1604 2.516605e-05 2.782576e-03
1605 9.291592e-06 1.525004e-03
1606 1.673328e-03 8.861852e-02
1607 1.666437e-04 6.966597e-03
1608 2.854552e-05 3.764410e-03
1609 7.774559e-04 1.473165e-02
1610 3.288366e-03 4.803569e-02
1611 1.044231e-04 8.589132e-03
1612 6.657020e-06 3.318792e-03
1613 1.838988e-06 1.184637e-03
1614 2.407916e-04 6.957488e-03
1615 8.467008e-04 3.528404e-02
1616 8.276264e-06 2.214251e-03
1617 5.631377e-06 3.229224e-03
1618 5.597630e-06 1.351342e-03
1619 2.200976e-04 1.547540e-02
1620 4.920607e-04 3.372698e-02
1621 3.327620e-03 6.319771e-02
1622 1.342236e-04 5.145478e-03
1623 3.809111e-04 3.286732e-02
1624 4.468030e-04 2.422033e-02
1625 1.968924e-05 3.731720e-03
1626 9.028393e-04 1.906093e-02
1627 1.099161e-04 8.215216e-03
1628 4.440921e-04 1.932308e-02
1629 6.590621e-04 2.937458e-02
1630 1.135989e-03 3.482465e-02
1631 5.410974e-04 2.729999e-02
1632 1.516569e-04 2.375015e-02
1633 8.940196e-06 2.825067e-03
1634 2.147771e-05 5.328631e-03
1635 1.950421e-06 1.088477e-03
1636 1.284099e-05 2.545857e-03
1637 4.105768e-06 1.482557e-03
1638 2.125234e-05 2.258434e-03
1639 2.497941e-06 1.781669e-03
1640 3.241270e-04 1.297004e-02
1641 3.697531e-04 5.978946e-03
1642 5.442728e-04 1.958715e-02
1643 2.150518e-04 9.365771e-03
1644 3.579173e-05 6.892711e-03
1645 6.996567e-05 3.282843e-03
1646 3.245579e-03 1.368315e-01
1647 1.205882e-04 5.313001e-03
1648 2.129309e-05 2.460570e-03
1649 1.309110e-03 6.215112e-02
1650 2.252341e-04 1.319816e-02
1651 6.139241e-06 3.419477e-03
1652 3.937211e-04 2.985706e-02
1653 7.059228e-04 4.037215e-02
1654 1.854535e-04 1.585191e-02
1655 5.958962e-04 3.019564e-02
1656 9.788713e-05 9.695595e-03
1657 5.171633e-05 7.768045e-03
1658 1.082926e-05 3.954262e-03
1659 1.887946e-04 5.265210e-03
1660 7.004663e-05 3.867060e-03
1661 1.101175e-04 3.430881e-03
1662 4.489552e-05 3.587406e-03
1663 1.946584e-04 2.729113e-02
1664 9.563343e-05 5.192089e-03
1665 2.056168e-05 4.174487e-03
1666 1.507108e-04 1.168093e-02
1667 1.158965e-04 1.746945e-02
1668 1.773752e-07 8.806459e-04
1669 4.517819e-05 8.698087e-03
1670 2.091728e-05 1.919595e-03
1671 9.478956e-05 7.885179e-03
1672 6.071545e-04 3.343578e-02
1673 4.906856e-05 1.052644e-02
1674 4.041391e-05 6.774529e-03
1675 2.892751e-05 4.624559e-03
1676 1.404236e-05 2.390974e-03
1677 2.475665e-05 6.396186e-03
1678 9.694530e-06 3.319628e-03
1679 3.543284e-06 1.328022e-03
1680 1.763058e-04 4.919320e-03
1681 4.639092e-04 1.211207e-02
1682 8.137658e-05 8.823577e-03
1683 1.304096e-05 1.279804e-03
1684 2.826633e-05 2.012063e-03
1685 6.909065e-05 7.618494e-03
1686 5.840755e-05 7.164225e-03
1687 1.612752e-04 1.832136e-02
1688 1.591451e-04 6.229690e-03
1689 6.212257e-05 5.965751e-03
1690 3.544049e-06 1.278991e-03
1691 4.544726e-06 1.496368e-03
1692 5.761710e-05 3.287272e-03
1693 1.115436e-04 7.544801e-03
1694 3.353043e-04 1.270937e-02
1695 2.131338e-05 1.338816e-03
1696 2.731149e-03 6.554127e-02
1697 1.305764e-04 4.644760e-03
1698 6.582597e-04 2.396677e-02
1699 2.734683e-03 5.600918e-02
1700 1.279417e-05 3.386682e-03
1701 2.294997e-04 1.223076e-02
1702 5.268210e-04 1.849057e-02
1703 3.649656e-04 1.901025e-02
1704 4.714559e-06 1.218402e-03
1705 1.418813e-05 1.338237e-03
1706 1.027621e-05 1.640988e-03
1707 3.094831e-04 9.644011e-03
1708 9.005300e-05 6.593898e-03
1709 7.031093e-05 8.424393e-03
1710 7.840883e-05 9.881058e-03
1711 2.085185e-04 8.129882e-03
1712 2.285456e-04 1.608455e-02
1713 3.266892e-05 6.065314e-03
1714 2.276536e-04 1.238893e-02
1715 3.291083e-05 4.876928e-03
1716 1.782183e-05 3.438669e-03
1717 1.629983e-04 8.731182e-03
1718 3.039837e-05 8.271132e-03
1719 5.102821e-05 5.966794e-03
1720 4.403985e-05 6.342797e-03
1721 2.219548e-04 2.229577e-02
1722 4.296427e-05 6.186615e-03
1723 1.786846e-03 5.149640e-02
1724 1.223987e-05 1.956591e-03
1725 7.865992e-05 7.731916e-03
1726 4.726660e-04 1.856590e-02
1727 1.402095e-04 7.965260e-03
1728 2.651894e-04 8.664754e-03
1729 8.919115e-06 3.154720e-03
1730 8.673367e-04 1.610872e-02
1731 3.390873e-05 4.442418e-03
1732 1.161165e-05 1.558205e-03
1733 6.494767e-07 9.988846e-04
1734 1.930500e-04 5.872848e-03
1735 1.997642e-04 6.071082e-03
1736 4.897712e-06 1.066403e-03
1737 1.152249e-04 4.967892e-03
1738 6.389435e-06 1.625473e-03
1739 1.007026e-04 7.410930e-03
1740 6.821845e-04 3.024919e-02
1741 2.456541e-05 3.919625e-03
1742 5.541645e-04 1.556474e-02
1743 3.520668e-04 1.372424e-02
1744 2.447433e-04 5.755389e-03
1745 8.645141e-05 5.459798e-03
1746 2.434849e-05 1.377868e-03
1747 7.735205e-05 5.691403e-03
1748 1.625569e-03 9.293132e-02
1749 2.620077e-04 5.566557e-03
1750 5.136277e-05 6.326465e-03
1751 7.224272e-05 5.042893e-03
1752 1.204741e-05 1.721532e-03
1753 1.620367e-04 7.292491e-03
1754 2.753294e-05 4.703613e-03
1755 5.661036e-05 3.131373e-03
1756 2.008513e-04 1.459196e-02
1757 1.256221e-04 1.152875e-02
1758 1.041227e-04 3.892018e-03
1759 1.511130e-05 3.550375e-03
1760 1.853392e-03 4.314443e-02
1761 3.052139e-05 6.003500e-03
1762 2.118089e-05 2.747912e-03
1763 1.716910e-04 8.681453e-03
1764 1.192129e-04 4.372333e-03
1765 2.007286e-04 1.117828e-02
1766 2.084630e-05 2.712628e-03
1767 3.709126e-05 3.105546e-03
1768 5.753546e-04 1.056132e-02
1769 2.126222e-04 4.538160e-03
1770 9.560475e-05 5.429028e-03
1771 5.325595e-05 6.095936e-03
1772 2.507972e-03 4.357528e-02
1773 8.683881e-04 4.678455e-02
1774 8.755488e-06 2.472191e-03
1775 1.793282e-05 2.253938e-03
1776 2.082437e-04 1.377676e-02
1777 3.785694e-05 3.520801e-03
1778 3.154525e-05 4.515545e-03
1779 4.247758e-05 9.444142e-03
1780 5.022269e-06 2.505193e-03
1781 1.898639e-06 1.245811e-03
1782 1.944231e-05 2.663699e-03
1783 7.050161e-05 5.302769e-03
1784 2.140864e-04 1.020196e-02
1785 3.413439e-05 2.333784e-03
1786 2.625860e-04 1.889135e-02
1787 5.535030e-04 1.448270e-02
1788 2.698815e-05 3.703971e-03
1789 2.488836e-04 2.319423e-02
1790 9.172362e-06 1.484443e-03
1791 8.592319e-05 2.280967e-03
1792 4.600715e-05 2.314582e-03
1793 1.582999e-05 8.547207e-03
1794 8.552594e-05 1.300037e-02
1795 1.049058e-05 1.489103e-03
1796 1.523876e-03 4.598328e-02
1797 1.271446e-04 1.033953e-02
1798 1.194273e-04 4.192018e-03
1799 6.125916e-06 1.986824e-03
1800 3.747001e-04 2.008126e-02
1801 1.834140e-05 1.956810e-03
1802 1.624508e-04 8.843807e-03
1803 1.020517e-05 1.789689e-03
1804 1.116906e-05 1.744840e-03
1805 1.953137e-05 1.062750e-02
1806 6.015537e-05 3.250394e-03
1807 3.508071e-06 1.286223e-03
1808 5.847771e-03 1.083995e-01
1809 5.669399e-05 5.535239e-03
1810 3.551625e-04 1.109853e-02
1811 7.279002e-05 5.356034e-03
1812 6.883157e-05 3.689009e-03
1813 6.530314e-05 6.657944e-03
1814 1.137223e-05 1.829989e-03
1815 1.238304e-04 1.400257e-02
1816 3.402654e-04 1.038720e-02
1817 1.532342e-05 2.617705e-03
1818 2.552494e-05 3.782125e-03
1819 4.916568e-06 2.013750e-03
1820 7.048272e-06 1.379978e-03
1821 5.866366e-06 3.203828e-03
1822 8.515035e-05 1.228510e-02
1823 2.492147e-04 1.299422e-02
1824 3.084793e-04 2.527636e-02
1825 5.964458e-04 2.071739e-02
1826 6.357890e-04 9.616364e-03
1827 2.837761e-04 9.192043e-03
1828 9.018445e-05 5.381224e-03
1829 5.666159e-05 6.551076e-03
1830 8.719002e-06 2.562444e-03
1831 1.360627e-05 1.344792e-03
1832 8.396490e-05 1.040855e-02
1833 2.939404e-05 2.275065e-03
1834 2.168408e-05 2.411745e-03
1835 2.570106e-05 2.904321e-03
1836 4.504900e-04 1.944937e-02
1837 5.451330e-04 1.339759e-02
1838 4.812402e-05 1.934027e-03
1839 4.369588e-04 1.800310e-02
1840 1.550989e-04 9.198009e-03
1841 3.366033e-04 1.091126e-02
1842 5.445258e-05 5.867673e-03
1843 6.147841e-05 4.811756e-03
1844 1.125702e-05 2.204012e-03
1845 3.238025e-04 6.324947e-03
1846 1.766727e-05 3.162279e-03
1847 5.077954e-04 2.159010e-02
1848 1.863831e-05 1.841734e-03
1849 1.279057e-04 8.940863e-03
1850 1.242241e-04 1.298114e-02
1851 4.561014e-04 2.827272e-02
1852 1.195793e-04 9.195996e-03
1853 9.760584e-05 7.382699e-03
1854 1.384591e-03 3.680730e-02
1855 2.844504e-04 2.121545e-02
1856 7.763159e-06 2.072780e-03
1857 1.127759e-05 4.242066e-03
1858 4.636614e-05 2.255351e-03
1859 2.108115e-05 2.538133e-03
1860 1.757028e-04 6.877083e-03
1861 1.048932e-04 5.982984e-03
1862 7.722105e-04 3.122372e-02
1863 2.092575e-05 2.352289e-03
1864 1.127760e-05 1.732745e-03
1865 1.041875e-04 8.292434e-03
1866 2.341566e-04 1.539993e-02
1867 5.346316e-06 2.461446e-03
1868 3.400645e-05 2.529407e-03
1869 2.047138e-03 3.169020e-02
1870 2.367591e-05 3.337193e-03
1871 6.366268e-05 8.875556e-03
1872 6.418742e-05 5.895939e-03
1873 9.655839e-06 1.544985e-03
1874 1.094599e-05 1.850269e-03
1875 1.923867e-04 1.051164e-02
1876 7.013965e-06 2.043304e-03
1877 1.911940e-05 1.931171e-03
1878 9.636958e-05 4.743356e-03
1879 3.961566e-05 8.780661e-03
1880 4.899213e-05 2.402866e-03
1881 1.357078e-03 1.931285e-02
1882 1.973938e-05 2.054443e-03
1883 3.603339e-04 6.686320e-03
1884 6.850884e-05 2.045937e-03
1885 2.071521e-05 4.073642e-03
1886 3.367498e-05 3.555134e-03
1887 3.996013e-05 6.191822e-03
1888 1.936121e-05 2.220596e-03
1889 2.727952e-06 1.101822e-03
1890 5.884165e-05 6.064693e-03
1891 1.277486e-03 4.015894e-02
1892 6.741623e-05 7.237503e-03
1893 2.117995e-04 1.210763e-02
1894 1.642335e-03 4.694473e-02
1895 5.597303e-04 1.389274e-02
1896 2.260187e-04 7.436291e-03
1897 4.244604e-05 3.074015e-03
1898 7.186358e-04 2.366590e-02
1899 3.420344e-05 4.037353e-03
1900 1.050142e-04 3.158694e-03
1901 7.328017e-06 2.222251e-03
1902 8.982669e-06 1.433288e-03
1903 5.306000e-05 5.546530e-03
1904 4.334627e-05 2.122597e-03
1905 7.028590e-06 1.992141e-03
1906 1.634839e-05 3.679743e-03
1907 9.433385e-06 3.108002e-03
1908 1.456478e-05 1.258266e-03
1909 1.974212e-05 2.560372e-03
1910 5.121810e-04 1.406852e-02
1911 5.774772e-05 4.390899e-03
1912 2.822976e-04 9.001581e-03
1913 5.222276e-05 2.465089e-03
1914 3.412975e-05 2.273371e-03
1915 8.698712e-05 5.966645e-03
1916 5.630140e-04 2.200501e-02
1917 1.734760e-03 5.300904e-02
1918 5.549007e-04 1.587315e-02
1919 1.446529e-04 6.525337e-03
1920 3.407960e-05 2.097267e-03
1921 3.616786e-06 1.239327e-03
1922 1.643609e-05 1.656029e-03
1923 6.296306e-06 1.488891e-03
1924 1.684753e-05 1.726621e-03
1925 9.796577e-06 1.420009e-03
1926 1.949852e-04 5.586601e-03
1927 1.295834e-04 4.886697e-03
1928 6.679021e-06 1.496009e-03
1929 4.051331e-05 3.186070e-03
1930 1.266997e-04 4.333644e-03
1931 7.321608e-05 7.472317e-03
1932 2.481131e-04 6.565579e-03
1933 7.222823e-05 8.629878e-03
1934 2.745932e-04 2.212150e-02
1935 1.542550e-04 5.714654e-03
1936 1.257338e-04 4.954049e-03
1937 3.491141e-05 2.731888e-03
1938 8.522040e-06 1.361221e-03
1939 7.751499e-04 2.267505e-02
1940 2.424894e-04 1.673535e-02
1941 7.452273e-05 4.551022e-03
1942 4.018850e-04 3.289519e-02
1943 4.621914e-04 1.448229e-02
1944 3.112596e-04 9.474593e-03
1945 4.183714e-05 6.746134e-03
1946 6.182362e-05 3.288270e-03
1947 1.131584e-05 1.575297e-03
1948 5.688463e-06 1.446768e-03
1949 5.635269e-04 5.054109e-02
1950 1.597010e-04 6.725387e-03
1951 3.438272e-04 1.236234e-02
1952 2.184740e-05 5.406829e-03
1953 2.680199e-04 7.926492e-03
1954 2.170432e-04 4.901072e-03
1955 4.394705e-05 3.559023e-03
1956 1.974456e-04 9.932652e-03
1957 4.969322e-05 4.439105e-03
1958 2.304856e-04 6.745722e-03
1959 2.394299e-04 1.618047e-02
1960 2.458355e-04 6.967753e-03
1961 3.463817e-04 1.517993e-02
1962 2.004163e-04 1.217620e-02
1963 4.837145e-04 1.086597e-02
1964 5.542875e-05 2.025283e-03
1965 2.099951e-04 5.586529e-03
1966 8.586958e-05 4.562339e-03
1967 7.744949e-04 2.773277e-02
1968 1.057518e-05 1.654663e-03
1969 1.307583e-04 1.030750e-02
1970 2.580722e-04 9.703835e-03
1971 8.121766e-04 1.438187e-02
1972 2.044817e-05 2.892319e-03
1973 2.508639e-04 1.076028e-02
1974 2.409316e-05 3.139776e-03
1975 9.016964e-04 2.357433e-02
1976 8.318797e-04 1.600186e-02
1977 2.540017e-05 2.666581e-03
1978 1.536966e-05 3.487535e-03
1979 4.212527e-04 2.187267e-02
1980 4.745849e-06 1.096217e-03
1981 2.194567e-04 1.103431e-02
1982 2.739040e-05 1.669686e-03
1983 1.017817e-05 1.768352e-03
1984 4.537819e-04 1.282226e-02
1985 6.306138e-05 3.278647e-03
1986 1.733060e-05 3.404083e-03
1987 2.663966e-04 1.607485e-02
1988 3.181771e-04 1.107827e-02
1989 3.200505e-06 1.175308e-03
1990 4.820451e-05 2.229143e-03
1991 1.198500e-05 4.495536e-03
1992 8.107084e-04 1.881205e-02
1993 9.650074e-07 1.118429e-03
1994 4.437264e-06 1.149871e-03
1995 4.922978e-04 5.447676e-03
1996 3.092629e-05 2.786720e-03
1997 1.418813e-05 1.338237e-03
1998 2.391109e-05 2.761181e-03
1999 2.611301e-05 3.406665e-03
2000 1.715726e-05 2.074444e-03
2001 4.285500e-06 2.352093e-03
