1 1.047387e-04 2.503549e-03
2 4.199161e-04 1.401018e-02
3 1.446294e-05 1.320081e-03
4 2.642399e-05 1.287025e-03
5 2.699455e-05 1.547038e-03
6 9.413799e-04 9.540204e-03
7 8.766979e-05 4.334341e-03
8 5.055494e-04 1.883138e-02
9 1.287574e-05 2.254601e-03
10 6.193324e-04 1.151127e-02
11 2.678374e-05 3.344081e-03
12 7.819026e-06 1.089156e-03
13 5.724325e-04 9.659729e-03
14 2.268051e-04 3.679669e-03
15 5.291568e-05 1.710009e-03
16 5.894505e-05 2.156678e-03
17 1.353883e-05 9.954074e-04
18 2.409941e-04 4.502035e-03
19 8.868429e-05 4.358554e-03
20 7.570670e-06 9.540838e-04
21 7.610442e-04 1.726179e-02
22 2.824766e-05 1.618233e-03
23 2.215598e-04 4.608846e-03
24 4.582829e-04 7.289767e-03
25 5.977003e-04 1.132072e-02
26 5.105877e-05 1.660444e-03
27 4.275520e-05 3.002318e-03
28 2.869067e-05 1.478670e-03
29 1.610362e-03 1.058516e-02
30 1.678227e-03 2.648186e-02
31 4.612057e-04 1.666690e-02
32 3.296101e-05 1.938047e-03
33 7.676162e-06 9.959521e-04
34 3.875492e-06 9.005076e-04
35 3.101654e-05 1.983054e-03
36 5.273171e-04 6.950597e-03
37 5.370208e-04 9.236261e-03
38 5.699212e-05 3.917573e-03
39 9.872133e-06 1.645820e-03
40 2.244348e-05 2.440201e-03
41 4.761650e-05 1.350555e-03
42 1.277456e-04 3.537153e-03
43 1.779956e-03 1.379731e-02
44 9.043280e-05 1.933077e-03
45 1.690634e-04 2.269445e-03
46 9.553368e-05 2.008371e-03
47 6.509876e-04 1.130340e-02
48 3.171793e-04 7.649705e-03
49 6.139417e-05 2.726911e-03
50 2.039250e-03 2.485346e-02
51 2.586390e-04 5.513943e-03
52 4.041657e-04 5.291770e-03
53 2.693419e-05 1.500054e-03
54 9.709340e-05 2.446904e-03
55 9.694525e-05 2.426350e-03
56 1.038337e-04 2.531802e-03
57 1.753435e-04 6.280457e-03
58 1.442302e-04 5.580287e-03
59 2.505338e-04 4.312740e-03
60 8.383827e-06 1.174735e-03
61 2.665456e-03 3.482993e-02
62 6.619987e-04 1.308305e-02
63 1.425205e-05 1.360361e-03
64 4.131107e-05 3.389315e-03
65 1.639626e-04 5.351625e-03
66 3.121997e-05 1.862532e-03
67 8.303565e-05 4.006917e-03
68 8.639089e-05 4.095404e-03
69 4.753411e-06 1.192788e-03
70 7.623139e-06 1.099791e-03
71 5.681505e-04 1.193123e-02
72 2.987404e-05 1.791341e-03
73 8.092708e-05 1.641576e-03
74 1.377245e-03 5.626394e-02
75 1.566147e-05 1.442532e-03
76 3.191900e-05 2.016205e-03
77 2.142265e-04 4.237529e-03
78 2.272737e-03 2.718871e-02
79 1.150986e-04 3.146347e-03
80 1.598118e-05 1.222122e-03
81 7.525000e-06 1.115659e-03
82 7.059805e-06 1.094196e-03
83 1.073709e-04 2.749917e-03
84 1.646814e-05 1.433183e-03
85 2.495949e-04 4.524020e-03
86 4.311232e-05 2.821482e-03
87 1.711424e-05 1.745819e-03
88 2.537211e-05 1.303179e-03
89 1.856464e-04 2.883423e-03
90 7.931837e-04 2.210615e-02
91 1.932742e-04 3.798481e-03
92 1.050016e-03 1.299022e-02
93 7.028150e-05 3.218950e-03
94 5.646215e-05 1.772933e-03
95 1.519478e-03 1.661834e-02
96 2.212660e-05 1.172720e-03
97 2.941865e-04 6.549144e-03
98 2.712634e-05 1.351972e-03
99 1.262524e-05 1.127190e-03
100 7.363184e-04 1.584298e-02
101 3.832755e-05 2.418293e-03
102 2.104122e-04 8.884078e-03
103 4.447094e-04 1.521481e-02
104 1.461198e-04 4.191017e-03
105 7.293521e-05 2.898014e-03
106 5.489792e-05 5.362104e-03
107 2.055218e-05 2.183200e-03
108 2.027454e-04 7.156907e-03
109 4.662160e-05 3.628330e-03
110 1.461198e-04 4.191017e-03
111 8.625544e-04 9.430967e-03
112 3.487282e-04 7.961834e-03
113 5.632729e-04 2.257409e-02
114 4.023312e-04 1.068666e-02
115 3.416764e-04 7.637804e-03
116 1.955353e-04 7.570730e-03
117 2.024450e-04 8.985671e-03
118 2.014175e-04 8.315307e-03
119 5.118856e-05 3.886386e-03
120 2.579528e-05 3.029003e-03
121 9.817539e-05 5.636659e-03
122 1.564393e-05 1.268815e-03
123 4.327861e-05 3.068530e-03
124 8.543288e-05 3.479220e-03
125 4.327861e-05 3.068530e-03
126 5.118856e-05 3.886386e-03
127 1.057113e-04 5.132734e-03
128 9.010275e-05 3.878712e-03
129 4.327861e-05 3.068530e-03
130 2.579528e-05 3.029003e-03
131 5.118856e-05 3.886386e-03
132 4.327861e-05 3.068530e-03
133 5.118856e-05 3.886386e-03
134 2.086763e-04 6.657995e-03
135 4.028093e-05 2.609506e-03
136 2.250722e-05 2.424205e-03
137 8.566121e-05 4.253275e-03
138 1.773594e-04 5.294720e-03
139 6.025175e-05 5.281031e-03
140 5.118856e-05 3.886386e-03
141 2.250722e-05 2.424205e-03
142 2.250722e-05 2.424205e-03
143 8.937615e-05 3.738700e-03
144 1.057113e-04 5.132734e-03
145 5.118856e-05 3.886386e-03
146 5.118856e-05 3.886386e-03
147 4.648043e-05 2.972214e-03
148 1.057113e-04 5.132734e-03
149 2.579528e-05 3.029003e-03
150 2.579528e-05 3.029003e-03
151 8.937615e-05 3.738700e-03
152 2.250722e-05 2.424205e-03
153 2.250722e-05 2.424205e-03
154 4.028093e-05 2.609506e-03
155 2.250722e-05 2.424205e-03
156 2.250722e-05 2.424205e-03
157 4.028093e-05 2.609506e-03
158 2.250722e-05 2.424205e-03
159 3.839343e-05 2.440091e-03
160 1.180568e-04 2.624816e-03
161 2.313512e-05 2.625471e-03
162 2.313512e-05 2.625471e-03
163 2.313512e-05 2.625471e-03
164 1.019864e-05 1.457646e-03
165 1.019864e-05 1.457646e-03
166 1.019864e-05 1.457646e-03
167 2.313512e-05 2.625471e-03
168 2.313512e-05 2.625471e-03
169 4.493995e-05 3.249340e-03
170 1.019864e-05 1.457646e-03
171 3.643138e-05 1.935070e-03
172 2.313512e-05 2.625471e-03
173 1.019864e-05 1.457646e-03
174 2.313512e-05 2.625471e-03
175 2.313512e-05 2.625471e-03
176 2.313512e-05 2.625471e-03
177 1.019864e-05 1.457646e-03
178 2.037178e-05 1.788742e-03
179 1.019864e-05 1.457646e-03
180 2.313512e-05 2.625471e-03
181 1.165840e-05 1.932998e-03
182 4.115398e-05 2.730711e-03
183 8.980479e-06 1.088791e-03
184 1.019864e-05 1.457646e-03
185 8.980479e-06 1.088791e-03
186 2.037178e-05 1.788742e-03
187 1.982799e-05 1.644678e-03
188 1.019864e-05 1.457646e-03
189 5.048465e-06 1.065826e-03
190 8.980479e-06 1.088791e-03
191 1.560817e-04 5.695642e-03
192 6.274390e-05 2.043952e-03
193 1.413992e-04 4.747597e-03
194 2.515285e-04 5.231553e-03
195 4.093716e-05 3.212183e-03
196 7.906790e-05 4.257515e-03
197 7.906790e-05 4.257515e-03
198 4.093716e-05 3.212183e-03
199 1.654499e-04 5.249851e-03
200 8.337465e-05 3.861494e-03
201 1.245100e-04 3.026693e-03
202 3.444541e-04 7.931661e-03
203 6.274390e-05 2.043952e-03
204 5.980526e-05 2.057298e-03
205 1.245100e-04 3.026693e-03
206 6.274390e-05 2.043952e-03
207 1.245100e-04 3.026693e-03
208 6.274390e-05 2.043952e-03
209 1.245100e-04 3.026693e-03
210 5.980526e-05 2.057298e-03
211 3.013747e-05 1.555448e-03
212 1.245100e-04 3.026693e-03
213 3.013747e-05 1.555448e-03
214 3.689198e-05 2.356523e-03
215 5.980526e-05 2.057298e-03
216 6.274390e-05 2.043952e-03
217 1.550138e-05 1.369341e-03
218 2.961800e-04 7.524869e-03
219 1.208154e-04 3.273233e-03
220 5.980526e-05 2.057298e-03
221 5.980526e-05 2.057298e-03
222 1.020174e-04 2.099510e-03
223 1.600985e-04 4.802820e-03
224 3.298897e-05 2.188033e-03
225 6.868052e-05 2.677808e-03
226 1.966237e-05 2.157903e-03
227 3.298897e-05 2.188033e-03
228 6.868052e-05 2.677808e-03
229 1.387447e-04 3.936053e-03
230 7.799673e-05 3.669100e-03
231 7.799673e-05 3.669100e-03
232 4.648827e-05 3.597864e-03
233 6.664257e-05 2.946635e-03
234 6.664257e-05 2.946635e-03
235 7.799673e-05 3.669100e-03
236 6.664257e-05 2.946635e-03
237 3.746378e-05 2.818411e-03
238 7.799673e-05 3.669100e-03
239 6.868052e-05 2.677808e-03
240 3.298897e-05 2.188033e-03
241 3.746378e-05 2.818411e-03
242 6.664257e-05 2.946635e-03
243 2.232948e-05 2.784194e-03
244 6.868052e-05 2.677808e-03
245 6.664257e-05 2.946635e-03
246 3.746378e-05 2.818411e-03
247 6.664257e-05 2.946635e-03
248 3.298897e-05 2.188033e-03
249 1.387447e-04 3.936053e-03
250 6.868052e-05 2.677808e-03
251 3.298897e-05 2.188033e-03
252 7.799673e-05 3.669100e-03
253 2.232948e-05 2.784194e-03
254 7.799673e-05 3.669100e-03
255 1.387447e-04 3.936053e-03
256 3.298897e-05 2.188033e-03
257 3.746378e-05 2.818411e-03
258 5.830246e-05 1.806543e-03
259 5.830246e-05 1.806543e-03
260 1.204024e-04 2.508969e-03
261 5.830246e-05 1.806543e-03
262 5.830246e-05 1.806543e-03
263 5.830246e-05 1.806543e-03
264 1.332965e-04 3.671568e-03
265 6.717168e-05 2.569776e-03
266 1.210364e-04 2.848035e-03
267 5.576809e-04 8.857242e-03
268 2.760596e-04 4.909911e-03
269 2.760596e-04 4.909911e-03
270 5.860946e-05 2.022222e-03
271 5.830246e-05 1.806543e-03
272 1.079483e-04 2.301050e-03
273 5.860946e-05 2.022222e-03
274 5.860946e-05 2.022222e-03
275 1.325983e-04 3.181045e-03
276 2.760596e-04 4.909911e-03
277 5.830246e-05 1.806543e-03
278 2.953487e-05 1.537772e-03
279 1.325983e-04 3.181045e-03
280 1.156963e-04 2.555574e-03
281 1.325983e-04 3.181045e-03
282 1.398463e-04 3.637295e-03
283 2.953487e-05 1.537772e-03
284 5.830246e-05 1.806543e-03
285 1.269557e-04 3.029558e-03
286 1.079483e-04 2.301050e-03
287 5.830246e-05 1.806543e-03
288 2.389285e-04 3.949479e-03
289 2.142142e-04 3.536883e-03
290 2.142142e-04 3.536883e-03
291 5.860946e-05 2.022222e-03
292 5.860946e-05 2.022222e-03
293 2.241015e-04 3.936666e-03
294 1.085167e-04 2.549370e-03
295 1.802827e-04 5.890930e-03
296 3.416764e-04 7.637804e-03
297 1.920343e-04 7.585345e-03
298 6.941472e-05 2.901510e-03
299 3.417920e-05 1.819959e-03
300 3.881546e-05 2.660922e-03
301 1.526502e-04 4.217218e-03
302 3.881546e-05 2.660922e-03
303 1.966314e-05 2.303279e-03
304 1.731451e-05 1.610472e-03
305 1.171979e-05 2.285320e-03
306 1.171979e-05 2.285320e-03
307 1.171979e-05 2.285320e-03
308 1.171979e-05 2.285320e-03
309 1.731451e-05 1.610472e-03
310 1.171979e-05 2.285320e-03
311 1.171979e-05 2.285320e-03
312 1.031994e-05 1.594658e-03
313 1.171979e-05 2.285320e-03
314 1.171979e-05 2.285320e-03
315 1.966314e-05 2.303279e-03
316 1.966314e-05 2.303279e-03
317 5.905917e-06 1.761587e-03
318 5.905917e-06 1.761587e-03
319 1.031994e-05 1.594658e-03
320 1.171979e-05 2.285320e-03
321 5.166430e-06 1.307698e-03
322 5.111067e-04 1.901774e-02
323 3.568344e-04 9.124216e-03
324 1.798184e-04 6.174722e-03
325 1.625611e-04 4.866689e-03
326 2.055218e-05 2.183200e-03
327 1.350411e-04 3.577321e-03
328 1.323410e-04 3.498117e-03
329 3.840106e-04 1.286851e-02
330 3.256250e-04 8.091166e-03
331 3.301463e-04 8.530982e-03
332 7.078003e-04 1.594207e-02
333 4.347146e-05 2.831401e-03
334 7.824320e-05 3.652355e-03
335 1.116674e-04 2.776216e-03
336 1.451628e-04 4.466398e-03
337 2.716533e-04 6.324098e-03
338 1.098286e-04 7.303866e-03
339 2.481932e-04 4.331242e-03
340 3.497993e-05 2.072101e-03
341 3.428051e-05 2.038000e-03
342 1.234786e-04 3.139090e-03
343 3.016904e-04 6.302373e-03
344 5.524366e-05 2.017286e-03
345 7.796477e-05 3.707452e-03
346 3.152153e-05 1.892703e-03
347 3.428051e-05 2.038000e-03
348 1.210097e-04 3.066669e-03
349 1.210097e-04 3.066669e-03
350 6.098000e-05 2.155329e-03
351 3.497993e-05 2.072101e-03
352 1.736583e-05 1.814779e-03
353 6.098000e-05 2.155329e-03
354 6.098000e-05 2.155329e-03
355 6.098000e-05 2.155329e-03
356 1.956015e-05 1.950863e-03
357 1.210097e-04 3.066669e-03
358 1.210097e-04 3.066669e-03
359 6.904701e-05 2.793773e-03
360 1.210097e-04 3.066669e-03
361 3.195063e-04 8.418847e-03
362 3.089126e-05 1.874215e-03
363 6.222416e-05 2.191824e-03
364 1.736583e-05 1.814779e-03
365 2.752144e-04 6.046972e-03
366 6.130110e-05 2.508822e-03
367 1.386879e-04 3.974296e-03
368 1.210097e-04 3.066669e-03
369 5.683548e-04 9.512396e-03
370 1.093398e-04 6.893015e-03
371 3.317826e-04 7.404527e-03
372 1.306606e-03 1.790670e-02
373 2.097103e-03 2.264422e-02
374 2.283259e-03 2.807166e-02
375 1.669099e-04 5.346938e-03
376 6.243008e-04 1.253471e-02
377 1.359660e-04 4.960380e-03
378 2.431516e-04 5.803130e-03
379 7.997438e-05 4.587969e-03
380 7.042194e-05 2.932059e-03
381 1.364984e-05 1.048377e-03
382 7.042194e-05 2.932059e-03
383 1.364984e-05 1.048377e-03
384 3.096399e-05 1.697065e-03
385 7.799673e-05 3.669100e-03
386 7.799673e-05 3.669100e-03
387 3.099683e-04 6.732350e-03
388 1.896799e-05 1.941406e-03
389 2.425115e-05 3.377452e-03
390 1.039460e-04 2.342892e-03
391 5.676580e-04 8.662033e-03
392 1.236787e-04 2.996289e-03
393 2.997463e-04 5.521161e-03
394 5.878925e-05 1.954579e-03
395 1.505877e-04 4.217308e-03
396 3.502224e-04 9.070531e-03
397 9.251664e-05 4.787158e-03
398 9.455602e-05 4.593257e-03
399 4.790021e-05 4.013716e-03
400 9.676546e-05 6.116535e-03
401 4.790021e-05 4.013716e-03
402 4.790021e-05 4.013716e-03
403 4.790021e-05 4.013716e-03
404 4.790021e-05 4.013716e-03
405 4.790021e-05 4.013716e-03
406 4.790021e-05 4.013716e-03
407 2.413819e-05 3.238573e-03
408 4.790021e-05 4.013716e-03
409 2.014583e-04 8.832433e-03
410 9.892038e-05 5.085020e-03
411 1.007015e-04 5.641224e-03
412 1.621418e-04 5.152813e-03
413 4.790021e-05 4.013716e-03
414 4.790021e-05 4.013716e-03
415 2.413819e-05 3.238573e-03
416 4.790021e-05 4.013716e-03
417 4.790021e-05 4.013716e-03
418 3.408739e-04 8.035968e-03
419 6.764355e-04 1.303289e-02
420 3.408739e-04 8.035968e-03
421 8.394843e-05 4.203033e-03
422 1.733648e-04 5.475984e-03
423 3.502224e-04 9.070531e-03
424 1.153882e-03 1.351034e-02
425 3.502224e-04 9.070531e-03
426 1.733648e-04 5.475984e-03
427 3.502224e-04 9.070531e-03
428 1.733648e-04 5.475984e-03
429 1.733648e-04 5.475984e-03
430 1.733648e-04 5.475984e-03
431 3.348447e-04 7.437407e-03
432 1.733648e-04 5.475984e-03
433 1.733648e-04 5.475984e-03
434 1.733648e-04 5.475984e-03
435 3.348447e-04 7.437407e-03
436 3.348447e-04 7.437407e-03
437 1.733648e-04 5.475984e-03
438 1.733648e-04 5.475984e-03
439 5.711872e-04 7.673749e-03
440 1.733648e-04 5.475984e-03
441 1.733648e-04 5.475984e-03
442 9.260737e-04 1.895829e-02
443 4.382439e-04 1.237047e-02
444 9.260737e-04 1.895829e-02
445 9.533536e-04 8.085271e-03
446 2.292530e-06 8.831749e-04
447 8.786788e-06 1.119986e-03
448 2.292530e-06 8.831749e-04
449 2.292530e-06 8.831749e-04
450 4.427897e-06 9.420094e-04
451 1.541927e-05 1.345282e-03
452 8.786788e-06 1.119986e-03
453 4.549333e-06 1.003233e-03
454 8.786788e-06 1.119986e-03
455 8.786788e-06 1.119986e-03
456 7.429003e-06 9.487945e-04
457 2.292530e-06 8.831749e-04
458 8.786788e-06 1.119986e-03
459 2.036065e-04 8.319499e-03
460 2.352221e-05 2.293637e-03
461 4.549333e-06 1.003233e-03
462 3.946491e-05 2.329681e-03
463 7.632745e-06 1.010205e-03
464 1.474223e-05 1.133450e-03
465 7.632745e-06 1.010205e-03
466 1.474223e-05 1.133450e-03
467 4.549333e-06 1.003233e-03
468 7.632745e-06 1.010205e-03
469 1.474223e-05 1.133450e-03
470 6.137097e-06 1.659695e-03
471 8.786788e-06 1.119986e-03
472 7.632745e-06 1.010205e-03
473 1.474223e-05 1.133450e-03
474 4.549333e-06 1.003233e-03
475 1.474223e-05 1.133450e-03
476 5.071187e-06 1.308446e-03
477 3.564563e-05 2.002677e-03
478 1.878773e-05 1.863914e-03
479 9.300178e-06 1.359666e-03
480 1.845542e-05 1.668785e-03
481 1.643529e-05 1.397212e-03
482 1.878773e-05 1.863914e-03
483 1.878773e-05 1.863914e-03
484 1.796279e-05 1.527923e-03
485 1.796279e-05 1.527923e-03
486 1.086263e-04 7.211308e-03
487 9.300178e-06 1.359666e-03
488 9.861287e-05 5.098742e-03
489 4.781059e-04 6.831404e-03
490 4.969366e-05 3.785346e-03
491 4.969366e-05 3.785346e-03
492 4.969366e-05 3.785346e-03
493 4.969366e-05 3.785346e-03
494 9.200887e-05 4.497042e-03
495 4.763731e-05 3.688346e-03
496 1.003885e-04 5.655193e-03
497 1.083424e-04 6.385031e-03
498 4.969366e-05 3.785346e-03
499 9.200887e-05 4.497042e-03
500 4.969366e-05 3.785346e-03
501 9.861287e-05 5.098742e-03
502 4.530725e-04 1.689261e-02
503 4.969366e-05 3.785346e-03
504 4.969366e-05 3.785346e-03
505 4.969366e-05 3.785346e-03
506 9.623437e-05 5.459238e-03
507 9.623437e-05 5.459238e-03
508 9.200887e-05 4.497042e-03
509 9.200887e-05 4.497042e-03
510 1.003885e-04 5.655193e-03
511 4.763731e-05 3.688346e-03
512 9.200887e-05 4.497042e-03
513 4.763731e-05 3.688346e-03
514 7.261472e-04 1.778065e-02
515 8.330259e-05 3.877224e-03
516 8.330259e-05 3.877224e-03
517 1.608944e-04 5.237070e-03
518 8.330259e-05 3.877224e-03
519 1.608944e-04 5.237070e-03
520 2.862075e-04 5.787751e-03
521 1.608944e-04 5.237070e-03
522 1.608944e-04 5.237070e-03
523 1.608944e-04 5.237070e-03
524 1.481831e-04 4.162337e-03
525 8.330259e-05 3.877224e-03
526 1.608944e-04 5.237070e-03
527 8.330259e-05 3.877224e-03
528 8.003315e-05 3.416921e-03
529 1.608944e-04 5.237070e-03
530 4.965071e-05 3.801142e-03
531 8.330259e-05 3.877224e-03
532 1.820208e-04 6.144138e-03
533 1.894565e-04 7.191012e-03
534 1.023248e-04 5.793919e-03
535 1.023248e-04 5.793919e-03
536 3.739912e-04 9.757502e-03
537 3.739912e-04 9.757502e-03
538 1.894565e-04 7.191012e-03
539 1.976348e-04 7.585326e-03
540 3.739912e-04 9.757502e-03
541 3.739912e-04 9.757502e-03
542 6.509268e-04 1.153616e-02
543 1.894565e-04 7.191012e-03
544 8.330259e-05 3.877224e-03
545 5.426654e-05 1.819445e-03
546 2.734636e-05 1.435587e-03
547 1.808641e-05 1.651190e-03
548 3.234440e-05 1.769882e-03
549 5.123651e-06 1.327492e-03
550 5.426654e-05 1.819445e-03
551 1.629921e-05 1.410611e-03
552 2.164527e-04 3.408607e-03
553 8.394843e-05 4.203033e-03
554 3.034487e-05 1.678904e-03
555 5.426654e-05 1.819445e-03
556 9.114223e-06 1.350799e-03
557 1.808641e-05 1.651190e-03
558 5.426654e-05 1.819445e-03
559 1.808641e-05 1.651190e-03
560 1.808641e-05 1.651190e-03
561 1.808641e-05 1.651190e-03
562 1.808641e-05 1.651190e-03
563 6.384852e-05 2.134637e-03
564 1.808641e-05 1.651190e-03
565 7.056961e-05 3.094236e-03
566 1.808641e-05 1.651190e-03
567 5.990142e-05 1.955046e-03
568 5.990142e-05 1.955046e-03
569 5.990142e-05 1.955046e-03
570 5.990142e-05 1.955046e-03
571 3.034487e-05 1.678904e-03
572 5.990142e-05 1.955046e-03
573 3.034487e-05 1.678904e-03
574 5.990142e-05 1.955046e-03
575 3.034487e-05 1.678904e-03
576 5.990142e-05 1.955046e-03
577 3.034487e-05 1.678904e-03
578 1.183997e-04 3.202373e-03
579 8.631727e-04 9.331173e-03
580 5.990142e-05 1.955046e-03
581 3.034487e-05 1.678904e-03
582 5.990142e-05 1.955046e-03
583 6.130110e-05 2.508822e-03
584 3.034487e-05 1.678904e-03
585 5.990142e-05 1.955046e-03
586 8.439549e-05 4.302981e-03
587 1.010794e-04 6.344094e-03
588 7.056961e-05 3.094236e-03
589 9.114223e-06 1.350799e-03
590 6.596166e-04 1.237286e-02
591 5.990142e-05 1.955046e-03
592 3.234440e-05 1.769882e-03
593 1.501272e-04 4.591835e-03
594 5.990142e-05 1.955046e-03
595 5.003565e-05 4.126361e-03
596 2.256791e-03 2.341466e-02
597 1.031994e-05 1.594658e-03
598 1.031994e-05 1.594658e-03
599 1.031994e-05 1.594658e-03
600 1.031994e-05 1.594658e-03
601 3.344202e-05 1.890048e-03
602 1.993240e-05 1.859505e-03
603 2.084779e-05 2.338633e-03
604 1.031994e-05 1.594658e-03
605 1.031994e-05 1.594658e-03
606 1.031994e-05 1.594658e-03
607 1.031994e-05 1.594658e-03
608 1.031994e-05 1.594658e-03
609 1.556527e-04 4.268065e-03
610 3.999761e-05 2.518574e-03
611 7.363184e-04 1.584298e-02
612 1.987472e-04 7.246984e-03
613 2.023259e-04 7.842117e-03
614 3.730265e-04 1.003101e-02
615 1.001540e-04 4.867903e-03
616 4.415085e-05 2.729640e-03
617 1.791081e-04 5.368792e-03
618 7.737742e-05 2.904138e-03
619 7.895613e-05 2.950447e-03
620 1.383761e-04 3.262506e-03
621 2.537714e-04 4.058190e-03
622 1.383761e-04 3.262506e-03
623 1.595030e-04 4.486823e-03
624 1.383761e-04 3.262506e-03
625 7.895613e-05 2.950447e-03
626 3.749907e-04 1.191204e-02
627 7.895613e-05 2.950447e-03
628 9.664688e-05 4.600077e-03
629 1.695983e-04 5.721903e-03
630 1.493408e-04 4.105709e-03
631 1.386879e-04 3.974296e-03
632 5.576809e-04 8.857242e-03
633 8.266193e-05 3.847630e-03
634 8.119984e-05 3.394363e-03
635 7.903236e-05 3.059941e-03
636 8.266193e-05 3.847630e-03
637 1.596570e-04 5.120030e-03
638 1.596570e-04 5.120030e-03
639 1.138037e-04 6.506357e-03
640 7.317611e-05 2.698615e-03
641 8.266193e-05 3.847630e-03
642 1.452118e-04 3.927237e-03
643 2.024401e-04 7.024039e-03
644 8.119984e-05 3.394363e-03
645 1.719206e-04 5.039715e-03
646 2.024401e-04 7.024039e-03
647 9.929743e-05 5.012114e-03
648 2.865544e-04 5.947844e-03
649 5.078908e-05 3.691096e-03
650 5.078908e-05 3.691096e-03
651 5.078908e-05 3.691096e-03
652 8.901137e-05 3.969313e-03
653 2.308486e-03 1.842697e-02
654 1.456750e-03 1.976720e-02
655 3.763366e-05 2.027412e-03
656 3.023153e-04 5.994656e-03
657 3.455498e-03 4.728617e-02
658 4.902238e-05 4.626717e-03
659 1.896204e-04 6.778825e-03
660 1.896204e-04 6.778825e-03
661 1.896204e-04 6.778825e-03
662 6.594668e-04 1.142359e-02
663 8.337465e-05 3.861494e-03
664 1.910593e-04 6.682280e-03
665 1.896204e-04 6.778825e-03
666 3.287242e-04 8.008791e-03
667 1.445375e-04 4.402301e-03
668 8.337465e-05 3.861494e-03
669 3.762857e-04 9.936390e-03
670 1.910593e-04 6.682280e-03
671 3.287242e-04 8.008791e-03
672 1.562468e-04 4.161048e-03
673 6.523255e-04 1.237715e-02
674 8.082279e-05 3.998090e-03
675 4.238827e-04 6.381661e-03
676 1.445375e-04 4.402301e-03
677 3.017572e-04 5.745357e-03
678 1.109087e-04 2.463116e-03
679 3.156153e-04 6.856613e-03
680 6.223793e-05 1.990425e-03
681 1.257298e-04 3.138139e-03
682 1.578801e-03 2.694932e-02
683 1.109087e-04 2.463116e-03
684 3.068267e-04 6.372536e-03
685 1.079483e-04 2.301050e-03
686 5.956750e-04 8.042075e-03
687 5.990142e-05 1.955046e-03
688 1.109087e-04 2.463116e-03
689 1.079483e-04 2.301050e-03
690 5.990142e-05 1.955046e-03
691 2.142142e-04 3.536883e-03
692 5.588988e-05 1.759950e-03
693 5.990142e-05 1.955046e-03
694 5.860946e-05 2.022222e-03
695 8.170759e-05 3.812594e-03
696 3.408739e-04 8.035968e-03
697 6.902366e-04 1.343773e-02
698 1.039862e-03 1.004497e-02
699 1.721799e-04 5.064847e-03
700 1.657160e-04 4.966973e-03
701 8.350870e-05 3.718944e-03
702 1.621418e-04 5.152813e-03
703 4.230386e-05 3.333974e-03
704 3.408739e-04 8.035968e-03
705 4.230386e-05 3.333974e-03
706 8.170759e-05 3.812594e-03
707 4.230386e-05 3.333974e-03
708 9.257813e-04 1.077477e-02
709 2.121836e-04 8.580753e-03
710 2.200076e-04 7.922091e-03
711 4.365864e-04 1.220511e-02
712 1.360161e-04 3.751343e-03
713 2.121836e-04 8.580753e-03
714 1.919637e-04 6.247388e-03
715 9.673564e-05 4.364179e-03
716 2.200076e-04 7.922091e-03
717 4.034774e-04 9.414095e-03
718 9.673564e-05 4.364179e-03
719 1.868396e-04 5.593028e-03
720 2.200076e-04 7.922091e-03
721 9.673564e-05 4.364179e-03
722 1.868396e-04 5.593028e-03
723 2.121836e-04 8.580753e-03
724 9.673564e-05 4.364179e-03
725 9.673564e-05 4.364179e-03
726 1.868396e-04 5.593028e-03
727 8.006669e-04 1.516586e-02
728 1.948208e-04 7.669859e-03
729 1.114515e-04 6.718697e-03
730 1.954202e-04 6.824521e-03
731 4.900436e-05 3.835056e-03
732 4.900436e-05 3.835056e-03
733 9.673564e-05 4.364179e-03
734 1.114515e-04 6.718697e-03
735 8.359298e-05 3.869645e-03
736 2.135265e-04 8.067581e-03
737 4.567377e-04 1.450027e-02
738 3.774435e-04 9.306977e-03
739 9.673564e-05 4.364179e-03
740 9.673564e-05 4.364179e-03
741 4.900436e-05 3.835056e-03
742 1.074880e-04 6.874552e-03
743 9.673564e-05 4.364179e-03
744 9.673564e-05 4.364179e-03
745 2.121836e-04 8.580753e-03
746 9.673564e-05 4.364179e-03
747 9.673564e-05 4.364179e-03
748 9.530541e-05 4.453608e-03
749 3.845803e-04 9.518596e-03
750 1.425914e-04 4.026823e-03
751 1.333605e-04 3.752740e-03
752 1.333605e-04 3.752740e-03
753 3.416009e-04 8.242606e-03
754 6.112357e-05 1.990896e-03
755 7.058465e-05 2.430335e-03
756 1.333605e-04 3.752740e-03
757 1.690970e-04 5.066150e-03
758 6.755781e-05 2.935363e-03
759 3.417920e-05 1.819959e-03
760 1.306890e-04 3.242016e-03
761 2.640110e-04 5.666537e-03
762 2.921873e-05 4.581944e-03
763 2.921873e-05 4.581944e-03
764 2.921873e-05 4.581944e-03
765 1.455112e-03 2.574469e-02
766 1.411935e-03 2.749648e-02
767 2.727649e-04 8.983368e-03
768 1.513909e-03 2.729532e-02
769 1.220828e-04 3.388849e-03
770 5.367889e-05 1.897912e-03
771 5.367889e-05 1.897912e-03
772 2.328547e-05 3.325059e-03
773 1.502692e-04 4.735612e-03
774 2.328547e-05 3.325059e-03
775 4.620805e-05 4.758616e-03
776 4.164202e-05 3.539082e-03
777 1.220828e-04 3.388849e-03
778 5.148177e-05 5.373827e-03
779 7.858818e-05 3.853761e-03
780 2.328547e-05 3.325059e-03
781 2.328547e-05 3.325059e-03
782 1.023844e-05 1.869864e-03
783 2.050417e-05 2.223839e-03
784 1.220828e-04 3.388849e-03
785 2.095882e-05 2.393040e-03
786 3.321745e-05 2.176946e-03
787 3.516412e-05 2.425156e-03
788 6.096020e-05 2.742606e-03
789 6.096020e-05 2.742606e-03
790 6.463288e-05 2.852210e-03
791 9.300178e-06 1.359666e-03
792 6.096020e-05 2.742606e-03
793 3.633401e-05 2.686930e-03
794 5.091098e-04 8.283598e-03
795 2.926995e-05 1.699415e-03
796 1.917424e-05 2.248576e-03
797 6.096020e-05 2.742606e-03
798 3.071947e-05 1.992025e-03
799 1.112232e-04 3.119862e-03
800 5.912959e-05 2.550257e-03
801 6.415769e-05 2.675841e-03
802 3.324029e-05 2.436488e-03
803 6.420180e-05 3.062663e-03
804 6.096020e-05 2.742606e-03
805 1.142056e-04 3.282401e-03
806 7.271684e-04 1.558659e-02
807 1.979854e-05 2.146608e-03
808 1.056171e-05 1.815869e-03
809 6.096020e-05 2.742606e-03
810 5.582803e-06 1.771152e-03
811 4.227358e-05 4.351719e-03
812 1.098356e-05 2.446548e-03
813 6.029456e-04 8.445927e-03
814 1.695973e-04 5.656550e-03
815 1.695973e-04 5.656550e-03
816 1.836269e-04 6.028264e-03
817 3.138964e-04 6.273671e-03
818 1.591128e-04 5.120678e-03
819 1.591128e-04 5.120678e-03
820 1.978607e-04 9.427370e-03
821 3.223712e-04 8.347913e-03
822 6.101928e-04 1.281463e-02
823 1.688085e-03 3.500977e-02
824 4.691419e-03 5.519698e-02
825 2.059452e-03 4.584558e-02
826 1.281625e-03 2.126490e-02
827 1.515486e-03 3.103176e-02
828 2.280656e-03 7.148889e-02
829 7.043986e-04 1.427241e-02
830 8.003315e-05 3.416921e-03
831 3.961749e-05 2.420831e-03
832 8.444328e-05 3.465027e-03
833 2.787334e-04 5.553080e-03
834 3.961749e-05 2.420831e-03
835 1.416766e-04 3.594423e-03
836 7.335262e-05 2.789821e-03
837 1.174276e-04 2.833957e-03
838 6.868052e-05 2.677808e-03
839 6.868052e-05 2.677808e-03
840 4.832098e-04 7.361075e-03
841 6.868052e-05 2.677808e-03
842 2.310262e-04 4.056944e-03
843 1.174276e-04 2.833957e-03
844 1.326527e-04 3.378076e-03
845 1.326527e-04 3.378076e-03
846 2.372211e-04 4.251497e-03
847 6.868052e-05 2.677808e-03
848 1.326527e-04 3.378076e-03
849 1.387447e-04 3.936053e-03
850 6.868052e-05 2.677808e-03
851 2.268051e-04 3.679669e-03
852 1.174276e-04 2.833957e-03
853 6.868052e-05 2.677808e-03
854 6.868052e-05 2.677808e-03
855 6.868052e-05 2.677808e-03
856 5.420292e-06 1.274413e-03
857 4.772873e-06 9.873288e-04
858 1.075611e-05 1.699804e-03
859 5.420292e-06 1.274413e-03
860 3.141615e-04 7.046744e-03
861 4.177324e-05 3.210312e-03
862 5.420292e-06 1.274413e-03
863 5.420292e-06 1.274413e-03
864 5.420292e-06 1.274413e-03
865 9.641905e-06 1.299070e-03
866 1.785219e-05 1.487043e-03
867 5.420292e-06 1.274413e-03
868 5.420292e-06 1.274413e-03
869 1.003579e-05 1.441391e-03
870 5.420292e-06 1.274413e-03
871 5.420292e-06 1.274413e-03
872 1.046900e-05 1.498893e-03
873 5.420292e-06 1.274413e-03
874 9.218543e-06 1.109818e-03
875 1.012264e-03 2.094860e-02
876 9.641905e-06 1.299070e-03
877 5.420292e-06 1.274413e-03
878 1.785219e-05 1.487043e-03
879 5.420292e-06 1.274413e-03
880 5.420292e-06 1.274413e-03
881 5.420292e-06 1.274413e-03
882 1.819760e-05 1.283188e-03
883 8.837075e-06 1.080378e-03
884 5.420292e-06 1.274413e-03
885 5.420292e-06 1.274413e-03
886 1.813649e-05 1.480105e-03
887 1.853628e-05 1.415718e-03
888 8.011759e-05 4.084839e-03
889 8.121466e-05 3.450158e-03
890 7.643146e-05 2.972296e-03
891 3.076763e-04 6.659352e-03
892 9.494642e-05 4.397390e-03
893 3.580182e-05 1.821193e-03
894 1.853628e-05 1.415718e-03
895 5.758168e-05 1.801749e-03
896 6.539239e-05 2.720506e-03
897 1.860205e-04 6.818347e-03
898 1.661749e-04 4.748441e-03
899 1.929940e-04 6.694089e-03
900 3.109966e-05 1.444122e-03
901 1.766813e-05 1.438738e-03
902 5.341977e-05 1.671923e-03
903 6.544895e-05 2.358923e-03
904 5.995225e-04 9.843018e-03
905 7.054805e-05 2.594793e-03
906 2.329723e-04 3.884401e-03
907 3.872391e-04 1.250547e-02
908 1.778295e-05 1.685543e-03
909 1.778295e-05 1.685543e-03
910 9.137794e-06 1.245638e-03
911 1.025787e-05 1.560577e-03
912 7.819026e-06 1.089156e-03
913 4.510307e-06 1.034210e-03
914 1.627861e-05 1.353516e-03
915 1.778295e-05 1.685543e-03
916 4.177942e-05 3.033316e-03
917 1.778295e-05 1.685543e-03
918 1.398297e-05 1.145319e-03
919 5.213942e-06 1.217076e-03
920 1.007044e-05 1.350885e-03
921 4.099792e-06 8.996419e-04
922 8.116583e-06 1.114033e-03
923 1.534265e-04 5.434299e-03
924 7.551704e-05 3.015603e-03
925 2.292530e-06 8.831749e-04
926 3.532655e-05 2.262244e-03
927 4.427897e-06 9.420094e-04
928 8.711411e-06 1.149960e-03
929 1.981251e-05 1.823830e-03
930 8.711411e-06 1.149960e-03
931 1.025787e-05 1.560577e-03
932 5.213942e-06 1.217076e-03
933 4.244669e-06 9.278688e-04
934 1.287885e-05 1.007715e-03
935 1.375496e-05 1.040896e-03
936 4.427897e-06 9.420094e-04
937 4.176288e-06 9.345006e-04
938 5.213942e-06 1.217076e-03
939 1.007044e-05 1.350885e-03
940 7.429003e-06 9.487945e-04
941 1.442481e-05 1.211530e-03
942 5.213942e-06 1.217076e-03
943 2.489186e-06 9.306864e-04
944 3.846344e-06 8.866879e-04
945 8.198346e-06 1.028333e-03
946 8.007794e-06 9.946425e-04
947 3.754854e-04 8.785307e-03
948 6.186116e-05 4.969561e-03
949 6.245812e-05 5.436006e-03
950 6.245812e-05 5.436006e-03
951 2.446658e-04 9.380716e-03
952 1.050275e-04 6.132654e-03
953 1.522956e-04 4.437719e-03
954 2.333141e-05 2.482096e-03
955 1.840680e-04 6.547756e-03
956 2.333141e-05 2.482096e-03
957 1.094622e-04 5.682860e-03
958 5.783001e-05 4.879818e-03
959 4.927494e-04 1.631977e-02
960 2.483096e-04 1.087954e-02
961 1.094622e-04 5.682860e-03
962 2.160806e-04 6.825080e-03
963 4.088991e-05 2.574309e-03
964 2.483096e-04 1.087954e-02
965 5.292616e-05 4.306362e-03
966 9.925434e-04 2.204366e-02
967 4.901683e-04 1.347061e-02
968 4.088991e-05 2.574309e-03
969 7.312451e-05 2.763688e-03
970 2.160806e-04 6.825080e-03
971 2.333141e-05 2.482096e-03
972 6.245812e-05 5.436006e-03
973 6.245812e-05 5.436006e-03
974 2.333141e-05 2.482096e-03
975 1.927407e-05 4.688557e-03
976 1.901891e-04 6.876997e-03
977 2.943017e-05 1.398557e-03
978 3.099514e-05 1.528630e-03
979 3.421703e-05 1.886166e-03
980 8.535454e-06 1.021612e-03
981 2.594881e-05 2.840405e-03
982 3.421703e-05 1.886166e-03
983 1.075611e-05 1.699804e-03
984 2.123279e-05 2.011985e-03
985 2.123279e-05 2.011985e-03
986 2.123279e-05 2.011985e-03
987 4.772873e-06 9.873288e-04
988 1.069977e-05 1.431730e-03
989 5.005093e-05 3.011226e-03
990 2.123279e-05 2.011985e-03
991 2.864326e-05 3.128175e-03
992 1.075611e-05 1.699804e-03
993 1.075611e-05 1.699804e-03
994 1.075611e-05 1.699804e-03
995 1.075611e-05 1.699804e-03
996 2.123279e-05 2.011985e-03
997 2.439971e-05 3.174794e-03
998 2.123279e-05 2.011985e-03
999 1.869667e-05 1.388043e-03
1000 9.471363e-06 1.209918e-03
1001 9.471363e-06 1.209918e-03
1002 1.869667e-05 1.388043e-03
1003 9.471363e-06 1.209918e-03
1004 2.123279e-05 2.011985e-03
1005 2.123279e-05 2.011985e-03
1006 1.075611e-05 1.699804e-03
1007 2.123279e-05 2.011985e-03
1008 1.075611e-05 1.699804e-03
1009 1.923544e-05 1.798666e-03
1010 1.923544e-05 1.798666e-03
1011 1.923544e-05 1.798666e-03
1012 1.923544e-05 1.798666e-03
1013 1.075611e-05 1.699804e-03
1014 1.923544e-05 1.798666e-03
1015 1.075611e-05 1.699804e-03
1016 9.471363e-06 1.209918e-03
1017 5.420292e-06 1.274413e-03
1018 1.923544e-05 1.798666e-03
1019 3.421703e-05 1.886166e-03
1020 9.693252e-06 1.324232e-03
1021 1.869667e-05 1.388043e-03
1022 4.772873e-06 9.873288e-04
1023 9.471363e-06 1.209918e-03
1024 9.218543e-06 1.109818e-03
1025 1.758841e-05 1.504827e-03
1026 5.749034e-03 4.719282e-02
1027 2.073505e-04 1.021828e-02
1028 2.073505e-04 1.021828e-02
1029 2.339783e-04 1.162882e-02
1030 7.617171e-04 1.869926e-02
1031 1.219032e-03 1.679689e-02
1032 7.031761e-05 3.532245e-03
1033 1.132993e-04 7.182421e-03
1034 6.945210e-04 1.384632e-02
1035 3.690526e-05 2.248096e-03
1036 1.504487e-04 4.747836e-03
1037 1.132993e-04 7.182421e-03
1038 2.074666e-05 2.153721e-03
1039 8.457622e-05 4.363107e-03
1040 5.739518e-05 5.516604e-03
1041 4.093143e-04 1.462149e-02
1042 2.477123e-04 5.654363e-03
1043 2.477123e-04 5.654363e-03
1044 2.288426e-04 3.580139e-03
1045 1.293275e-04 2.964794e-03
1046 2.477123e-04 5.654363e-03
1047 2.073505e-04 1.021828e-02
1048 6.631251e-04 1.443215e-02
1049 9.629604e-05 5.604553e-03
1050 1.075444e-03 3.872554e-02
1051 1.774105e-03 2.644536e-02
1052 4.655912e-06 1.100750e-03
1053 1.938499e-05 1.487276e-03
1054 4.049485e-04 9.047377e-03
1055 9.820052e-06 1.324036e-03
1056 8.706558e-05 3.356391e-03
1057 3.252360e-05 1.516980e-03
1058 1.913468e-05 1.530074e-03
1059 4.317802e-06 9.302041e-04
1060 4.099792e-06 8.996419e-04
1061 1.596509e-05 1.311512e-03
1062 9.794721e-06 1.428995e-03
1063 3.956169e-05 2.366468e-03
1064 6.312330e-05 5.029743e-03
1065 6.312330e-05 5.029743e-03
1066 5.166430e-06 1.307698e-03
1067 5.166430e-06 1.307698e-03
1068 5.166430e-06 1.307698e-03
1069 5.166430e-06 1.307698e-03
1070 2.408651e-04 8.843764e-03
1071 5.362815e-05 3.672897e-03
1072 2.048294e-05 2.106270e-03
1073 1.106279e-04 5.375525e-03
1074 4.317802e-06 9.302041e-04
1075 2.041058e-04 7.194050e-03
1076 2.357989e-05 2.330335e-03
1077 6.312330e-05 5.029743e-03
1078 9.820052e-06 1.324036e-03
1079 8.706558e-05 3.356391e-03
1080 8.620519e-06 1.201330e-03
1081 8.620519e-06 1.201330e-03
1082 8.620519e-06 1.201330e-03
1083 8.620519e-06 1.201330e-03
1084 4.655912e-06 1.100750e-03
1085 7.377819e-05 2.760068e-03
1086 4.655912e-06 1.100750e-03
1087 8.282184e-06 1.121929e-03
1088 5.577766e-05 4.126130e-03
1089 4.655912e-06 1.100750e-03
1090 4.655912e-06 1.100750e-03
1091 4.655912e-06 1.100750e-03
1092 1.527343e-03 2.144628e-02
1093 2.584102e-04 4.582428e-03
1094 1.540198e-04 4.346416e-03
1095 1.506341e-05 1.152427e-03
1096 1.506341e-05 1.152427e-03
1097 5.733049e-05 1.985459e-03
1098 6.191862e-05 2.304648e-03
1099 3.043030e-05 1.632593e-03
1100 1.506341e-05 1.152427e-03
1101 1.506341e-05 1.152427e-03
1102 1.643529e-05 1.397212e-03
1103 1.506341e-05 1.152427e-03
1104 1.917026e-04 8.583531e-03
1105 1.506341e-05 1.152427e-03
1106 3.110796e-05 1.474623e-03
1107 5.219208e-05 1.522291e-03
1108 1.506341e-05 1.152427e-03
1109 2.527297e-05 1.175510e-03
1110 4.881336e-05 1.452728e-03
1111 5.733049e-05 1.985459e-03
1112 1.107307e-04 2.614314e-03
1113 1.107307e-04 2.614314e-03
1114 1.710669e-05 1.554776e-03
1115 1.107307e-04 2.614314e-03
1116 1.506341e-05 1.152427e-03
1117 1.506341e-05 1.152427e-03
1118 5.733049e-05 1.985459e-03
1119 1.107307e-04 2.614314e-03
1120 5.488766e-05 1.634516e-03
1121 4.369649e-05 1.308477e-03
1122 4.584360e-05 1.307571e-03
1123 1.546662e-05 1.123944e-03
1124 5.593434e-05 1.673596e-03
1125 3.271461e-05 1.584386e-03
1126 4.729104e-05 1.264180e-03
1127 2.818681e-05 1.220988e-03
1128 1.576156e-05 1.134956e-03
1129 2.695499e-05 1.424030e-03
1130 8.198332e-05 1.489724e-03
1131 7.993032e-05 3.061684e-03
1132 5.734344e-04 1.782620e-02
1133 3.007600e-04 5.366072e-03
1134 4.939933e-05 1.345127e-03
1135 8.989333e-06 1.085240e-03
1136 1.648576e-05 1.176033e-03
1137 3.495549e-05 1.732387e-03
1138 3.206049e-05 1.553196e-03
1139 3.749386e-05 1.883129e-03
1140 7.405095e-04 1.504128e-02
1141 1.272124e-04 3.014744e-03
1142 3.495549e-05 1.732387e-03
1143 3.495549e-05 1.732387e-03
1144 1.716109e-04 4.610272e-03
1145 6.410575e-05 1.985371e-03
1146 1.759071e-04 4.886392e-03
1147 1.759071e-04 4.886392e-03
1148 6.410575e-05 1.985371e-03
1149 3.749386e-05 1.883129e-03
1150 2.818681e-05 1.220988e-03
1151 1.648576e-05 1.176033e-03
1152 2.818681e-05 1.220988e-03
1153 1.648576e-05 1.176033e-03
1154 3.271461e-05 1.584386e-03
1155 1.648576e-05 1.176033e-03
1156 1.652842e-04 4.369683e-03
1157 1.822106e-04 6.143306e-03
1158 9.667065e-05 4.106072e-03
1159 3.615816e-04 1.066479e-02
1160 3.542617e-05 2.121750e-03
1161 3.611160e-05 1.797026e-03
1162 1.350698e-04 4.247054e-03
1163 9.667065e-05 4.106072e-03
1164 3.542617e-05 2.121750e-03
1165 3.695540e-05 2.239768e-03
1166 1.952889e-04 7.151828e-03
1167 5.122045e-05 3.976791e-03
1168 3.695540e-05 2.239768e-03
1169 1.350698e-04 4.247054e-03
1170 1.350698e-04 4.247054e-03
1171 3.542617e-05 2.121750e-03
1172 9.667065e-05 4.106072e-03
1173 1.996379e-04 6.690158e-03
1174 3.781937e-04 9.856760e-03
1175 2.805591e-04 6.115808e-03
1176 4.292439e-03 1.095855e-01
1177 5.746667e-05 1.872352e-03
1178 2.862733e-04 5.802074e-03
1179 2.233232e-04 1.201832e-02
1180 3.798162e-04 1.080185e-02
1181 1.105480e-04 6.935180e-03
1182 1.924074e-04 7.823151e-03
1183 2.120806e-04 3.608658e-03
1184 5.478169e-04 8.315368e-03
1185 4.575788e-04 7.211330e-03
1186 2.471367e-04 4.988522e-03
1187 1.223360e-04 2.852650e-03
1188 1.223360e-04 2.852650e-03
1189 2.775132e-04 5.789969e-03
1190 1.002567e-03 1.323155e-02
1191 2.775132e-04 5.789969e-03
1192 4.575788e-04 7.211330e-03
1193 4.575788e-04 7.211330e-03
1194 8.183003e-04 9.330576e-03
1195 4.419611e-04 6.133119e-03
1196 4.419611e-04 6.133119e-03
1197 2.414938e-04 3.965920e-03
1198 4.878530e-04 7.237491e-03
1199 2.471367e-04 4.988522e-03
1200 4.575788e-04 7.211330e-03
1201 3.997421e-04 5.616581e-03
1202 4.419611e-04 6.133119e-03
1203 4.719908e-04 8.179658e-03
1204 7.661797e-04 8.500032e-03
1205 2.278142e-05 2.758291e-03
1206 5.167853e-05 4.932897e-03
1207 4.074061e-05 2.921927e-03
1208 5.574550e-04 9.388482e-03
1209 4.393085e-05 3.835351e-03
1210 4.074061e-05 2.921927e-03
1211 2.405784e-05 1.227433e-03
1212 3.144126e-05 1.701052e-03
1213 1.441349e-04 4.289381e-03
1214 9.362619e-05 4.672993e-03
1215 3.798162e-04 1.080185e-02
1216 7.677140e-05 3.512742e-03
1217 3.798162e-04 1.080185e-02
1218 1.065974e-04 2.387142e-03
1219 6.965253e-06 9.328744e-04
1220 3.191900e-05 2.016205e-03
1221 2.345967e-05 1.203980e-03
1222 5.478169e-04 8.315368e-03
1223 1.646814e-05 1.433183e-03
1224 1.407083e-05 1.189064e-03
1225 9.702183e-05 1.981635e-03
1226 5.005744e-05 1.565996e-03
1227 1.052515e-03 3.183950e-02
1228 3.471989e-05 1.857890e-03
1229 4.772873e-06 9.873288e-04
1230 1.896941e-05 1.807727e-03
1231 9.641905e-06 1.299070e-03
1232 1.066384e-05 1.759218e-03
1233 1.868912e-05 1.826624e-03
1234 3.342225e-05 1.977776e-03
1235 1.868912e-05 1.826624e-03
1236 1.868912e-05 1.826624e-03
1237 1.868912e-05 1.826624e-03
1238 1.868912e-05 1.826624e-03
1239 1.868912e-05 1.826624e-03
1240 1.704657e-03 2.240674e-02
1241 2.765936e-05 1.201295e-03
1242 1.868912e-05 1.826624e-03
1243 5.070115e-05 1.509087e-03
1244 1.868912e-05 1.826624e-03
1245 1.868912e-05 1.826624e-03
1246 1.868912e-05 1.826624e-03
1247 5.115095e-05 4.102925e-03
1248 3.769817e-04 1.084372e-02
1249 9.879527e-05 5.313585e-03
1250 9.879527e-05 5.313585e-03
1251 8.627668e-05 4.315214e-03
1252 9.879527e-05 5.313585e-03
1253 1.684840e-04 2.503611e-03
1254 5.619328e-05 2.024945e-03
1255 4.408210e-04 6.225673e-03
1256 5.857484e-05 1.922863e-03
1257 5.258116e-04 9.437313e-03
1258 1.275322e-04 3.823025e-03
1259 2.245053e-04 4.127164e-03
1260 9.477670e-05 4.619492e-03
1261 1.502693e-05 1.416142e-03
1262 1.302028e-04 4.688588e-03
1263 2.020535e-05 1.718030e-03
1264 1.257523e-04 3.597290e-03
1265 3.532763e-05 2.122773e-03
1266 6.089304e-05 2.311321e-03
1267 1.075611e-05 1.699804e-03
1268 3.621509e-05 1.931186e-03
1269 1.753116e-04 5.729306e-03
1270 8.429420e-05 4.051703e-03
1271 8.099943e-05 4.244256e-03
1272 2.123279e-05 2.011985e-03
1273 1.800924e-05 1.423219e-03
1274 2.455935e-04 4.922435e-03
1275 2.624703e-04 4.524544e-03
1276 5.208502e-04 7.195780e-03
1277 7.905421e-04 2.121331e-02
1278 7.051782e-04 1.463320e-02
1279 2.780288e-05 1.493525e-03
1280 8.764271e-05 3.961700e-03
1281 9.838561e-05 5.704540e-03
1282 2.455935e-04 4.922435e-03
1283 2.085481e-04 3.848620e-03
1284 4.307673e-04 5.485708e-03
1285 1.154248e-04 3.229751e-03
1286 1.847774e-04 7.011948e-03
1287 4.922735e-05 1.672445e-03
1288 6.662590e-04 6.190550e-03
1289 2.202491e-03 2.919719e-02
1290 2.436820e-05 1.172155e-03
1291 1.131341e-04 2.591463e-03
1292 5.397799e-05 1.613654e-03
1293 6.550323e-04 1.137163e-02
1294 1.069062e-05 1.789141e-03
1295 6.053522e-05 2.101895e-03
1296 1.150500e-04 2.465776e-03
1297 1.363727e-03 1.947411e-02
1298 8.722614e-04 2.496456e-02
1299 8.664931e-05 3.813763e-03
1300 7.101078e-04 1.656020e-02
1301 3.283901e-05 1.645684e-03
1302 1.873764e-05 1.563161e-03
1303 1.949635e-04 7.529697e-03
1304 1.839592e-04 6.142220e-03
1305 1.805169e-04 6.013694e-03
1306 9.364587e-05 4.904886e-03
1307 7.628925e-05 3.308295e-03
1308 1.047189e-04 6.152458e-03
1309 1.832786e-04 6.669333e-03
1310 4.924583e-04 1.523415e-02
1311 3.486585e-04 8.504747e-03
1312 4.525265e-04 1.234573e-02
1313 1.391130e-05 2.835671e-03
1314 9.861016e-05 2.239244e-03
1315 2.854910e-05 1.536443e-03
1316 2.787067e-05 4.125662e-03
1317 3.597092e-05 2.453573e-03
1318 5.597241e-06 1.667078e-03
1319 1.556721e-05 1.412573e-03
1320 2.646345e-05 3.616403e-03
1321 2.566877e-05 3.426901e-03
1322 9.030828e-06 1.272882e-03
1323 1.337737e-04 4.236012e-03
1324 1.411471e-05 1.130038e-03
1325 3.893571e-05 2.816672e-03
1326 1.950192e-05 1.722736e-03
1327 5.153247e-05 4.205969e-03
1328 1.711973e-05 1.586505e-03
1329 2.102904e-05 2.329548e-03
1330 3.424311e-05 1.921910e-03
1331 6.621977e-05 2.480148e-03
1332 6.122874e-04 1.161176e-02
1333 1.566411e-04 4.872396e-03
1334 3.478575e-04 1.114335e-02
1335 8.836428e-05 4.862383e-03
1336 7.941821e-05 3.431147e-03
1337 2.700411e-05 1.343320e-03
1338 6.967605e-05 3.064102e-03
1339 4.038049e-04 1.192411e-02
1340 1.712968e-04 5.910249e-03
1341 5.358738e-05 1.740648e-03
1342 1.510021e-05 1.283322e-03
1343 7.275963e-04 1.273445e-02
1344 7.219565e-05 3.062415e-03
1345 1.727271e-04 6.371391e-03
1346 2.743089e-04 5.942272e-03
1347 4.755394e-04 7.108830e-03
1348 9.953948e-05 5.123001e-03
1349 6.486739e-05 5.893722e-03
1350 8.833918e-04 1.917586e-02
1351 5.275804e-04 1.853099e-02
1352 5.195949e-04 6.753927e-03
1353 6.616933e-05 2.411026e-03
1354 3.158919e-05 1.879449e-03
1355 6.061943e-04 1.097942e-02
1356 7.342913e-05 3.031732e-03
1357 2.646345e-05 3.616403e-03
1358 1.863521e-04 6.811818e-03
1359 5.669173e-04 9.545755e-03
1360 8.668093e-06 1.315614e-03
1361 5.772610e-05 2.422473e-03
1362 1.847573e-05 1.829067e-03
1363 1.366873e-05 1.028276e-03
1364 4.436218e-06 9.911043e-04
1365 1.710040e-05 1.347812e-03
1366 8.822402e-05 4.476897e-03
1367 2.520043e-05 2.756760e-03
1368 1.868068e-05 1.640765e-03
1369 2.792474e-05 1.269536e-03
1370 4.436218e-06 9.911043e-04
1371 8.692969e-06 1.217040e-03
1372 4.654200e-06 9.746037e-04
1373 1.768232e-05 1.517811e-03
1374 5.616713e-05 2.001046e-03
1375 1.988132e-04 8.057248e-03
1376 8.992639e-06 1.230862e-03
1377 4.246991e-05 2.937315e-03
1378 1.611210e-04 2.301363e-03
1379 1.609291e-04 4.230576e-03
1380 3.524220e-04 8.745842e-03
1381 1.759765e-04 6.909550e-03
1382 1.269612e-05 9.654522e-04
1383 4.196055e-05 1.127049e-03
1384 9.973871e-04 1.070799e-02
1385 1.237809e-04 2.519092e-03
1386 2.291829e-04 3.215359e-03
1387 8.884806e-04 7.563410e-03
1388 8.884806e-04 7.563410e-03
1389 5.524366e-05 2.017286e-03
1390 9.082468e-04 7.342147e-03
1391 1.415773e-04 3.627183e-03
1392 2.083764e-04 9.855181e-03
1393 3.042335e-05 1.574591e-03
1394 1.487535e-04 4.744414e-03
1395 2.373462e-04 1.112853e-02
1396 3.415252e-05 2.128968e-03
1397 1.501660e-05 1.284127e-03
1398 3.615046e-04 8.367918e-03
1399 1.179647e-04 3.010323e-03
1400 1.710669e-05 1.554776e-03
1401 1.805832e-04 7.315941e-03
1402 2.870114e-05 1.580990e-03
1403 2.611378e-05 1.299427e-03
1404 1.717382e-04 2.784005e-03
1405 1.728706e-05 1.500109e-03
1406 1.151194e-04 3.163070e-03
1407 1.674195e-05 1.536954e-03
1408 1.705354e-05 1.840277e-03
1409 1.990152e-04 3.975563e-03
1410 7.612659e-05 1.539211e-03
1411 7.850443e-04 2.031922e-02
1412 5.581503e-04 9.567661e-03
1413 2.366324e-05 1.136917e-03
1414 2.219865e-04 1.344069e-02
1415 8.458228e-05 1.873843e-03
1416 1.868068e-05 1.640765e-03
1417 1.044590e-05 1.565733e-03
1418 4.570425e-05 1.378187e-03
1419 1.028667e-04 5.580734e-03
1420 2.071203e-04 1.025949e-02
1421 6.178780e-04 1.084659e-02
1422 8.825203e-05 4.395839e-03
1423 2.037987e-04 4.776803e-03
1424 1.213676e-04 3.386157e-03
1425 2.127558e-04 5.163430e-03
1426 1.692771e-04 5.303297e-03
1427 1.386428e-04 5.309951e-03
1428 7.994502e-06 1.006476e-03
1429 5.111407e-05 4.141137e-03
1430 6.936054e-05 3.634230e-03
1431 1.401257e-04 4.372583e-03
1432 6.432361e-05 2.574106e-03
1433 1.303904e-04 3.610987e-03
1434 4.518014e-04 1.692536e-02
1435 4.962584e-04 7.963464e-03
1436 5.063834e-04 8.260464e-03
1437 1.903332e-05 1.480402e-03
1438 1.814189e-05 1.504039e-03
1439 4.799385e-03 5.194916e-02
1440 2.830017e-04 5.907311e-03
1441 2.606646e-03 3.181014e-02
1442 1.701608e-05 1.510369e-03
1443 2.717142e-04 1.355213e-02
1444 4.569056e-04 1.753871e-02
1445 2.717142e-04 1.355213e-02
1446 4.288423e-05 3.346633e-03
1447 2.845492e-05 1.641423e-03
1448 1.202428e-04 4.260394e-03
1449 7.269303e-05 3.615507e-03
1450 1.210000e-04 3.588676e-03
1451 1.200694e-05 9.678015e-04
1452 1.822963e-04 2.934494e-03
1453 9.189213e-06 1.398047e-03
1454 1.920545e-04 7.596114e-03
1455 4.922197e-05 3.444970e-03
1456 8.002982e-05 3.330933e-03
1457 7.416668e-05 3.248374e-03
1458 2.147235e-05 2.564261e-03
1459 3.869529e-05 2.585559e-03
1460 5.016060e-05 3.480015e-03
1461 1.018932e-04 5.382652e-03
1462 1.026027e-04 5.769203e-03
1463 8.280047e-05 5.166683e-03
1464 3.922292e-04 1.153340e-02
1465 2.204956e-04 1.077873e-02
1466 7.656141e-04 2.097133e-02
1467 4.253365e-04 1.114663e-02
1468 2.216566e-04 1.312663e-02
1469 5.309255e-04 2.261881e-02
1470 4.776235e-05 1.514152e-03
1471 7.049947e-05 3.432725e-03
1472 4.098735e-05 3.083034e-03
1473 3.449571e-05 1.956704e-03
1474 1.865503e-04 7.804487e-03
1475 4.531531e-05 3.252047e-03
1476 2.359889e-05 2.908492e-03
1477 4.540788e-04 1.293041e-02
1478 2.321138e-04 9.972487e-03
1479 5.038683e-04 1.708291e-02
1480 3.362940e-04 8.597699e-03
1481 1.253638e-04 8.555098e-03
1482 7.521106e-04 1.617513e-02
1483 9.092203e-05 4.850963e-03
1484 1.074874e-04 2.788145e-03
1485 7.841968e-05 3.551437e-03
1486 1.556172e-04 5.940959e-03
1487 2.849208e-05 1.557599e-03
1488 6.878809e-05 3.138798e-03
1489 3.542617e-05 2.121750e-03
1490 5.877446e-05 2.149181e-03
1491 3.986111e-04 1.231936e-02
1492 1.090536e-04 2.348622e-03
1493 1.615967e-05 1.400720e-03
1494 7.941821e-05 3.431147e-03
1495 7.941821e-05 3.431147e-03
1496 4.398162e-06 1.022184e-03
1497 2.418362e-04 1.128765e-02
1498 3.689865e-04 9.807530e-03
1499 1.304431e-05 1.027319e-03
1500 3.665743e-05 2.496337e-03
1501 3.160493e-04 8.185920e-03
1502 3.742524e-05 2.368927e-03
1503 9.581142e-05 2.040690e-03
1504 3.061354e-04 6.232340e-03
1505 1.366876e-03 2.108986e-02
1506 7.244288e-06 9.368205e-04
1507 6.783126e-05 2.312855e-03
1508 2.184937e-03 2.449905e-02
1509 2.780348e-05 1.334817e-03
1510 6.311681e-05 2.171371e-03
1511 6.783126e-05 2.312855e-03
1512 3.750708e-06 8.804884e-04
1513 1.359760e-04 3.964268e-03
1514 4.532340e-05 2.682454e-03
1515 1.398463e-04 3.637295e-03
1516 2.568404e-04 4.763901e-03
1517 6.730994e-05 2.399370e-03
1518 8.871214e-04 9.741925e-03
1519 1.445192e-05 1.310717e-03
1520 6.956681e-05 3.507119e-03
1521 2.846772e-05 1.470530e-03
1522 6.736078e-05 2.621903e-03
1523 5.386149e-05 2.188951e-03
1524 2.562204e-04 3.830399e-03
1525 6.809323e-05 2.939986e-03
1526 2.664921e-04 4.929717e-03
1527 1.208110e-04 2.996037e-03
1528 1.228796e-04 3.244515e-03
1529 1.441871e-04 5.155255e-03
1530 3.630969e-05 2.191251e-03
1531 2.060298e-04 4.239226e-03
1532 1.292454e-04 3.202092e-03
1533 2.124783e-04 7.784990e-03
1534 7.661768e-04 1.428523e-02
1535 5.152153e-04 1.475731e-02
1536 1.710897e-03 3.064345e-02
1537 8.428897e-05 3.776407e-03
1538 2.813663e-03 3.250248e-02
1539 1.035997e-04 6.372119e-03
1540 1.520413e-03 2.456071e-02
1541 1.471631e-03 2.366968e-02
1542 7.446367e-04 1.332671e-02
1543 8.577402e-05 3.881307e-03
1544 1.616346e-04 5.197810e-03
1545 6.982860e-05 2.659385e-03
1546 4.347228e-05 3.217344e-03
1547 1.320651e-04 1.033147e-02
1548 9.309501e-04 2.229946e-02
1549 5.541430e-05 1.769933e-03
1550 7.588513e-05 3.238504e-03
1551 1.419997e-04 5.141948e-03
1552 8.084627e-06 1.029589e-03
1553 2.003437e-05 2.184476e-03
1554 6.356796e-04 1.514136e-02
1555 9.127526e-04 2.726507e-02
1556 1.827808e-04 7.401843e-03
1557 2.110727e-04 1.063054e-02
1558 1.312764e-03 2.784030e-02
1559 5.477074e-05 2.184204e-03
1560 2.250764e-05 2.717659e-03
1561 7.054145e-05 3.306061e-03
1562 1.111393e-04 9.371800e-03
1563 1.579698e-05 1.380378e-03
1564 1.336718e-04 4.096377e-03
1565 3.908845e-04 1.126165e-02
1566 7.614253e-05 3.701572e-03
1567 3.700070e-05 2.145255e-03
1568 1.619245e-05 1.413585e-03
1569 5.877446e-05 2.149181e-03
1570 1.410724e-04 3.809133e-03
1571 7.680137e-05 3.570703e-03
1572 1.710669e-05 1.554776e-03
1573 3.867365e-04 1.215320e-02
1574 3.977000e-05 2.628310e-03
1575 1.670374e-04 5.658044e-03
1576 9.464925e-05 4.571056e-03
1577 1.222934e-04 8.357542e-03
1578 3.154506e-05 5.523550e-03
1579 1.757629e-04 6.495804e-03
1580 2.004117e-05 2.150074e-03
1581 2.370405e-05 2.591987e-03
1582 7.305352e-05 3.596450e-03
1583 2.405116e-04 1.184102e-02
1584 4.472023e-05 4.310782e-03
1585 4.569056e-04 1.753871e-02
1586 9.019414e-04 2.372823e-02
1587 5.359239e-04 1.011660e-02
1588 4.635996e-04 8.515759e-03
1589 2.879344e-04 6.061610e-03
1590 1.165902e-03 2.174710e-02
1591 2.894506e-04 7.235109e-03
1592 1.480743e-04 5.679901e-03
1593 1.903281e-04 7.609662e-03
1594 7.789307e-05 3.947916e-03
1595 6.112516e-05 7.470950e-03
1596 6.924161e-05 2.522236e-03
1597 6.126907e-05 6.353549e-03
1598 2.073143e-04 8.732268e-03
1599 8.553272e-06 1.238228e-03
1600 3.840255e-04 1.149872e-02
1601 7.442964e-06 9.979021e-04
1602 3.323335e-04 7.540848e-03
1603 9.351824e-06 1.598629e-03
1604 2.884457e-05 1.435648e-03
1605 1.484061e-04 5.979282e-03
1606 2.056531e-05 2.579786e-03
1607 5.582803e-06 1.771152e-03
1608 8.964841e-06 1.543628e-03
1609 6.920816e-05 2.921491e-03
1610 1.521901e-04 6.385039e-03
1611 1.617078e-05 1.565459e-03
1612 1.710669e-05 1.554776e-03
1613 2.712018e-05 1.370289e-03
1614 1.141565e-04 2.693200e-03
1615 6.464783e-04 9.912196e-03
1616 4.426015e-04 5.433830e-03
1617 8.352886e-05 3.793046e-03
1618 1.868646e-04 6.193426e-03
1619 5.856646e-04 8.448737e-03
1620 1.950684e-04 3.284305e-03
1621 3.774939e-04 1.115772e-02
1622 2.994007e-05 1.640725e-03
1623 5.179797e-04 7.342448e-03
1624 7.040027e-05 2.965646e-03
1625 1.488368e-05 1.197787e-03
1626 5.387094e-05 4.663237e-03
1627 5.690712e-05 2.006566e-03
1628 2.544761e-05 1.231626e-03
1629 1.322689e-04 9.415774e-03
1630 1.488368e-05 1.197787e-03
1631 7.432745e-05 3.316180e-03
1632 9.658797e-05 4.774199e-03
1633 3.744497e-04 1.059703e-02
1634 1.520413e-03 2.456071e-02
1635 4.060817e-04 1.345173e-02
1636 6.479684e-03 7.258387e-02
1637 7.249380e-04 1.207570e-02
1638 1.375774e-04 3.921740e-03
1639 1.852136e-03 2.934319e-02
1640 9.601711e-05 4.849143e-03
1641 1.346965e-03 1.773621e-02
1642 6.978955e-04 1.306609e-02
1643 1.985440e-04 7.991327e-03
1644 9.931134e-04 2.766758e-02
1645 1.508205e-05 1.099015e-03
1646 2.856232e-05 1.453109e-03
1647 9.749678e-04 2.375356e-02
1648 4.867326e-05 3.304245e-03
1649 3.812430e-05 2.551859e-03
1650 2.972310e-04 6.585585e-03
1651 3.750708e-06 8.804884e-04
1652 6.138220e-04 1.120269e-02
1653 4.445932e-04 1.496474e-02
1654 6.403088e-06 2.048009e-03
1655 4.074061e-05 2.921927e-03
1656 6.837554e-05 2.632994e-03
1657 1.285922e-05 9.735885e-04
1658 2.615768e-05 1.252697e-03
1659 6.818883e-05 3.342687e-03
1660 2.758400e-05 1.727332e-03
1661 4.447273e-04 4.743375e-03
1662 1.588805e-04 5.058829e-03
1663 3.577307e-04 8.325899e-03
1664 1.018672e-04 5.317951e-03
1665 7.064205e-05 2.777921e-03
1666 4.063477e-04 4.902526e-03
1667 4.814225e-04 6.371907e-03
1668 1.427168e-05 1.144483e-03
1669 4.351206e-05 3.090593e-03
1670 2.260311e-04 4.320624e-03
1671 3.822253e-05 2.360365e-03
1672 5.366971e-04 6.863303e-03
1673 1.653961e-04 4.681773e-03
1674 4.617625e-05 1.438209e-03
1675 1.923468e-05 1.763898e-03
1676 7.676162e-06 9.959521e-04
1677 3.117087e-04 6.355452e-03
1678 3.441552e-03 1.710890e-02
1679 2.570208e-04 4.975120e-03
1680 1.489186e-04 5.656769e-03
1681 2.893723e-04 5.835019e-03
1682 1.237546e-04 2.911466e-03
1683 1.928858e-04 2.832173e-03
1684 1.223331e-04 2.984232e-03
1685 2.650139e-05 1.528980e-03
1686 2.136187e-04 8.241429e-03
1687 4.317826e-05 2.828521e-03
1688 4.470382e-06 9.743654e-04
1689 6.943629e-04 5.012049e-03
1690 2.125728e-04 3.341947e-03
1691 3.825382e-04 4.051401e-03
1692 1.332649e-03 1.753719e-02
1693 2.165913e-04 8.145577e-03
1694 9.417870e-04 1.058677e-02
1695 2.023076e-04 3.521010e-03
1696 1.180532e-05 2.155955e-03
1697 5.621675e-05 4.706685e-03
1698 3.831147e-04 9.200443e-03
1699 2.207050e-04 3.362721e-03
1700 7.382473e-05 2.946263e-03
1701 7.762634e-05 3.743758e-03
1702 1.444989e-04 3.615185e-03
1703 1.852616e-04 6.357065e-03
1704 1.048033e-04 2.170008e-03
1705 8.631036e-04 2.183129e-02
1706 8.566469e-05 4.343316e-03
1707 3.214986e-05 1.734747e-03
1708 1.981251e-05 1.823830e-03
1709 4.945813e-05 4.349788e-03
1710 2.421941e-05 1.155133e-03
1711 3.142973e-04 7.363030e-03
1712 6.089063e-05 2.069388e-03
1713 4.126280e-05 2.673260e-03
1714 8.523479e-05 3.640562e-03
1715 4.529163e-05 2.967225e-03
1716 5.655921e-05 4.912233e-03
1717 3.420248e-05 1.860470e-03
1718 2.546475e-04 1.204864e-02
1719 1.807681e-05 1.739030e-03
1720 4.191069e-05 2.718157e-03
1721 1.573923e-05 1.302995e-03
1722 1.857872e-04 6.070762e-03
1723 8.188231e-06 1.218972e-03
1724 8.188231e-06 1.218972e-03
1725 2.631764e-05 1.343477e-03
1726 4.899773e-04 2.294618e-02
1727 1.408611e-04 4.219248e-03
1728 5.483862e-05 1.698501e-03
1729 2.112857e-04 3.146813e-03
1730 1.166896e-04 2.659127e-03
1731 3.950177e-05 2.580365e-03
1732 1.916265e-04 8.109254e-03
1733 1.290441e-03 1.279606e-02
1734 2.797530e-04 5.142105e-03
1735 4.574357e-04 5.569297e-03
1736 1.093925e-04 2.464199e-03
1737 2.112857e-04 3.146813e-03
1738 1.736052e-03 2.793720e-02
1739 1.075637e-04 6.125211e-03
1740 1.075637e-04 6.125211e-03
1741 8.350929e-06 1.122140e-03
1742 4.694557e-06 1.100785e-03
1743 6.930684e-05 2.850121e-03
1744 1.789150e-05 1.775559e-03
1745 3.324089e-05 1.854190e-03
1746 1.244175e-04 3.664296e-03
1747 2.175700e-04 1.089481e-02
1748 6.520104e-05 2.387344e-03
1749 1.221422e-04 2.837807e-03
1750 6.987105e-05 3.133391e-03
1751 5.580016e-05 1.836144e-03
1752 6.589992e-05 2.307113e-03
1753 1.896418e-04 2.857435e-03
1754 3.614268e-04 8.735037e-03
1755 2.324383e-04 1.417602e-02
1756 2.079391e-04 8.954816e-03
1757 6.614897e-04 1.151642e-02
1758 2.280811e-03 2.563987e-02
1759 7.316005e-04 1.799229e-02
1760 7.277250e-04 1.685679e-02
1761 1.461371e-03 2.359074e-02
1762 1.301410e-03 2.049628e-02
1763 7.323179e-04 1.568506e-02
1764 2.158392e-04 8.881744e-03
1765 3.741768e-04 1.138493e-02
1766 1.418203e-03 2.713987e-02
1767 3.017170e-04 8.643889e-03
1768 1.985051e-04 1.036264e-02
1769 7.659663e-04 1.736606e-02
1770 7.659663e-04 1.736606e-02
1771 3.278133e-04 8.855496e-03
1772 2.736898e-05 3.936626e-03
1773 2.912347e-03 2.981784e-02
1774 3.460647e-04 9.152572e-03
1775 1.913170e-03 3.933417e-02
1776 2.956842e-04 8.349749e-03
1777 3.017170e-04 8.643889e-03
1778 5.230538e-04 1.136769e-02
1779 2.956842e-04 8.349749e-03
1780 3.027336e-04 7.305801e-03
1781 1.533588e-04 5.228312e-03
1782 3.880234e-04 1.210967e-02
1783 1.225524e-03 1.791464e-02
1784 5.820140e-04 9.288896e-03
1785 5.820140e-04 9.288896e-03
1786 6.973122e-05 2.786770e-03
1787 1.258987e-04 3.245370e-03
1788 1.881884e-03 3.841591e-02
1789 1.121657e-03 3.669715e-02
1790 2.111443e-04 8.072355e-03
1791 2.151244e-03 4.623195e-02
1792 9.112647e-04 2.158598e-02
1793 2.250138e-04 4.302037e-03
1794 1.303056e-04 4.038044e-03
1795 2.353476e-04 4.961913e-03
1796 5.977301e-04 1.107312e-02
1797 5.722200e-04 9.727450e-03
1798 5.722200e-04 9.727450e-03
1799 2.898753e-04 6.976700e-03
1800 9.978459e-04 9.478895e-03
1801 2.617154e-04 4.577368e-03
1802 8.468184e-04 7.014539e-03
1803 4.831868e-04 5.744558e-03
1804 4.630211e-04 8.119777e-03
1805 2.906488e-04 8.944181e-03
1806 3.049304e-04 8.976168e-03
1807 1.578768e-04 6.148883e-03
1808 9.093727e-04 1.112211e-02
1809 2.855922e-04 7.144906e-03
1810 1.629563e-04 6.418963e-03
1811 1.629563e-04 6.418963e-03
1812 9.874173e-05 5.675014e-03
1813 4.428052e-05 3.250801e-03
1814 1.787496e-04 7.136002e-03
1815 3.446320e-04 1.183894e-02
1816 7.773946e-05 3.547724e-03
1817 2.453381e-04 4.509206e-03
1818 2.999011e-04 7.409908e-03
1819 7.073789e-04 2.044766e-02
1820 2.124645e-04 1.165477e-02
1821 2.771413e-04 6.534569e-03
1822 4.727833e-04 5.939775e-03
1823 5.115795e-04 7.621586e-03
1824 3.155541e-04 8.959102e-03
1825 6.094755e-04 1.279078e-02
1826 5.331623e-04 1.030663e-02
1827 1.988073e-04 3.542207e-03
1828 1.681096e-04 5.060548e-03
1829 1.856158e-04 6.805580e-03
1830 1.275388e-03 1.973299e-02
1831 8.282856e-05 4.097411e-03
1832 3.989260e-04 1.431848e-02
1833 1.787496e-04 7.136002e-03
1834 9.420991e-05 5.760420e-03
1835 9.055099e-05 5.663924e-03
1836 2.763158e-05 4.291189e-03
1837 3.001187e-04 8.175600e-03
1838 1.692832e-04 6.256543e-03
1839 5.681197e-04 1.090190e-02
1840 5.955957e-04 1.273113e-02
1841 3.410594e-04 9.204830e-03
1842 1.692832e-04 6.256543e-03
1843 1.583920e-04 4.752479e-03
1844 1.917299e-04 8.332668e-03
1845 1.907143e-04 7.834953e-03
1846 9.610601e-05 4.976736e-03
1847 1.718689e-04 5.667054e-03
1848 1.907143e-04 7.834953e-03
1849 2.700895e-04 7.270100e-03
1850 8.262844e-05 3.908162e-03
1851 9.358940e-05 2.657304e-03
1852 2.456534e-05 3.609564e-03
1853 3.341791e-05 1.906057e-03
1854 1.779499e-04 6.679590e-03
1855 2.328648e-04 4.129741e-03
1856 2.269274e-04 1.305148e-02
1857 1.015749e-04 7.411236e-03
1858 2.383060e-04 5.307045e-03
1859 8.768055e-05 2.171069e-03
1860 4.491168e-04 7.246794e-03
1861 8.455917e-05 5.112472e-03
1862 1.121022e-04 3.805649e-03
1863 1.922320e-04 7.984169e-03
1864 1.788936e-04 8.886713e-03
1865 3.098786e-04 8.946625e-03
1866 2.906488e-04 8.944181e-03
1867 5.708720e-05 6.469488e-03
1868 9.112222e-05 5.854165e-03
1869 8.382229e-05 3.700861e-03
1870 1.629563e-04 6.418963e-03
1871 5.146771e-04 8.856849e-03
1872 8.212015e-04 2.153321e-02
1873 1.704498e-04 5.168554e-03
1874 1.084935e-04 6.200562e-03
1875 1.704498e-04 5.168554e-03
1876 4.757377e-05 3.192960e-03
1877 1.929940e-04 6.694089e-03
1878 9.531244e-05 4.736123e-03
1879 3.292144e-04 6.830309e-03
1880 1.079188e-04 5.918922e-03
1881 1.200711e-03 1.718107e-02
1882 1.126534e-03 1.737173e-02
1883 4.830082e-04 8.532355e-03
1884 3.045089e-04 9.024752e-03
1885 2.434163e-04 5.632735e-03
1886 2.800564e-04 6.677331e-03
1887 9.581951e-05 5.404147e-03
1888 1.787496e-04 7.136002e-03
1889 1.544537e-04 4.497184e-03
1890 5.268362e-05 4.480853e-03
1891 7.709489e-05 3.442039e-03
1892 8.418090e-05 3.729943e-03
1893 2.377712e-04 1.395413e-02
1894 3.455233e-04 1.157011e-02
1895 2.614020e-04 6.011512e-03
1896 4.663693e-05 3.705924e-03
1897 6.470382e-05 2.893825e-03
1898 5.048255e-05 1.721704e-03
1899 9.709452e-05 5.166703e-03
1900 9.233383e-05 5.203737e-03
1901 1.021477e-05 1.580895e-03
1902 3.220836e-04 7.202153e-03
1903 2.028075e-03 2.026219e-02
1904 1.635053e-04 5.219455e-03
1905 1.559625e-04 4.717288e-03
1906 2.744949e-03 2.607955e-02
1907 8.149289e-05 3.538274e-03
1908 8.149289e-05 3.538274e-03
1909 4.620434e-05 3.576283e-03
1910 1.646276e-04 5.674320e-03
1911 1.529883e-04 5.102091e-03
1912 4.293967e-04 6.110581e-03
1913 2.974537e-04 7.034582e-03
1914 1.739733e-04 6.560175e-03
1915 2.696779e-04 6.419640e-03
1916 2.723240e-04 6.465516e-03
1917 1.535212e-04 5.484178e-03
1918 1.801211e-04 7.633362e-03
1919 6.820703e-04 1.522546e-02
1920 2.208238e-04 1.012370e-02
1921 2.874910e-04 7.043777e-03
1922 5.985344e-04 1.181499e-02
1923 1.926759e-04 8.211926e-03
1924 5.552732e-04 1.047864e-02
1925 2.590673e-04 5.945427e-03
1926 1.544115e-04 5.708815e-03
1927 2.812904e-04 7.502827e-03
1928 5.876815e-04 1.216276e-02
1929 1.014120e-04 6.464444e-03
1930 5.528474e-05 2.088985e-03
1931 3.814015e-04 1.344299e-02
1932 4.065333e-04 1.460251e-02
1933 7.608278e-05 3.939430e-03
1934 1.357976e-04 4.735481e-03
1935 5.591930e-04 9.086875e-03
1936 1.828850e-04 7.422929e-03
1937 1.688290e-04 5.285923e-03
1938 2.988586e-04 6.782692e-03
1939 9.116908e-04 8.791211e-03
1940 9.626166e-04 1.420309e-02
1941 4.473612e-05 3.889189e-03
1942 3.503707e-04 8.877490e-03
1943 6.073995e-04 1.130233e-02
1944 1.859723e-04 7.326486e-03
1945 5.296103e-05 5.519505e-03
1946 7.838027e-04 2.492207e-02
1947 6.883829e-05 9.488323e-03
1948 2.680673e-04 6.440152e-03
1949 1.062778e-03 1.596527e-02
1950 1.195095e-04 3.831564e-03
1951 1.703774e-04 6.884782e-03
1952 2.566053e-04 5.571876e-03
1953 1.015498e-04 6.729173e-03
1954 4.877689e-05 4.600931e-03
1955 2.367519e-03 2.346474e-02
1956 4.572733e-03 3.877128e-02
1957 4.303418e-03 3.377449e-02
1958 2.168607e-03 1.848821e-02
1959 8.597900e-05 5.001960e-03
1960 7.865816e-05 4.622810e-03
1961 3.588229e-05 2.304129e-03
1962 4.688250e-05 4.550970e-03
1963 1.808204e-05 1.612072e-03
1964 3.588229e-05 2.304129e-03
1965 1.646276e-04 5.674320e-03
1966 1.552729e-04 5.454948e-03
1967 2.853969e-04 6.876728e-03
1968 4.807791e-05 4.683057e-03
1969 9.995355e-05 6.473007e-03
1970 3.487212e-05 8.232751e-03
1971 3.247656e-04 9.740273e-03
1972 5.076948e-05 5.231600e-03
1973 9.877496e-04 1.216528e-02
1974 2.812904e-04 7.502827e-03
1975 2.812904e-04 7.502827e-03
1976 1.704489e-04 5.840021e-03
1977 5.244556e-04 8.040571e-03
1978 2.575472e-04 5.954706e-03
1979 1.012218e-04 5.956576e-03
1980 5.331020e-05 4.745014e-03
1981 1.551859e-04 5.125810e-03
1982 9.104505e-04 2.012431e-02
1983 1.527529e-03 2.119750e-02
1984 3.309248e-04 2.299409e-02
1985 2.376479e-03 3.398656e-02
1986 1.134947e-03 1.473611e-02
1987 4.063224e-03 3.938961e-02
1988 6.858870e-04 1.751305e-02
1989 8.834898e-04 1.087352e-02
1990 1.785174e-03 1.968472e-02
1991 1.490524e-04 5.807692e-03
1992 2.863616e-04 7.651687e-03
1993 2.795559e-04 5.591193e-03
1994 1.666233e-04 5.335869e-03
1995 1.666233e-04 5.335869e-03
1996 9.285986e-05 5.919043e-03
1997 4.505092e-04 6.423816e-03
1998 5.485695e-04 8.907118e-03
1999 4.798825e-04 7.221857e-03
2000 3.934930e-04 5.602753e-03
