2 8.992641e-04 2.175268e-02
3 3.815400e-03 2.794480e-02
4 3.235780e-03 2.153501e-02
5 7.750399e-04 1.213918e-02
6 3.988357e-03 4.696337e-02
7 1.464900e-04 4.554511e-03
8 2.088727e-04 7.339409e-03
9 1.288222e-04 3.602076e-03
10 1.039949e-04 2.445476e-03
11 6.134607e-04 1.324309e-02
12 1.065406e-04 2.467040e-03
13 3.569645e-04 1.042391e-02
14 5.495620e-04 8.016462e-03
15 6.703378e-04 1.170241e-02
16 2.219431e-04 9.496392e-03
17 4.859111e-05 1.799014e-03
18 1.368730e-03 4.792992e-02
19 2.890602e-04 5.807011e-03
20 5.927328e-04 1.127950e-02
21 8.958434e-04 8.736133e-03
22 1.273539e-04 3.184106e-03
23 8.885201e-04 8.529188e-03
24 6.012154e-04 8.229522e-03
25 6.374132e-04 5.682735e-03
26 1.780721e-03 3.033818e-02
27 9.018742e-05 1.956380e-03
28 1.795999e-04 6.705901e-03
29 1.724951e-03 1.546137e-02
30 3.672418e-05 2.186821e-03
31 1.925944e-04 6.572737e-03
32 2.370412e-04 1.043626e-02
33 3.773022e-05 1.963538e-03
34 8.352821e-05 1.715604e-03
35 1.045102e-03 1.215887e-02
36 1.571027e-04 2.131974e-03
37 1.748931e-03 2.203079e-02
38 1.243759e-03 1.415571e-02
39 1.536673e-03 2.038901e-02
40 9.295585e-04 2.336615e-02
41 5.964962e-05 2.488642e-03
42 1.500710e-03 1.855642e-02
43 3.880139e-05 2.436505e-03
44 2.892940e-05 1.661864e-03
45 2.936327e-05 1.645447e-03
46 7.713959e-06 1.050890e-03
47 6.950948e-05 3.494285e-03
48 3.754182e-05 2.804209e-03
49 3.598832e-05 2.680775e-03
50 7.432073e-05 3.746669e-03
51 1.992376e-05 2.364350e-03
52 3.598832e-05 2.680775e-03
53 3.598832e-05 2.680775e-03
54 3.564630e-05 2.527916e-03
55 1.943716e-05 2.323491e-03
56 1.205010e-04 4.253171e-03
57 3.598832e-05 2.680775e-03
58 9.802813e-06 1.523692e-03
59 1.331357e-04 3.987882e-03
60 1.123072e-05 1.989181e-03
61 3.875003e-05 3.084371e-03
62 7.983200e-06 1.100650e-03
63 6.893062e-05 3.200193e-03
64 1.350521e-04 4.138550e-03
65 1.668002e-05 1.638471e-03
66 3.329352e-05 1.962363e-03
67 8.921259e-05 2.097112e-03
68 7.410835e-05 3.453739e-03
69 5.188443e-05 2.109239e-03
70 4.051298e-04 6.153697e-03
71 1.140610e-04 3.532806e-03
72 3.299719e-05 2.466454e-03
73 1.754549e-05 1.984364e-03
74 2.078042e-04 3.920675e-03
75 5.696877e-05 1.909048e-03
76 1.384344e-05 3.141834e-03
77 1.475226e-05 3.307250e-03
78 2.167002e-04 4.310122e-03
79 1.679769e-04 2.246078e-03
80 3.894224e-04 5.925716e-03
81 1.113252e-05 2.253189e-03
82 1.003966e-04 2.409590e-03
83 1.815012e-05 1.692265e-03
84 7.423925e-05 3.589999e-03
85 1.218202e-04 3.834691e-03
86 1.334106e-04 3.022711e-03
87 1.853915e-04 2.892747e-03
88 1.943716e-05 2.323491e-03
89 3.636505e-05 2.902245e-03
90 5.095232e-04 9.932178e-03
91 4.782281e-05 1.619698e-03
92 2.167002e-04 4.310122e-03
93 3.524188e-05 2.606817e-03
94 1.103884e-04 3.088882e-03
95 3.857141e-05 3.354713e-03
96 3.194771e-05 1.852317e-03
97 1.669300e-04 6.836358e-03
98 3.488758e-05 2.393507e-03
99 1.041991e-03 1.279727e-02
100 5.583242e-04 1.112345e-02
101 7.093017e-04 7.742762e-03
102 1.598944e-05 1.624131e-03
103 3.711870e-04 5.293627e-03
104 9.338545e-04 1.427333e-02
105 1.392411e-04 5.200007e-03
106 6.109500e-05 2.945474e-03
107 9.434241e-05 6.273882e-03
108 8.451680e-04 8.933934e-03
109 5.539522e-05 2.159931e-03
110 3.058991e-05 1.813898e-03
111 5.754843e-05 2.104344e-03
112 1.369997e-04 3.818098e-03
113 1.718048e-04 6.250829e-03
114 1.068503e-04 2.651594e-03
115 2.357200e-04 3.842039e-03
116 1.858489e-04 7.485557e-03
117 3.058991e-05 1.813898e-03
118 9.628099e-05 2.267262e-03
119 1.429898e-04 4.648495e-03
120 1.292868e-04 3.324340e-03
121 1.091930e-04 3.313810e-03
122 5.139134e-05 1.954356e-03
123 2.193611e-04 4.865716e-03
124 4.902499e-05 1.621840e-03
125 4.283429e-04 7.837248e-03
126 3.673869e-05 3.134004e-03
127 2.417419e-04 6.353562e-03
128 2.232291e-03 3.503462e-02
129 4.959340e-04 8.544799e-03
130 4.674317e-04 9.670584e-03
131 4.146200e-04 6.161421e-03
132 1.089010e-04 2.576468e-03
133 5.924747e-04 1.704980e-02
134 5.156763e-05 2.093773e-03
135 1.064161e-04 9.778609e-03
136 3.205869e-05 1.927727e-03
137 1.224721e-04 3.467743e-03
138 1.943716e-05 2.323491e-03
139 3.754182e-05 2.804209e-03
140 2.068004e-04 4.516556e-03
141 1.690363e-04 2.605015e-03
142 1.810018e-04 2.796332e-03
143 9.893355e-04 1.794868e-02
144 3.215023e-04 6.783908e-03
145 4.164612e-04 4.594456e-03
146 5.869534e-05 2.276136e-03
147 7.028515e-05 2.706742e-03
148 6.160156e-05 2.318096e-03
149 5.273315e-04 9.883870e-03
150 9.933703e-04 1.206028e-02
151 3.222265e-04 6.973939e-03
152 5.698970e-04 7.635044e-03
153 1.045425e-04 2.824076e-03
154 1.989013e-04 3.191221e-03
155 4.524527e-05 1.343224e-03
156 9.590928e-05 1.966729e-03
157 1.199958e-04 2.522916e-03
158 2.847889e-05 3.299713e-03
159 1.412630e-04 3.698189e-03
160 1.558126e-04 4.042547e-03
161 4.564787e-05 1.404090e-03
162 9.243250e-05 2.057766e-03
163 4.527976e-05 1.359731e-03
164 5.616728e-05 1.930498e-03
165 2.192581e-05 1.113448e-03
166 2.192581e-05 1.113448e-03
167 6.972575e-05 2.832295e-03
168 3.349102e-05 2.169558e-03
169 8.366423e-05 1.799570e-03
170 2.316377e-05 1.195138e-03
171 1.232769e-04 2.780772e-03
172 1.023093e-03 9.142617e-03
173 2.636877e-04 6.923092e-03
174 6.274704e-04 9.496698e-03
175 7.334076e-06 1.068459e-03
176 6.474074e-05 2.419218e-03
177 3.837904e-05 2.321776e-03
178 9.274863e-05 5.044907e-03
179 1.586608e-04 4.778632e-03
180 1.251067e-05 1.073635e-03
181 1.821291e-03 3.115787e-02
182 1.519282e-04 5.053849e-03
183 1.820754e-04 2.731822e-03
184 8.522988e-05 3.429277e-03
185 8.531639e-06 1.237265e-03
186 2.979261e-04 8.064222e-03
187 4.819138e-03 3.976582e-02
188 2.637005e-04 4.874034e-03
189 6.363146e-05 2.564187e-03
190 4.045200e-05 2.638789e-03
191 8.688899e-05 4.808336e-03
192 6.916347e-05 2.715335e-03
193 1.216222e-04 2.557857e-03
194 6.916347e-05 2.715335e-03
195 9.843705e-05 2.109239e-03
196 5.747971e-05 2.559485e-03
197 4.295727e-04 5.013900e-03
198 1.156938e-04 2.794116e-03
199 1.425728e-04 4.166408e-03
200 4.911411e-04 8.095290e-03
201 7.953630e-04 7.764754e-03
202 1.439644e-04 3.826755e-03
203 3.271213e-04 7.934748e-03
204 6.410093e-05 2.142146e-03
205 4.907749e-04 5.592823e-03
206 8.762481e-05 3.803214e-03
207 6.754002e-04 1.361777e-02
208 6.272818e-04 1.178463e-02
209 1.399481e-04 3.566232e-03
210 1.206924e-03 1.477690e-02
211 1.385910e-04 6.000536e-03
212 6.072319e-05 2.419583e-03
213 8.938319e-05 1.694291e-03
214 1.492389e-04 4.224498e-03
215 2.295569e-04 4.334090e-03
216 2.254041e-04 4.065076e-03
217 1.544624e-05 1.299562e-03
218 6.001438e-05 2.654874e-03
219 2.469632e-05 1.196861e-03
220 1.347048e-03 2.497924e-02
221 7.347771e-05 3.140640e-03
222 3.458930e-04 4.226125e-03
223 5.869534e-05 2.276136e-03
224 7.928517e-05 1.424113e-03
225 3.472652e-05 2.188780e-03
226 1.945684e-04 3.613313e-03
227 3.592628e-05 2.435143e-03
228 9.263952e-05 1.835073e-03
229 1.079330e-04 7.730119e-03
230 2.282165e-03 2.584999e-02
231 4.801392e-05 1.462603e-03
232 9.824995e-04 1.391298e-02
233 9.846710e-05 6.421544e-03
234 9.320062e-06 1.558550e-03
235 1.460800e-04 5.251866e-03
236 7.864729e-05 3.610934e-03
237 3.048876e-04 1.031636e-02
238 6.765679e-05 3.239784e-03
239 4.657921e-05 1.430979e-03
240 7.886369e-04 2.672002e-02
241 2.678864e-03 2.483587e-02
242 2.772569e-04 6.708262e-03
243 3.655203e-05 2.549091e-03
244 1.251067e-05 1.073635e-03
245 4.097960e-06 1.033318e-03
246 5.087920e-04 7.642290e-03
247 7.067574e-05 3.424382e-03
248 1.944288e-03 1.719949e-02
249 5.607081e-04 7.136554e-03
250 5.241116e-04 7.845984e-03
251 7.334076e-06 1.068459e-03
252 1.572997e-04 4.954408e-03
253 1.871331e-05 2.069372e-03
254 1.626818e-04 6.414632e-03
255 1.385135e-04 4.571808e-03
256 3.221654e-05 1.974278e-03
257 2.725660e-05 3.110753e-03
258 7.059241e-04 1.663203e-02
259 1.251067e-05 1.073635e-03
260 1.297902e-04 4.626498e-03
261 3.014130e-05 1.556475e-03
262 1.349205e-05 1.039110e-03
263 7.587460e-06 1.120490e-03
264 1.031133e-03 1.361318e-02
265 1.351478e-03 1.873623e-02
266 6.766634e-05 3.286643e-03
267 2.780532e-04 5.965995e-03
268 7.668698e-05 3.342056e-03
269 2.250423e-04 4.473611e-03
270 6.413027e-05 2.657773e-03
271 1.884189e-04 6.809690e-03
272 1.220023e-04 2.463803e-03
273 1.536200e-03 1.352741e-02
274 1.668002e-05 1.638471e-03
275 2.108851e-04 8.790977e-03
276 4.863505e-04 7.412567e-03
277 1.581619e-04 2.027950e-03
278 5.401669e-04 8.577455e-03
279 9.858549e-05 2.183187e-03
280 6.730159e-04 1.307025e-02
281 4.807068e-04 8.068901e-03
282 8.679553e-06 1.212078e-03
283 1.180044e-04 4.299034e-03
284 7.413587e-05 3.443363e-03
285 9.628099e-05 2.267262e-03
286 1.105827e-04 2.368343e-03
287 4.627173e-05 3.311229e-03
288 1.668002e-05 1.638471e-03
289 7.345741e-05 3.507672e-03
290 1.514586e-05 1.266822e-03
291 1.744520e-04 2.269196e-03
292 5.486195e-04 7.778532e-03
293 5.157915e-05 3.524253e-03
294 9.807814e-05 1.977298e-03
295 3.876496e-04 9.409573e-03
296 6.414405e-04 1.091755e-02
297 3.897823e-04 4.389691e-03
298 1.129907e-04 2.424797e-03
299 4.612011e-05 2.997299e-03
300 2.515175e-04 4.463894e-03
301 2.753717e-04 5.516918e-03
302 2.604625e-05 1.321203e-03
303 5.025494e-04 1.123467e-02
304 2.232652e-04 5.102728e-03
305 3.264292e-05 1.924971e-03
306 1.714555e-05 1.449996e-03
307 2.225342e-04 9.426876e-03
308 4.349729e-04 5.820406e-03
309 1.514122e-03 1.112695e-02
310 2.580220e-04 4.517319e-03
311 1.132926e-04 2.267512e-03
312 4.120495e-05 1.255599e-03
313 8.470017e-04 8.450289e-03
314 1.225118e-05 1.058456e-03
315 7.893158e-05 3.343888e-03
316 5.037889e-04 1.016774e-02
317 6.174092e-04 9.519077e-03
318 4.586719e-04 6.890411e-03
319 8.661148e-04 1.066278e-02
320 2.338877e-04 4.245865e-03
321 3.106169e-03 7.568219e-02
322 9.531086e-05 4.762537e-03
323 1.318782e-04 3.518679e-03
324 1.018379e-04 2.319298e-03
325 3.467991e-05 2.411330e-03
326 3.351070e-04 1.092758e-02
327 1.069012e-03 1.257392e-02
328 5.774411e-04 7.703598e-03
329 4.996840e-04 5.447075e-03
330 7.807606e-05 3.807790e-03
331 1.517800e-04 4.409598e-03
332 4.926132e-04 7.106605e-03
333 1.827810e-04 6.956186e-03
334 9.604598e-04 9.787068e-03
335 2.795696e-05 1.370464e-03
336 2.546277e-05 1.293818e-03
337 6.237909e-05 2.655138e-03
338 2.861369e-04 4.332243e-03
339 3.487642e-04 7.831845e-03
340 2.758940e-04 4.872698e-03
341 6.281594e-05 2.299223e-03
342 3.814544e-05 2.016769e-03
343 3.711136e-04 9.983963e-03
344 6.334428e-05 2.651522e-03
345 2.886801e-04 7.714732e-03
346 4.980060e-04 6.513970e-03
347 3.302034e-05 2.196517e-03
348 2.894682e-04 5.559209e-03
349 6.228391e-05 2.567283e-03
350 1.668002e-05 1.638471e-03
351 1.261324e-03 1.406602e-02
352 1.018325e-03 1.060649e-02
353 7.334076e-06 1.068459e-03
354 5.625214e-04 9.822129e-03
355 2.617042e-04 5.291406e-03
356 3.287471e-04 9.980836e-03
357 6.858699e-04 1.691619e-02
358 3.034475e-05 1.581306e-03
359 4.255113e-05 1.192506e-03
360 2.105856e-04 4.189395e-03
361 6.824419e-04 1.240353e-02
362 1.256875e-04 2.929848e-03
363 5.632067e-04 9.021487e-03
364 4.161600e-04 6.316643e-03
365 4.042448e-04 1.013607e-02
366 7.057438e-05 3.206678e-03
367 2.486168e-04 4.204831e-03
368 7.700308e-05 3.558412e-03
369 4.613849e-05 4.124683e-03
370 3.873491e-04 4.262291e-03
371 3.286412e-04 1.189700e-02
372 6.078906e-04 9.923993e-03
373 4.351671e-04 1.599479e-02
374 1.176071e-04 2.651623e-03
375 8.089459e-06 1.117274e-03
376 3.515490e-05 1.990753e-03
377 7.836109e-04 8.020573e-03
378 7.995340e-05 3.306479e-03
379 2.192581e-05 1.113448e-03
380 1.252680e-04 3.896861e-03
381 4.487806e-04 7.485587e-03
382 1.902037e-04 2.917210e-03
383 1.108292e-03 1.435987e-02
384 7.943000e-05 3.855886e-03
385 1.223388e-03 1.681158e-02
386 3.070693e-05 1.832621e-03
387 5.297242e-05 1.994606e-03
388 3.385766e-05 2.101526e-03
389 1.212138e-04 2.935434e-03
390 1.185732e-04 3.455088e-03
391 5.869534e-05 2.276136e-03
392 2.453651e-04 4.248863e-03
393 2.078632e-05 1.880009e-03
394 2.946566e-03 3.925399e-02
395 1.285348e-05 1.104376e-03
396 2.341178e-04 3.983373e-03
397 2.635157e-04 4.941866e-03
398 3.153251e-05 1.723402e-03
399 6.916347e-05 2.715335e-03
400 7.209923e-03 5.737741e-02
401 1.362154e-04 4.034163e-03
402 2.644649e-03 2.842939e-02
403 1.847909e-04 7.953286e-03
404 2.120002e-04 9.121830e-03
405 3.440872e-05 2.251849e-03
406 1.585360e-03 3.057380e-02
407 6.192650e-04 1.158017e-02
408 9.768999e-04 1.353606e-02
409 4.272412e-04 1.024205e-02
410 1.542319e-04 4.582187e-03
411 8.394856e-05 3.548102e-03
412 1.370118e-04 4.665007e-03
413 1.163090e-03 6.505696e-03
414 1.129907e-04 2.424797e-03
415 1.526899e-05 1.310426e-03
416 1.553501e-03 2.423305e-02
417 2.192581e-05 1.113448e-03
418 1.017520e-04 2.530744e-03
419 8.861529e-04 7.591667e-03
420 1.311806e-04 3.980621e-03
421 3.118265e-05 1.742376e-03
422 6.279966e-04 1.021626e-02
423 2.845323e-05 1.650244e-03
424 1.522790e-04 5.233854e-03
425 2.880714e-04 5.041067e-03
426 2.604625e-05 1.321203e-03
427 1.416414e-03 3.036392e-02
428 1.619422e-04 4.557029e-03
429 3.740004e-04 1.231098e-02
430 8.089459e-06 1.117274e-03
431 6.835449e-05 2.812686e-03
432 1.108833e-03 1.173884e-02
433 7.181959e-06 1.053387e-03
434 5.869534e-05 2.276136e-03
435 8.072809e-05 2.916449e-03
436 2.032073e-05 1.815055e-03
437 1.050336e-03 1.115621e-02
438 1.860890e-04 2.613360e-03
439 3.606478e-05 2.869289e-03
440 4.248128e-05 3.322127e-03
441 1.594864e-04 6.182726e-03
442 4.007116e-05 2.784403e-03
443 3.606478e-05 2.869289e-03
444 2.448697e-04 4.786967e-03
445 2.217523e-03 2.656750e-02
446 1.410065e-04 3.793854e-03
447 2.537303e-05 1.257543e-03
448 2.796274e-05 1.444376e-03
449 1.725629e-05 1.756805e-03
450 3.592628e-05 2.435143e-03
451 1.289678e-05 9.966925e-04
452 5.034990e-05 3.552115e-03
453 3.474370e-05 1.853507e-03
454 2.918586e-04 1.157892e-02
455 2.375109e-04 5.425261e-03
456 6.785217e-05 2.798762e-03
457 9.151514e-05 1.917273e-03
458 9.958449e-05 1.883801e-03
459 1.350479e-04 3.286907e-03
460 5.754101e-05 2.042631e-03
461 6.284231e-04 1.345462e-02
462 1.447159e-04 4.924713e-03
463 5.250182e-04 3.042930e-02
464 3.603653e-05 2.328419e-03
465 1.495229e-05 1.279047e-03
466 2.842683e-05 1.562949e-03
467 1.979663e-04 7.382934e-03
468 8.002404e-05 4.021385e-03
469 1.618444e-04 4.606187e-03
470 1.608217e-04 5.424896e-03
471 1.086757e-04 2.692152e-03
472 2.845323e-05 1.650244e-03
473 1.940665e-04 3.712368e-03
474 8.383643e-05 1.680660e-03
475 2.492598e-04 3.926659e-03
476 3.224377e-05 1.839592e-03
477 2.580336e-04 4.630755e-03
478 4.007116e-05 2.784403e-03
479 4.791570e-05 1.331800e-03
480 1.221992e-04 3.054183e-03
481 1.216497e-04 2.999798e-03
482 3.610098e-04 1.011207e-02
483 1.327598e-05 9.801665e-04
484 1.684164e-05 1.412055e-03
485 5.903375e-04 9.839877e-03
486 5.602240e-05 2.033893e-03
487 3.684266e-04 4.557455e-03
488 3.373919e-05 1.798494e-03
489 1.029805e-04 2.300915e-03
490 3.464271e-04 9.726270e-03
491 1.614300e-04 5.402976e-03
492 4.477736e-05 1.367813e-03
493 2.469632e-05 1.196861e-03
494 1.683446e-04 6.075807e-03
495 6.381225e-04 1.181305e-02
496 2.239408e-03 2.654179e-02
497 7.899901e-04 2.533386e-02
498 1.730969e-04 6.581255e-03
499 6.722762e-05 2.285807e-03
500 1.457949e-04 4.665216e-03
501 1.221262e-03 2.013368e-02
502 1.828240e-04 5.920578e-03
503 2.018843e-04 3.126288e-03
504 2.128343e-03 2.260931e-02
505 1.008930e-04 2.274358e-03
506 1.013297e-04 4.597164e-03
507 1.447875e-04 3.986012e-03
508 3.170648e-05 1.729798e-03
509 2.046926e-03 1.734727e-02
510 1.650917e-04 5.273871e-03
511 4.191904e-05 2.459629e-03
512 2.638344e-05 1.293580e-03
513 2.471313e-04 5.647066e-03
514 5.569113e-04 9.665956e-03
515 4.345740e-04 5.372216e-03
516 2.750345e-04 5.742657e-03
517 4.701553e-05 1.745375e-03
518 3.403011e-05 2.066411e-03
519 1.642387e-04 2.335219e-03
520 8.531639e-06 1.237265e-03
521 2.092059e-04 2.958596e-03
522 3.472652e-05 2.188780e-03
523 8.753010e-05 3.616640e-03
524 1.859362e-04 2.825542e-03
525 1.683287e-04 5.523070e-03
526 1.716585e-04 2.674439e-03
527 2.582311e-04 4.554084e-03
528 2.304529e-04 3.887877e-03
529 4.680597e-04 6.113896e-03
530 3.463695e-05 2.291509e-03
531 1.684164e-05 1.412055e-03
532 1.255751e-04 3.766237e-03
533 2.654416e-05 1.340995e-03
534 3.937641e-04 1.056496e-02
535 1.350810e-03 2.419710e-02
536 9.878546e-04 1.088915e-02
537 1.613311e-03 3.891385e-02
538 7.603657e-04 1.677563e-02
539 1.110810e-03 1.614431e-02
540 9.584380e-04 1.116481e-02
541 6.353100e-04 1.282349e-02
542 6.257796e-05 6.849524e-03
543 1.517653e-05 1.270562e-03
544 1.541018e-04 5.457326e-03
545 1.332291e-04 3.683344e-03
546 1.630043e-04 4.553253e-03
547 3.233260e-04 6.218592e-03
548 2.957838e-04 5.841513e-03
549 2.771523e-04 7.144557e-03
550 1.309040e-04 4.011183e-03
551 6.429690e-05 2.743217e-03
552 2.672129e-05 1.415743e-03
553 8.621866e-05 3.549571e-03
554 4.010246e-05 2.358962e-03
555 7.027656e-04 1.376335e-02
556 3.966216e-05 3.211790e-03
557 1.437824e-04 3.355042e-03
558 1.759615e-04 2.248906e-03
559 1.937865e-04 5.634115e-03
560 3.799435e-05 2.318884e-03
561 9.166164e-04 1.615949e-02
562 1.327954e-05 1.160367e-03
563 3.592371e-03 5.188828e-02
564 1.192341e-03 1.964833e-02
565 2.768448e-05 1.496109e-03
566 1.288926e-04 3.187185e-03
567 2.776295e-04 6.168924e-03
568 1.599216e-04 6.367768e-03
569 4.926468e-05 1.769041e-03
570 5.754370e-04 7.230491e-03
571 4.672319e-05 3.714786e-03
572 4.501245e-04 1.476063e-02
573 2.734286e-04 6.803857e-03
574 2.802259e-05 1.702435e-03
575 3.472652e-05 2.188780e-03
576 6.972575e-05 2.832295e-03
577 3.785161e-05 2.140649e-03
578 2.357825e-05 2.546023e-03
579 6.096450e-05 2.402446e-03
580 7.700308e-05 3.558412e-03
581 3.638543e-04 9.179311e-03
582 1.155895e-04 3.500144e-03
583 1.168245e-03 4.500128e-02
584 2.737551e-04 5.601351e-03
585 5.207385e-04 8.901995e-03
586 2.424940e-04 4.661232e-03
587 1.036822e-04 4.572849e-03
588 5.772636e-04 1.140421e-02
589 5.141586e-05 1.577749e-03
590 6.877745e-05 3.149832e-03
591 1.415264e-04 6.291380e-03
592 1.006356e-03 1.156650e-02
593 1.212138e-04 2.935434e-03
594 5.097999e-04 7.799726e-03
595 4.649505e-05 3.129991e-03
596 1.251067e-05 1.073635e-03
597 2.192581e-05 1.113448e-03
598 2.301315e-04 3.785761e-03
599 1.286854e-04 3.243398e-03
600 3.515490e-05 1.990753e-03
601 4.986626e-05 1.740791e-03
602 2.916313e-05 1.729151e-03
603 2.912437e-04 6.482089e-03
604 9.320062e-06 1.558550e-03
605 2.145281e-04 3.495127e-03
606 8.441245e-05 3.908981e-03
607 3.966216e-05 3.211790e-03
608 8.356824e-05 1.718992e-03
609 1.374075e-04 3.713724e-03
610 7.677725e-05 3.168639e-03
611 2.087754e-05 1.881946e-03
612 3.923303e-04 9.750947e-03
613 7.160329e-05 2.890236e-03
614 5.898191e-05 2.032192e-03
615 2.958488e-05 3.702578e-03
616 9.568278e-05 1.886056e-03
617 6.711184e-05 7.469442e-03
618 9.039604e-05 3.731443e-03
619 7.993427e-05 1.508336e-03
620 3.793102e-05 2.453808e-03
621 4.722609e-05 1.702706e-03
622 2.885928e-04 2.488930e-03
623 5.730851e-05 2.100011e-03
624 2.533230e-05 1.310070e-03
625 1.743086e-04 2.976166e-03
626 9.414348e-05 2.102921e-03
627 5.264334e-05 1.787714e-03
628 5.120340e-05 1.869468e-03
629 1.114461e-05 9.234509e-04
630 2.192581e-05 1.113448e-03
631 8.201011e-05 1.867788e-03
632 1.202322e-05 9.722952e-04
633 5.552526e-04 8.836213e-03
634 9.299492e-05 1.751624e-03
635 2.855298e-04 5.438172e-03
636 1.677946e-04 5.749175e-03
637 2.333154e-04 4.190728e-03
638 1.811361e-05 1.610191e-03
639 8.771150e-06 1.316817e-03
640 3.174535e-05 1.698898e-03
641 8.302388e-06 1.239245e-03
642 6.505215e-05 2.698225e-03
643 1.850090e-03 2.342602e-02
644 4.535054e-04 5.520343e-03
645 2.929307e-04 5.307508e-03
646 6.649144e-05 2.336820e-03
647 2.192581e-05 1.113448e-03
648 1.246071e-04 3.282777e-03
649 5.005298e-04 9.036660e-03
650 4.572577e-05 1.423293e-03
651 1.625484e-04 5.417472e-03
652 2.163317e-04 4.201027e-03
653 8.186372e-05 3.437488e-03
654 3.200343e-05 1.751035e-03
655 4.465236e-05 3.681620e-03
656 2.518391e-05 1.217855e-03
657 5.477969e-05 2.275019e-03
658 1.099461e-04 2.394539e-03
659 8.255766e-05 3.284408e-03
660 2.880620e-04 6.345467e-03
661 1.201996e-04 2.503043e-03
662 4.612430e-04 1.658157e-02
663 6.044075e-04 1.073871e-02
664 4.149461e-04 6.293945e-03
665 1.404111e-04 4.023454e-03
666 1.238028e-04 4.196323e-03
667 1.405514e-05 1.037649e-03
668 1.533490e-04 3.980522e-03
669 3.316795e-04 9.500082e-03
670 9.276795e-05 4.735684e-03
671 1.860890e-04 2.613360e-03
672 4.620779e-04 6.019354e-03
673 1.412630e-04 3.698189e-03
674 8.531639e-06 1.237265e-03
675 2.823729e-04 7.826656e-03
676 3.174535e-05 1.698898e-03
677 8.531639e-06 1.237265e-03
678 5.739258e-05 2.145737e-03
679 5.367869e-04 8.127778e-03
680 1.944614e-04 3.019449e-03
681 2.085208e-04 3.807081e-03
682 1.123234e-04 2.734823e-03
683 3.714472e-04 8.617666e-03
684 8.149701e-05 4.842875e-03
685 2.036765e-05 1.839131e-03
686 2.635157e-04 4.941866e-03
687 1.825084e-03 2.760887e-02
688 2.532081e-04 3.808418e-03
689 1.300160e-04 3.323245e-03
690 2.550602e-05 1.289601e-03
691 2.082034e-04 7.282821e-03
692 2.530034e-05 1.246165e-03
693 2.050224e-04 3.198225e-03
694 2.913612e-04 5.740064e-03
695 2.186063e-04 8.376086e-03
696 1.946104e-03 1.889648e-02
697 8.608657e-05 3.647390e-03
698 1.350810e-03 2.419710e-02
699 1.416537e-05 1.216111e-03
700 7.584161e-04 1.588223e-02
701 1.027149e-04 2.403355e-03
702 7.334076e-06 1.068459e-03
703 3.648758e-05 2.329398e-03
704 7.334076e-06 1.068459e-03
705 8.931595e-05 3.701415e-03
706 1.251067e-05 1.073635e-03
707 1.369960e-04 3.063293e-03
708 1.345851e-04 3.760112e-03
709 5.932910e-05 1.957829e-03
710 8.601903e-05 1.813659e-03
711 1.296438e-05 1.012987e-03
712 6.580261e-05 2.199955e-03
713 5.533511e-05 1.898258e-03
714 2.218959e-05 2.124987e-03
715 2.198738e-04 4.019211e-03
716 8.045701e-05 3.537816e-03
717 4.802690e-05 1.718610e-03
718 3.888879e-05 2.233656e-03
719 2.481241e-03 2.267912e-02
720 8.491353e-06 1.052649e-03
721 1.330038e-05 1.074830e-03
722 3.492476e-05 2.232323e-03
723 2.121288e-04 3.441905e-03
724 2.917190e-05 1.566701e-03
725 1.488168e-05 1.094233e-03
726 1.646083e-04 4.964977e-03
727 7.022867e-05 2.614612e-03
728 6.756873e-05 2.296182e-03
729 1.566940e-04 4.598541e-03
730 4.014200e-05 1.174519e-03
731 4.240663e-04 9.766196e-03
732 8.462839e-06 1.194252e-03
733 2.135085e-06 8.871004e-04
734 2.000295e-05 2.135841e-03
735 5.504209e-05 1.807276e-03
736 1.480354e-04 4.082979e-03
737 8.462839e-06 1.194252e-03
738 4.692544e-04 5.546937e-03
739 4.903385e-05 1.587876e-03
740 1.693917e-04 3.971806e-03
741 2.225824e-04 3.582051e-03
742 1.270035e-04 3.177889e-03
743 9.697041e-04 9.838250e-03
744 1.924718e-05 1.924563e-03
745 4.633247e-05 1.389187e-03
746 4.537527e-05 1.409467e-03
747 7.330526e-05 3.167920e-03
748 5.193046e-04 3.133726e-03
749 9.351003e-04 8.856007e-03
750 3.187549e-05 1.874859e-03
751 1.397204e-04 4.342335e-03
752 2.652900e-05 1.338490e-03
753 2.916313e-05 1.729151e-03
754 4.198866e-04 1.379654e-02
755 6.138987e-05 2.706177e-03
756 5.141586e-05 1.577749e-03
757 1.251067e-05 1.073635e-03
758 2.057276e-04 3.911073e-03
759 6.990412e-06 1.036211e-03
760 1.412166e-05 1.397818e-03
761 1.055530e-04 2.747065e-03
762 6.224585e-05 2.231527e-03
763 2.530034e-05 1.246165e-03
764 2.401078e-04 4.627994e-03
765 1.802005e-04 7.697345e-03
766 5.933053e-05 2.216337e-03
767 1.042728e-04 2.925166e-03
768 9.843705e-05 2.109239e-03
769 1.152495e-04 3.167648e-03
770 2.100850e-04 4.165971e-03
771 1.663699e-05 1.742619e-03
772 1.483171e-05 1.235696e-03
773 1.515297e-04 4.241430e-03
774 1.251067e-05 1.073635e-03
775 1.283795e-04 3.174088e-03
776 1.496190e-04 2.037208e-03
777 4.694293e-05 1.506458e-03
778 4.333193e-04 5.785790e-03
779 3.575623e-04 4.017816e-03
780 1.025376e-04 5.773550e-03
781 6.611199e-05 2.499432e-03
782 2.469632e-05 1.196861e-03
783 4.643673e-05 2.898944e-03
784 8.447593e-05 4.095029e-03
785 4.381160e-05 1.406502e-03
786 1.999519e-04 9.054146e-03
787 6.782269e-05 2.746245e-03
788 4.986626e-05 1.740791e-03
789 7.397536e-06 1.037779e-03
790 1.644829e-04 4.862614e-03
791 3.453965e-05 2.606534e-03
792 5.268176e-05 1.926579e-03
793 6.611199e-05 2.499432e-03
794 5.100123e-05 1.531990e-03
795 3.121271e-03 4.325967e-02
796 3.824784e-05 2.277367e-03
797 7.910843e-04 7.090026e-03
798 2.256321e-04 5.048759e-03
799 3.310009e-05 2.252349e-03
800 5.219824e-05 1.693147e-03
801 2.415540e-05 1.238549e-03
802 5.148215e-04 8.515367e-03
803 4.216391e-04 5.651419e-03
804 6.960789e-05 2.884247e-03
805 1.975302e-05 2.225472e-03
806 1.464578e-04 5.156793e-03
807 1.745820e-03 1.328504e-02
808 1.830825e-05 1.467984e-03
809 2.055443e-04 2.994859e-03
810 6.729837e-05 2.441109e-03
811 9.843705e-05 2.109239e-03
812 1.591459e-04 4.051954e-03
813 1.478470e-04 3.697335e-03
814 1.047016e-04 5.371542e-03
815 6.914969e-05 2.647222e-03
816 1.135127e-04 3.319534e-03
817 5.603910e-04 9.175149e-03
818 1.589842e-05 1.565128e-03
819 5.132260e-04 1.427685e-02
820 1.901258e-04 2.883542e-03
821 3.618396e-04 9.358928e-03
822 6.109500e-05 2.945474e-03
823 1.003524e-04 2.398457e-03
824 1.779776e-04 3.474141e-03
825 8.096002e-05 4.224631e-03
826 9.316988e-05 2.201987e-03
827 5.899364e-05 2.689746e-03
828 1.993841e-04 3.294324e-03
829 6.997172e-05 3.746373e-03
830 1.142957e-03 2.462360e-02
831 5.244970e-05 1.589271e-03
832 2.469632e-05 1.196861e-03
833 2.586953e-04 5.699287e-03
834 2.696731e-04 6.636842e-03
835 2.989824e-05 1.510887e-03
836 3.650496e-06 8.929225e-04
837 2.990598e-04 6.419840e-03
838 3.153921e-05 1.524842e-03
839 4.696412e-04 6.073289e-03
840 3.222265e-04 6.973939e-03
841 8.026890e-05 4.115223e-03
842 1.691624e-03 2.950334e-02
843 1.134662e-04 3.125640e-03
844 3.398399e-04 8.282331e-03
845 5.343838e-04 7.498565e-03
846 1.639239e-04 2.133840e-03
847 8.357830e-05 3.754228e-03
848 1.410306e-03 2.023505e-02
849 6.728221e-05 3.596730e-03
850 3.025628e-03 3.418351e-02
851 1.398993e-04 4.051786e-03
852 9.629199e-04 1.117477e-02
853 7.067998e-04 1.423821e-02
854 3.773698e-04 1.205573e-02
855 1.189378e-03 1.397721e-02
856 2.400281e-04 5.304148e-03
857 6.007587e-04 1.084540e-02
858 1.324034e-04 8.708162e-03
859 3.934301e-05 2.934359e-03
860 2.912155e-04 5.533256e-03
861 9.327342e-06 1.418087e-03
862 2.853721e-04 6.116975e-03
863 6.300747e-05 2.790296e-03
864 9.213565e-05 4.638336e-03
865 5.905165e-04 8.775625e-03
866 2.607667e-04 1.250833e-02
867 5.598267e-04 2.073533e-02
868 7.230521e-05 2.844624e-03
869 6.513753e-04 1.516456e-02
870 6.317209e-04 1.347941e-02
871 1.960629e-04 8.331270e-03
872 1.636672e-03 3.430502e-02
873 1.099785e-03 1.179192e-02
874 2.247703e-04 3.412019e-03
875 3.731159e-05 1.948676e-03
876 2.396795e-06 1.026782e-03
877 1.560317e-04 4.836362e-03
878 1.330200e-03 1.618394e-02
879 2.238314e-04 4.645769e-03
880 1.397204e-04 4.342335e-03
881 4.769960e-05 1.464113e-03
882 6.068747e-04 9.958415e-03
883 3.294694e-04 3.852214e-03
884 2.229674e-04 1.171241e-02
885 4.316239e-04 1.390230e-02
886 1.628459e-04 4.138220e-03
887 1.858580e-04 2.473551e-03
888 1.381780e-04 3.983902e-03
889 2.736544e-04 4.390414e-03
890 3.356398e-04 7.522133e-03
891 6.488215e-04 3.044587e-02
892 1.980270e-05 1.944184e-03
893 3.367240e-04 1.035762e-02
894 8.447473e-05 3.221500e-03
895 2.858533e-04 5.036379e-03
896 6.883688e-04 1.539258e-02
897 3.154085e-04 8.225795e-03
898 7.089493e-05 2.801282e-03
899 1.910201e-04 5.529572e-03
900 1.196684e-04 3.696922e-03
901 4.828396e-04 6.746375e-03
902 2.527339e-05 1.473422e-03
903 1.111717e-04 2.932923e-03
904 4.767764e-04 1.310553e-02
905 6.709234e-05 2.942432e-03
906 1.510616e-04 5.004312e-03
907 4.372236e-05 1.279359e-03
908 1.758195e-04 7.057604e-03
909 7.550018e-05 4.592789e-03
910 9.252797e-05 2.374893e-03
911 2.094022e-04 7.961101e-03
912 8.999652e-05 5.976875e-03
913 1.958807e-05 2.132492e-03
914 1.082966e-04 6.148077e-03
915 1.657861e-04 5.508939e-03
916 4.973763e-05 1.844675e-03
917 3.678830e-05 1.993115e-03
918 1.958807e-05 2.132492e-03
919 1.372884e-03 1.899808e-02
920 1.017740e-04 5.072290e-03
921 3.156586e-05 1.454356e-03
922 1.725747e-04 4.702278e-03
923 9.846955e-05 4.306733e-03
924 6.666576e-04 1.197543e-02
925 3.640491e-04 6.777845e-03
926 1.487537e-04 4.760027e-03
927 9.251465e-04 1.830188e-02
928 5.678401e-04 1.800091e-02
929 1.979903e-04 6.826002e-03
930 6.702273e-04 1.293859e-02
931 1.664859e-04 6.073912e-03
932 2.830708e-04 5.839660e-03
933 1.883356e-05 2.130040e-03
934 5.311089e-05 3.662479e-03
935 3.286432e-05 2.155581e-03
936 9.193671e-05 4.025261e-03
937 8.723401e-05 4.326135e-03
938 2.825643e-05 1.437862e-03
939 2.892051e-05 3.828690e-03
940 1.340013e-03 1.542950e-02
941 1.728494e-05 1.500110e-03
942 1.836751e-04 2.406148e-03
943 2.359395e-04 1.115046e-02
944 1.074497e-05 1.802122e-03
945 7.550130e-05 2.812611e-03
946 1.744921e-05 1.734496e-03
947 2.415255e-04 1.033551e-02
948 1.007640e-05 1.363773e-03
949 1.630510e-04 4.902928e-03
950 4.133820e-04 1.132211e-02
951 4.203989e-04 8.269603e-03
952 3.248834e-04 9.314560e-03
953 1.940366e-05 2.022390e-03
954 3.794406e-04 1.188620e-02
955 1.958807e-05 2.132492e-03
956 5.125726e-05 1.844942e-03
957 1.624520e-04 4.886701e-03
958 1.316414e-04 3.111572e-03
959 2.691052e-04 4.615486e-03
960 1.911601e-05 2.119353e-03
961 1.477250e-04 5.117460e-03
962 3.098778e-04 5.891890e-03
963 5.584614e-05 2.068165e-03
964 1.546994e-05 1.172241e-03
965 4.463945e-05 2.643190e-03
966 6.476103e-05 2.297859e-03
967 4.699816e-05 3.057943e-03
968 4.421921e-05 1.377452e-03
969 9.131864e-05 1.904934e-03
970 1.261117e-04 3.013184e-03
971 5.534132e-05 4.365269e-03
972 3.158485e-04 6.152561e-03
973 2.870875e-05 1.361147e-03
974 2.917601e-05 1.538522e-03
975 1.123234e-04 2.734823e-03
976 1.432182e-04 4.515961e-03
977 4.045200e-05 2.638789e-03
978 1.721821e-04 2.406259e-03
979 2.688018e-05 1.294084e-03
980 1.206800e-04 2.767089e-03
981 1.096794e-04 2.788600e-03
982 4.097960e-06 1.033318e-03
983 5.880565e-05 1.896264e-03
984 1.758699e-04 5.022358e-03
985 7.346432e-04 1.703342e-02
986 5.211498e-04 7.683308e-03
987 1.418272e-04 4.042518e-03
988 2.561788e-05 1.333823e-03
989 1.870689e-04 3.021900e-03
990 2.648301e-05 1.309618e-03
991 4.518002e-04 1.535817e-02
992 9.682125e-05 1.990497e-03
993 9.506268e-05 5.823984e-03
994 8.443342e-06 1.184248e-03
995 4.727083e-04 5.556528e-03
996 8.357502e-04 7.825328e-03
997 7.813083e-05 3.410421e-03
998 1.819985e-05 2.130519e-03
999 5.747704e-05 5.189652e-03
1000 8.443342e-06 1.184248e-03
1001 1.581694e-04 5.495247e-03
1002 1.139829e-03 1.323692e-02
1003 7.147129e-05 2.918941e-03
1004 1.768237e-04 5.952233e-03
1005 1.250114e-05 1.065673e-03
1006 5.241223e-04 6.981559e-03
1007 2.065045e-05 1.981296e-03
1008 4.064827e-05 2.752740e-03
1009 3.989022e-05 1.113810e-03
1010 1.031916e-04 2.640847e-03
1011 1.435949e-04 1.152621e-02
1012 2.639010e-03 3.009558e-02
1013 1.534147e-04 4.917161e-03
1014 6.562360e-05 2.986596e-03
1015 4.176894e-04 4.977084e-03
1016 2.329999e-05 2.203801e-03
1017 4.499598e-05 1.261903e-03
1018 1.568608e-03 1.156756e-02
1019 2.742623e-05 1.488814e-03
1020 2.912437e-04 6.482089e-03
1021 2.649622e-04 4.289273e-03
1022 4.949705e-06 1.180754e-03
1023 4.269914e-04 4.296498e-03
1024 4.780171e-05 1.722214e-03
1025 1.443614e-05 1.200225e-03
1026 2.849725e-05 1.379423e-03
1027 6.017434e-05 4.941047e-03
1028 1.849063e-03 3.197418e-02
1029 3.232994e-05 2.287067e-03
1030 1.112978e-05 2.162008e-03
1031 1.254016e-04 3.231671e-03
1032 5.971332e-04 9.214945e-03
1033 2.190911e-05 1.105455e-03
1034 2.405176e-04 5.005515e-03
1035 1.076429e-04 2.583058e-03
1036 3.779066e-04 5.409202e-03
1037 2.310431e-05 2.650668e-03
1038 1.227025e-05 1.944935e-03
1039 9.965562e-05 2.180120e-03
1040 1.168950e-05 2.125908e-03
1041 4.958373e-04 8.083523e-03
1042 3.153251e-05 1.723402e-03
1043 7.334076e-06 1.068459e-03
1044 2.934202e-05 1.720440e-03
1045 3.051229e-05 1.620875e-03
1046 8.462839e-06 1.194252e-03
1047 6.990412e-06 1.036211e-03
1048 1.101738e-04 2.731981e-03
1049 4.097960e-06 1.033318e-03
1050 1.601058e-03 1.401273e-02
1051 8.861529e-04 7.591667e-03
1052 1.412166e-05 1.397818e-03
1053 1.064914e-04 2.530313e-03
1054 2.418409e-05 1.166897e-03
1055 4.097960e-06 1.033318e-03
1056 5.602240e-05 2.033893e-03
1057 1.039949e-04 2.445476e-03
1058 1.347703e-05 1.044291e-03
1059 2.173745e-04 3.373141e-03
1060 1.114461e-05 9.234509e-04
1061 1.114461e-05 9.234509e-04
1062 4.097960e-06 1.033318e-03
1063 6.469690e-04 1.297303e-02
1064 1.542739e-04 4.723198e-03
1065 5.743201e-06 1.636646e-03
1066 3.972234e-06 9.119267e-04
1067 1.598463e-04 2.037189e-03
1068 1.251067e-05 1.073635e-03
1069 2.469632e-05 1.196861e-03
1070 4.097960e-06 1.033318e-03
1071 1.251067e-05 1.073635e-03
1072 1.481591e-05 1.462964e-03
1073 4.097960e-06 1.033318e-03
1074 1.605285e-05 1.435246e-03
1075 5.602240e-05 2.033893e-03
1076 5.319221e-05 1.764386e-03
1077 3.367042e-05 2.499135e-03
1078 6.874470e-05 2.609308e-03
1079 2.527339e-05 1.473422e-03
1080 1.854461e-04 6.139419e-03
1081 2.016621e-04 7.387790e-03
1082 4.954663e-05 1.692657e-03
1083 5.248649e-05 1.497053e-03
1084 4.097960e-06 1.033318e-03
1085 7.334076e-06 1.068459e-03
1086 1.839800e-05 1.749492e-03
1087 8.070823e-06 1.107712e-03
1088 1.589842e-05 1.565128e-03
1089 7.334076e-06 1.068459e-03
1090 4.097960e-06 1.033318e-03
1091 1.251067e-05 1.073635e-03
1092 1.251067e-05 1.073635e-03
1093 2.005039e-04 3.830090e-03
1094 1.221992e-04 3.054183e-03
1095 3.005495e-05 1.584752e-03
1096 1.410289e-04 4.452886e-03
1097 2.621398e-04 1.576525e-02
1098 1.568939e-04 5.229930e-03
1099 6.432870e-05 2.299008e-03
1100 4.301551e-06 9.645222e-04
1101 2.853802e-04 7.328088e-03
1102 9.272300e-05 5.429801e-03
1103 3.822424e-05 2.357554e-03
1104 5.270845e-04 7.750760e-03
1105 5.397026e-05 1.514087e-03
1106 2.178580e-04 2.791345e-03
1107 3.150850e-05 1.689184e-03
1108 1.230735e-04 3.222510e-03
1109 3.079984e-05 1.564087e-03
1110 2.064894e-04 3.367582e-03
1111 2.583622e-05 1.277512e-03
1112 4.996696e-05 1.421599e-03
1113 2.918672e-04 5.621716e-03
1114 1.086944e-04 2.339996e-03
1115 1.014666e-04 2.209774e-03
1116 1.702305e-05 1.713342e-03
1117 2.481057e-04 4.976946e-03
1118 7.089493e-05 2.801282e-03
1119 2.874917e-04 9.747147e-03
1120 2.460353e-04 4.242264e-03
1121 3.496339e-05 2.338239e-03
1122 1.596564e-04 5.273348e-03
1123 3.727641e-05 2.001192e-03
1124 2.833849e-04 6.702047e-03
1125 4.175119e-05 2.524763e-03
1126 1.547945e-04 4.873798e-03
1127 4.991123e-05 3.479728e-03
1128 1.075950e-03 1.124889e-02
1129 5.612887e-05 1.947253e-03
1130 2.224423e-04 5.089481e-03
1131 3.430846e-04 3.243993e-03
1132 6.964132e-05 2.898766e-03
1133 2.378489e-05 1.253907e-03
1134 8.566085e-05 4.016174e-03
1135 6.641596e-05 2.606866e-03
1136 2.125498e-04 3.442647e-03
1137 4.051628e-04 4.668231e-03
1138 1.666731e-05 1.620370e-03
1139 3.544069e-05 2.050202e-03
1140 1.924718e-05 1.924563e-03
1141 4.072119e-05 2.622017e-03
1142 1.529433e-04 3.889853e-03
1143 1.160167e-03 2.149597e-02
1144 1.179478e-04 2.737006e-03
1145 1.168868e-04 4.201082e-03
1146 1.047418e-03 1.159957e-02
1147 5.504391e-04 9.650762e-03
1148 3.582868e-05 1.978210e-03
1149 2.295846e-04 4.441522e-03
1150 1.806006e-05 1.609353e-03
1151 2.035396e-04 3.413640e-03
1152 1.023706e-04 1.020666e-02
1153 1.529499e-04 2.307857e-03
1154 1.589842e-05 1.565128e-03
1155 2.023911e-04 3.702938e-03
1156 2.524509e-05 1.289666e-03
1157 2.451934e-04 4.917070e-03
1158 6.239020e-05 2.582909e-03
1159 1.552502e-05 1.298660e-03
1160 1.940366e-05 2.022390e-03
1161 2.473243e-04 4.679674e-03
1162 9.867123e-04 9.956000e-03
1163 1.744643e-05 1.701535e-03
1164 1.634400e-03 1.298931e-02
1165 8.401923e-04 2.210452e-02
1166 5.457649e-05 1.871468e-03
1167 4.341198e-04 8.296210e-03
1168 1.225841e-04 3.613336e-03
1169 2.354352e-04 4.070683e-03
1170 1.215955e-04 3.414375e-03
1171 1.552902e-04 4.988566e-03
1172 6.030966e-04 1.092890e-02
1173 4.097960e-06 1.033318e-03
1174 5.176789e-04 7.420474e-03
1175 6.309884e-05 2.994507e-03
1176 8.132056e-06 1.268643e-03
1177 3.688479e-04 9.036130e-03
1178 1.496002e-03 1.338714e-02
1179 1.382950e-04 4.768703e-03
1180 1.129614e-04 2.574269e-03
1181 1.251067e-05 1.073635e-03
1182 8.413424e-05 4.623170e-03
1183 1.999489e-04 3.073026e-03
1184 1.544659e-04 4.289047e-03
1185 9.271033e-05 4.190009e-03
1186 1.739590e-04 6.761546e-03
1187 2.243660e-05 1.138565e-03
1188 1.669305e-05 1.498070e-03
1189 1.514284e-05 1.241380e-03
1190 2.864731e-05 1.599855e-03
1191 1.839800e-05 1.749492e-03
1192 1.145512e-03 1.232813e-02
1193 5.553441e-05 2.303070e-03
1194 1.382117e-04 3.864979e-03
1195 2.894682e-04 5.559209e-03
1196 1.113093e-04 2.882264e-03
1197 5.497407e-05 2.010514e-03
1198 7.334076e-06 1.068459e-03
1199 3.062857e-04 7.153086e-03
1200 2.075138e-04 8.962090e-03
1201 4.097960e-06 1.033318e-03
1202 7.101806e-05 2.878573e-03
1203 5.320224e-04 7.137058e-03
1204 6.846151e-05 2.242162e-03
1205 3.278167e-05 1.722761e-03
1206 7.531646e-04 5.614630e-03
1207 3.687275e-05 2.072935e-03
1208 9.147177e-05 2.051376e-03
1209 3.635413e-04 3.841671e-03
1210 7.171615e-05 2.701626e-03
1211 1.410065e-04 3.793854e-03
1212 5.425444e-05 1.720838e-03
1213 5.869534e-05 2.276136e-03
1214 4.093235e-05 1.115428e-03
1215 3.214721e-05 1.642795e-03
1216 1.148871e-05 1.863850e-03
1217 5.724613e-04 9.112282e-03
1218 6.252294e-05 2.061188e-03
1219 3.496170e-05 1.902567e-03
1220 3.150043e-04 9.103038e-03
1221 2.736128e-04 5.041905e-03
1222 5.783796e-04 9.762343e-03
1223 2.909747e-04 5.559600e-03
1224 1.613150e-04 5.413282e-03
1225 2.569423e-05 1.212702e-03
1226 1.301619e-05 1.081660e-03
1227 8.451799e-05 1.727629e-03
1228 1.300160e-04 3.323245e-03
1229 8.171899e-05 4.187701e-03
1230 7.581675e-05 2.869404e-03
1231 5.538011e-04 8.283832e-03
1232 1.128230e-04 3.418965e-03
1233 1.389943e-04 3.665585e-03
1234 1.731679e-04 6.022871e-03
1235 4.020876e-04 8.547356e-03
1236 9.147177e-05 2.051376e-03
1237 1.159915e-03 1.260903e-02
1238 2.545414e-04 4.364312e-03
1239 1.118297e-04 3.265078e-03
1240 2.583622e-05 1.277512e-03
1241 2.982936e-05 1.475545e-03
1242 2.288285e-03 1.918291e-02
1243 2.766181e-04 6.380525e-03
1244 3.461854e-05 2.322208e-03
1245 9.843705e-05 2.109239e-03
1246 1.735401e-05 1.656246e-03
1247 2.099438e-05 2.724986e-03
1248 3.842162e-04 1.276841e-02
1249 1.164865e-04 3.332010e-03
1250 1.106812e-04 3.573045e-03
1251 1.717971e-04 2.233908e-03
1252 3.648398e-05 2.555650e-03
1253 6.458084e-04 1.198064e-02
1254 6.849867e-05 2.673984e-03
1255 1.921273e-04 3.281197e-03
1256 2.199969e-05 1.005795e-03
1257 5.184795e-04 8.142763e-03
1258 4.823922e-05 3.100397e-03
1259 2.352985e-04 5.154291e-03
1260 8.689892e-04 9.661424e-03
1261 8.359685e-05 1.615907e-03
1262 1.806206e-04 2.801665e-03
1263 7.174001e-04 9.294011e-03
1264 2.848669e-04 7.166834e-03
1265 2.428671e-04 3.752935e-03
1266 1.020755e-03 1.051250e-02
1267 2.741636e-04 5.110893e-03
1268 1.550098e-04 5.756125e-03
1269 1.432182e-04 4.515961e-03
1270 2.108220e-04 3.362931e-03
1271 2.337185e-04 4.761714e-03
1272 1.251067e-05 1.073635e-03
1273 2.749675e-04 5.729213e-03
1274 1.878496e-04 8.292450e-03
1275 2.734059e-04 5.668748e-03
1276 2.145006e-04 3.901287e-03
1277 1.432018e-04 3.607355e-03
1278 2.107209e-04 1.053488e-02
1279 2.675996e-05 1.385202e-03
1280 6.352019e-04 6.158941e-03
1281 4.986626e-05 1.740791e-03
1282 5.964962e-05 2.488642e-03
1283 3.606862e-04 9.759086e-03
1284 2.237316e-05 1.126363e-03
1285 2.156215e-04 3.251820e-03
1286 6.447145e-05 2.219630e-03
1287 6.353912e-05 2.478724e-03
1288 7.445023e-05 1.481132e-03
1289 1.408785e-04 4.067371e-03
1290 4.580212e-04 1.484698e-02
1291 5.486042e-05 1.965921e-03
1292 2.680119e-03 3.357532e-02
1293 8.923157e-05 2.365456e-03
1294 6.521979e-05 2.120788e-03
1295 1.215151e-05 2.002402e-03
1296 2.244299e-04 3.794562e-03
1297 6.229619e-04 1.247503e-02
1298 1.131565e-04 7.008226e-03
1299 2.316377e-05 1.195138e-03
1300 1.447762e-05 1.186642e-03
1301 3.349102e-05 2.169558e-03
1302 1.743945e-04 6.583910e-03
1303 1.439931e-04 3.968562e-03
1304 1.044104e-04 2.429340e-03
1305 4.514145e-04 7.290902e-03
1306 1.225118e-05 1.058456e-03
1307 9.822974e-05 2.059001e-03
1308 3.087849e-05 1.658601e-03
1309 2.966780e-04 1.615603e-02
1310 8.462839e-06 1.194252e-03
1311 9.659450e-04 9.424730e-03
1312 1.011655e-03 1.377586e-02
1313 1.483171e-05 1.235696e-03
1314 6.502158e-05 2.809886e-03
1315 2.802259e-05 1.702435e-03
1316 2.192581e-05 1.113448e-03
1317 8.471790e-06 1.042612e-03
1318 7.347000e-04 1.681504e-02
1319 6.181869e-04 1.075182e-02
1320 3.915846e-05 2.394370e-03
1321 1.568939e-04 5.229930e-03
1322 7.181959e-06 1.053387e-03
1323 2.192581e-05 1.113448e-03
1324 1.087949e-04 2.684594e-03
1325 1.572997e-04 4.954408e-03
1326 6.611199e-05 2.499432e-03
1327 3.616762e-04 4.510511e-03
1328 4.059611e-05 1.268852e-03
1329 8.539236e-05 3.510525e-03
1330 7.373796e-05 4.080263e-03
1331 2.583622e-05 1.277512e-03
1332 1.314083e-05 1.102383e-03
1333 2.648301e-05 1.309618e-03
1334 4.710938e-05 1.388774e-03
1335 5.590094e-05 5.321602e-03
1336 3.349102e-05 2.169558e-03
1337 3.283237e-05 1.938148e-03
1338 3.269712e-05 1.614197e-03
1339 1.064249e-04 3.117723e-03
1340 6.611199e-05 2.499432e-03
1341 1.791155e-04 5.303000e-03
1342 2.192581e-05 1.113448e-03
1343 2.192581e-05 1.113448e-03
1344 3.349102e-05 2.169558e-03
1345 3.405287e-04 7.557039e-03
1346 2.803494e-05 1.447183e-03
1347 7.317180e-06 1.059789e-03
1348 1.460182e-04 4.793184e-03
1349 1.360235e-03 2.424662e-02
1350 7.002811e-05 2.559409e-03
1351 9.426899e-05 1.916831e-03
1352 1.144949e-04 3.154553e-03
1353 1.185732e-04 3.455088e-03
1354 6.916347e-05 2.715335e-03
1355 6.630545e-05 2.658112e-03
1356 3.759271e-04 4.583891e-03
1357 1.618897e-04 2.473739e-03
1358 5.268176e-05 1.926579e-03
1359 2.583622e-05 1.277512e-03
1360 5.100123e-05 1.531990e-03
1361 7.394647e-05 2.948636e-03
1362 5.325850e-05 1.819565e-03
1363 9.843705e-05 2.109239e-03
1364 1.766647e-04 2.447251e-03
1365 3.957078e-05 3.164906e-03
1366 1.537497e-04 2.119047e-03
1367 1.285348e-05 1.104376e-03
1368 5.569113e-04 9.665956e-03
1369 2.053541e-05 2.229930e-03
1370 2.469632e-05 1.196861e-03
1371 1.365302e-04 3.396571e-03
1372 9.147177e-05 2.051376e-03
1373 4.059611e-05 1.268852e-03
1374 3.436713e-05 2.048893e-03
1375 7.060936e-05 2.632238e-03
1376 2.994921e-03 4.052857e-02
1377 1.280576e-04 3.387045e-03
1378 1.251067e-05 1.073635e-03
1379 1.251067e-05 1.073635e-03
1380 4.553854e-04 1.329388e-02
1381 3.349102e-05 2.169558e-03
1382 1.340675e-05 9.910647e-04
1383 2.360374e-04 4.325204e-03
1384 6.916347e-05 2.715335e-03
1385 6.916347e-05 2.715335e-03
1386 6.916347e-05 2.715335e-03
1387 6.972575e-05 2.832295e-03
1388 4.120495e-05 1.255599e-03
1389 2.784125e-05 1.413719e-03
1390 4.289519e-06 1.056762e-03
1391 2.354879e-05 3.196755e-03
1392 1.251067e-05 1.073635e-03
1393 1.475978e-04 4.147497e-03
1394 7.009934e-05 3.126977e-03
1395 1.718355e-04 2.228304e-03
1396 3.971524e-04 5.867966e-03
1397 3.848631e-05 2.127128e-03
1398 1.094717e-04 8.314025e-03
1399 2.998120e-04 8.199236e-03
1400 1.138912e-04 2.751240e-03
1401 8.357985e-04 6.878599e-03
1402 2.301511e-05 1.048633e-03
1403 1.158658e-04 2.709820e-03
1404 2.316377e-05 1.195138e-03
1405 6.468608e-05 2.577729e-03
1406 1.397204e-04 4.342335e-03
1407 3.921051e-05 1.197561e-03
1408 1.108728e-03 1.545440e-02
1409 1.062665e-03 1.291473e-02
1410 1.805672e-04 2.727237e-03
1411 2.876472e-05 1.592446e-03
1412 6.023077e-05 2.186943e-03
1413 4.097960e-06 1.033318e-03
1414 2.527339e-05 1.473422e-03
1415 2.482637e-05 1.348649e-03
1416 5.616728e-05 1.930498e-03
1417 2.192581e-05 1.113448e-03
1418 6.916347e-05 2.715335e-03
1419 7.840917e-05 1.603159e-03
1420 1.058531e-04 2.652523e-03
1421 4.313446e-05 2.858241e-03
1422 1.898857e-04 2.722975e-03
1423 4.986626e-05 1.740791e-03
1424 4.620359e-05 1.386403e-03
1425 4.620359e-05 1.386403e-03
1426 4.620359e-05 1.386403e-03
1427 4.620359e-05 1.386403e-03
1428 5.989288e-05 2.310710e-03
1429 1.156938e-04 2.794116e-03
1430 3.195524e-04 3.550592e-03
1431 4.313808e-04 1.358981e-02
1432 5.115176e-04 6.550524e-03
1433 1.027450e-04 2.581897e-03
1434 4.348239e-05 1.236859e-03
1435 2.468641e-05 1.122268e-03
1436 8.385764e-05 1.720991e-03
1437 4.312845e-05 1.164972e-03
1438 5.130802e-05 1.806777e-03
1439 5.196262e-04 7.140351e-03
1440 7.979395e-05 1.655170e-03
1441 2.583622e-05 1.277512e-03
1442 1.048574e-04 2.419455e-03
1443 4.000437e-05 2.784496e-03
1444 1.957827e-05 2.162048e-03
1445 1.699326e-04 2.388504e-03
1446 1.589842e-05 1.565128e-03
1447 8.955331e-04 1.139175e-02
1448 2.583622e-05 1.277512e-03
1449 3.349102e-05 2.169558e-03
1450 6.454476e-05 3.062370e-03
1451 2.575066e-04 4.575441e-03
1452 2.068983e-04 3.281724e-03
1453 5.020639e-05 1.691019e-03
1454 4.348239e-05 1.236859e-03
1455 5.770634e-05 2.068508e-03
1456 1.251067e-05 1.073635e-03
1457 2.604625e-05 1.321203e-03
1458 2.688018e-05 1.294084e-03
1459 4.142438e-05 1.292765e-03
1460 2.479957e-04 4.207924e-03
1461 1.251067e-05 1.073635e-03
1462 1.251067e-05 1.073635e-03
1463 1.285348e-05 1.104376e-03
1464 2.583622e-05 1.277512e-03
1465 1.251067e-05 1.073635e-03
1466 2.783941e-04 5.841971e-03
1467 8.013757e-05 1.568806e-03
1468 6.200934e-05 2.494820e-03
1469 1.166038e-04 3.195847e-03
1470 4.339415e-05 2.879838e-03
1471 1.707388e-04 2.794584e-03
1472 1.086757e-04 2.692152e-03
1473 5.100123e-05 1.531990e-03
1474 5.411225e-04 6.571737e-03
1475 2.575922e-05 1.363593e-03
1476 2.392786e-04 3.831050e-03
1477 1.761898e-05 1.572316e-03
1478 2.244299e-04 3.794562e-03
1479 1.052492e-04 5.888638e-03
1480 2.549668e-04 4.713357e-03
1481 6.681681e-04 1.166659e-02
1482 1.056667e-04 4.930291e-03
1483 5.219295e-05 1.885283e-03
1484 1.346203e-03 2.495896e-02
1485 5.104248e-04 7.408913e-03
1486 6.272818e-04 1.178463e-02
1487 1.595260e-05 1.605230e-03
1488 1.437537e-04 3.286674e-03
1489 7.317180e-06 1.059789e-03
1490 5.880565e-05 1.896264e-03
1491 1.007589e-03 1.118031e-02
1492 5.437164e-05 5.006530e-03
1493 1.039949e-04 2.445476e-03
1494 3.408223e-05 2.087476e-03
1495 6.403987e-05 2.830708e-03
1496 5.288094e-05 1.915820e-03
1497 3.038158e-04 6.871497e-03
1498 7.557941e-05 3.573980e-03
1499 3.315645e-05 2.337210e-03
1500 9.017207e-05 1.827061e-03
1501 4.443457e-05 3.907779e-03
1502 2.080358e-04 3.873937e-03
1503 3.635183e-04 8.092006e-03
1504 1.335855e-04 3.558264e-03
1505 5.957562e-05 2.256974e-03
1506 5.616728e-05 1.930498e-03
1507 9.147177e-05 2.051376e-03
1508 4.767973e-04 7.161059e-03
1509 5.144071e-05 1.702795e-03
1510 1.115185e-04 2.819790e-03
1511 6.972575e-05 2.832295e-03
1512 8.764189e-05 1.799730e-03
1513 9.833119e-05 2.285930e-03
1514 1.007372e-04 2.742402e-03
1515 2.876539e-04 5.496991e-03
1516 2.823341e-04 4.615444e-03
1517 2.944321e-04 5.890474e-03
1518 7.712139e-05 1.643943e-03
1519 2.237885e-04 3.621217e-03
1520 1.285983e-05 9.909091e-04
1521 7.336430e-05 3.321181e-03
1522 1.397204e-04 4.342335e-03
1523 5.733144e-05 2.661257e-03
1524 1.631722e-04 5.180395e-03
1525 1.913393e-04 7.070296e-03
1526 2.562367e-04 5.251986e-03
1527 2.498657e-04 4.931207e-03
1528 1.212138e-04 2.935434e-03
1529 4.045200e-05 2.638789e-03
1530 1.990707e-04 7.193027e-03
1531 1.365302e-04 3.396571e-03
1532 6.916347e-05 2.715335e-03
1533 7.875570e-05 2.868608e-03
1534 1.335855e-04 3.558264e-03
1535 1.251067e-05 1.073635e-03
1536 2.482637e-05 1.348649e-03
1537 3.349102e-05 2.169558e-03
1538 5.616728e-05 1.930498e-03
1539 1.251067e-05 1.073635e-03
1540 4.901117e-05 4.198793e-03
1541 6.940282e-04 1.405857e-02
1542 5.038491e-04 1.115507e-02
1543 1.191578e-03 2.663091e-02
1544 1.212138e-04 2.935434e-03
1545 3.151484e-04 2.672011e-03
1546 8.924681e-05 1.791920e-03
1547 3.266412e-04 8.072813e-03
1548 1.230317e-04 2.895862e-03
1549 5.219295e-05 1.885283e-03
1550 1.116139e-04 2.865892e-03
1551 3.645486e-05 2.289340e-03
1552 3.105496e-04 8.307787e-03
1553 1.607405e-03 1.702983e-02
1554 1.404183e-04 4.895698e-03
1555 4.267082e-04 6.259534e-03
1556 3.467995e-04 4.697408e-03
1557 6.005847e-04 9.936745e-03
1558 1.513045e-04 5.412980e-03
1559 1.521721e-04 4.960044e-03
1560 3.668124e-04 4.575929e-03
1561 1.715431e-03 1.806450e-02
1562 1.333054e-04 4.702227e-03
1563 1.557435e-04 7.048844e-03
1564 1.177487e-03 1.275623e-02
1565 2.794641e-04 7.366514e-03
1566 4.784255e-05 4.058828e-03
1567 1.260125e-03 1.580747e-02
1568 2.696731e-04 6.636842e-03
1569 9.428578e-05 1.993142e-03
1570 1.158550e-04 7.794618e-03
1571 2.550664e-05 1.409651e-03
1572 3.444452e-05 1.759636e-03
1573 5.470440e-04 1.266510e-02
1574 2.509857e-04 4.778404e-03
1575 2.448415e-04 3.878330e-03
1576 2.331596e-04 3.836918e-03
1577 1.318999e-03 1.751465e-02
1578 9.783499e-05 1.855117e-03
1579 1.058728e-04 2.402785e-03
1580 3.958738e-04 8.565822e-03
1581 1.097144e-04 2.617169e-03
1582 6.707656e-05 2.260984e-03
1583 1.974302e-04 8.255558e-03
1584 2.281507e-04 4.086502e-03
1585 1.289101e-03 2.174123e-02
1586 8.238334e-05 4.422720e-03
1587 3.123050e-05 1.706355e-03
1588 2.716129e-05 1.370016e-03
1589 1.449040e-05 2.718818e-03
1590 6.541774e-05 1.879116e-03
1591 7.700029e-05 2.438952e-03
1592 3.464529e-05 2.098893e-03
1593 2.027462e-05 1.794398e-03
1594 6.575203e-05 5.870220e-03
1595 5.231738e-05 1.790159e-03
1596 9.942951e-04 9.620473e-03
1597 7.924700e-05 3.761994e-03
1598 4.045200e-05 2.638789e-03
1599 1.585314e-03 1.252463e-02
1600 1.261117e-04 3.013184e-03
1601 6.289134e-05 1.941588e-03
1602 9.851527e-04 2.562912e-02
1603 2.161591e-04 3.962729e-03
1604 5.943704e-05 1.845412e-03
1605 3.993266e-05 1.077348e-03
1606 4.168832e-03 3.052868e-02
1607 9.515017e-05 4.624306e-03
1608 3.991317e-05 2.998587e-03
1609 4.688780e-04 8.267319e-03
1610 1.135326e-03 1.466854e-02
1611 1.606964e-04 5.916663e-03
1612 4.167186e-05 2.862818e-03
1613 7.334076e-06 1.068459e-03
1614 1.403855e-04 3.747731e-03
1615 7.189045e-04 1.117614e-02
1616 2.156625e-05 1.977893e-03
1617 6.717615e-05 2.763593e-03
1618 2.327556e-05 1.123504e-03
1619 3.573486e-04 1.202756e-02
1620 7.251326e-04 1.729896e-02
1621 1.963427e-03 1.632440e-02
1622 1.927215e-04 2.670267e-03
1623 9.839213e-04 2.148801e-02
1624 1.029852e-03 1.229147e-02
1625 4.774035e-05 3.120081e-03
1626 2.142375e-04 9.851887e-03
1627 2.571345e-04 4.856739e-03
1628 6.780138e-04 1.084708e-02
1629 5.451381e-04 1.373644e-02
1630 5.729352e-04 9.653365e-03
1631 7.372019e-04 1.469640e-02
1632 3.328825e-04 1.776595e-02
1633 3.789634e-05 2.421278e-03
1634 8.610898e-05 4.375514e-03
1635 4.966382e-06 1.039106e-03
1636 3.435763e-05 2.192596e-03
1637 1.023765e-05 1.385185e-03
1638 3.005567e-05 1.732011e-03
1639 1.126599e-05 1.676034e-03
1640 2.815335e-04 5.698305e-03
1641 6.975714e-05 2.706656e-03
1642 8.492081e-04 7.451533e-03
1643 1.665633e-04 5.681239e-03
1644 1.498759e-04 4.890466e-03
1645 3.569874e-05 2.246361e-03
1646 4.340605e-03 3.267130e-02
1647 9.606817e-05 1.857314e-03
1648 5.158908e-05 1.862660e-03
1649 3.232425e-03 3.562720e-02
1650 5.429668e-04 8.278611e-03
1651 2.561044e-05 3.148905e-03
1652 1.035460e-03 2.229637e-02
1653 1.856529e-03 2.681620e-02
1654 4.776506e-04 1.215774e-02
1655 5.270899e-04 1.561394e-02
1656 1.975238e-04 4.004822e-03
1657 9.965176e-05 4.803116e-03
1658 7.259168e-05 3.296370e-03
1659 1.005023e-04 2.038127e-03
1660 3.939188e-05 2.901073e-03
1661 5.815974e-05 1.873624e-03
1662 3.748001e-05 2.793782e-03
1663 7.339391e-04 1.605741e-02
1664 8.495672e-05 4.140205e-03
1665 2.644777e-05 3.446688e-03
1666 3.608984e-04 7.711122e-03
1667 4.287207e-04 1.061331e-02
1668 1.257683e-06 8.736769e-04
1669 1.830878e-04 6.435905e-03
1670 5.216601e-05 1.454956e-03
1671 1.448747e-04 5.544809e-03
1672 8.561590e-04 1.762029e-02
1673 2.072283e-04 7.861070e-03
1674 1.090328e-04 5.863158e-03
1675 8.023720e-05 3.779385e-03
1676 5.561267e-05 1.788259e-03
1677 1.511450e-04 4.493891e-03
1678 3.761387e-05 2.374903e-03
1679 1.302124e-05 1.035465e-03
1680 1.039001e-04 2.000984e-03
1681 2.742235e-04 4.583105e-03
1682 1.149104e-04 7.304450e-03
1683 1.251067e-05 1.073635e-03
1684 4.165299e-05 1.377913e-03
1685 1.608217e-04 5.424896e-03
1686 1.362728e-04 5.298955e-03
1687 4.142493e-04 1.309877e-02
1688 1.455694e-04 3.676063e-03
1689 7.709514e-05 4.014730e-03
1690 2.300916e-05 1.097343e-03
1691 1.035513e-05 1.361185e-03
1692 3.484430e-05 2.191040e-03
1693 1.664765e-04 6.074481e-03
1694 4.558304e-04 5.351026e-03
1695 1.251067e-05 1.073635e-03
1696 1.270616e-03 2.513760e-02
1697 6.986792e-05 2.866926e-03
1698 6.531183e-04 1.408150e-02
1699 1.427973e-03 1.199775e-02
1700 4.732442e-05 2.933072e-03
1701 2.020585e-04 7.686138e-03
1702 4.277974e-04 5.123678e-03
1703 4.512103e-04 5.696632e-03
1704 1.251067e-05 1.073635e-03
1705 1.251067e-05 1.073635e-03
1706 4.420814e-05 1.206099e-03
1707 2.734982e-04 2.520357e-03
1708 9.824173e-05 5.608252e-03
1709 2.864540e-04 5.911517e-03
1710 3.294837e-04 7.255587e-03
1711 1.093411e-04 3.379222e-03
1712 3.691015e-04 1.101693e-02
1713 1.412016e-04 4.380981e-03
1714 2.981739e-04 6.913910e-03
1715 7.616922e-05 3.713137e-03
1716 4.060938e-05 2.737103e-03
1717 2.253050e-04 4.394172e-03
1718 1.944346e-04 6.627712e-03
1719 1.293217e-04 3.795476e-03
1720 1.054597e-04 5.182763e-03
1721 5.315023e-04 1.644936e-02
1722 1.028841e-04 5.054912e-03
1723 1.704430e-03 2.597061e-02
1724 3.189220e-05 1.530613e-03
1725 1.141136e-04 6.248512e-03
1726 4.464087e-04 1.219387e-02
1727 1.316188e-04 4.977177e-03
1728 1.652707e-04 5.656794e-03
1729 4.073148e-05 2.787696e-03
1730 2.774485e-04 5.771005e-03
1731 8.669825e-05 3.402670e-03
1732 2.780574e-05 1.252348e-03
1733 4.301551e-06 9.645222e-04
1734 5.738114e-05 2.067800e-03
1735 5.865063e-05 2.254739e-03
1736 7.217024e-06 9.711136e-04
1737 9.006897e-05 2.243915e-03
1738 9.735378e-06 1.495309e-03
1739 1.450874e-04 4.103702e-03
1740 6.849541e-04 1.412975e-02
1741 1.188640e-04 3.078391e-03
1742 3.324411e-04 9.334964e-03
1743 5.468256e-04 7.446065e-03
1744 8.366828e-05 3.311851e-03
1745 1.185434e-04 3.082499e-03
1746 2.275975e-05 1.052741e-03
1747 1.119583e-04 2.904407e-03
1748 1.401245e-03 4.451556e-02
1749 1.433036e-04 1.946312e-03
1750 2.322028e-04 3.695518e-03
1751 1.125657e-04 3.045240e-03
1752 2.604625e-05 1.321203e-03
1753 1.414116e-04 3.857268e-03
1754 1.947116e-04 3.245117e-03
1755 9.314511e-05 1.830223e-03
1756 3.075591e-04 7.857817e-03
1757 3.212473e-04 8.009227e-03
1758 5.602240e-05 2.033893e-03
1759 2.606158e-05 3.298378e-03
1760 1.785013e-03 1.960079e-02
1761 9.001616e-05 5.118304e-03
1762 5.083653e-05 1.864969e-03
1763 8.743497e-05 6.425601e-03
1764 1.170446e-04 2.720279e-03
1765 4.886407e-04 6.825391e-03
1766 4.926349e-05 1.577604e-03
1767 9.594590e-05 2.075039e-03
1768 2.124494e-04 3.492686e-03
1769 6.355784e-05 2.165909e-03
1770 1.275149e-04 3.281058e-03
1771 3.718492e-04 4.222542e-03
1772 7.469101e-04 7.811007e-03
1773 1.466472e-03 2.409194e-02
1774 3.710809e-05 2.173327e-03
1775 5.156569e-05 1.714174e-03
1776 6.487101e-04 1.063750e-02
1777 3.967408e-05 3.051841e-03
1778 8.742117e-05 3.707669e-03
1779 1.864296e-04 7.055427e-03
1780 3.301391e-05 2.139208e-03
1781 4.661399e-06 1.181771e-03
1782 8.403704e-05 1.803814e-03
1783 1.150099e-04 3.307972e-03
1784 1.082966e-04 6.148077e-03
1785 5.280623e-05 1.578004e-03
1786 6.112817e-04 9.385938e-03
1787 3.137903e-04 7.539214e-03
1788 7.156222e-05 3.084771e-03
1789 6.307501e-04 1.260389e-02
1790 2.391160e-05 1.330307e-03
1791 1.565123e-05 1.342523e-03
1792 7.496707e-05 1.466438e-03
1793 1.117108e-04 7.597360e-03
1794 2.090052e-04 9.592164e-03
1795 2.887200e-05 1.240153e-03
1796 8.661959e-04 2.168961e-02
1797 1.651452e-04 6.028050e-03
1798 5.840260e-05 1.983861e-03
1799 1.585741e-05 1.669465e-03
1800 3.687026e-04 1.268980e-02
1801 3.014130e-05 1.556475e-03
1802 1.342592e-04 4.727038e-03
1803 1.481591e-05 1.462964e-03
1804 2.680701e-05 1.279249e-03
1805 1.320993e-04 9.521317e-03
1806 1.018811e-04 1.897660e-03
1807 2.518271e-05 1.116692e-03
1808 1.782233e-03 1.936987e-02
1809 8.338732e-05 4.008618e-03
1810 1.710958e-04 4.992602e-03
1811 1.896354e-04 2.984478e-03
1812 1.042102e-04 2.236200e-03
1813 1.712727e-04 5.313427e-03
1814 4.557679e-05 1.314791e-03
1815 4.959804e-04 7.869549e-03
1816 3.277418e-04 6.666564e-03
1817 6.641037e-05 2.198204e-03
1818 3.987668e-05 3.139115e-03
1819 1.941372e-05 1.857263e-03
1820 1.569514e-05 1.200545e-03
1821 7.355476e-05 2.882291e-03
1822 3.398399e-04 8.282331e-03
1823 1.181381e-04 7.382731e-03
1824 7.630193e-04 1.575916e-02
1825 1.013161e-03 1.175557e-02
1826 2.218777e-04 3.561265e-03
1827 2.880620e-04 6.345467e-03
1828 1.383634e-04 3.870579e-03
1829 1.499718e-04 4.740165e-03
1830 3.328824e-05 2.118216e-03
1831 2.190313e-05 1.111050e-03
1832 1.859524e-04 6.721116e-03
1833 4.689360e-05 1.471216e-03
1834 3.138000e-05 1.680348e-03
1835 3.666513e-05 2.198104e-03
1836 3.717810e-04 1.064371e-02
1837 1.877800e-04 7.802150e-03
1838 2.734026e-05 1.244795e-03
1839 6.444128e-04 1.120593e-02
1840 3.733918e-04 3.763970e-03
1841 1.740069e-04 6.041269e-03
1842 7.880078e-05 4.031007e-03
1843 8.115129e-05 3.290958e-03
1844 1.887523e-05 1.986495e-03
1845 1.895726e-04 2.557984e-03
1846 6.850961e-05 2.314397e-03
1847 7.880715e-04 8.161497e-03
1848 2.786527e-05 1.399449e-03
1849 1.831277e-04 5.686146e-03
1850 5.310847e-04 8.106411e-03
1851 1.081822e-03 1.205016e-02
1852 3.116512e-04 5.661601e-03
1853 2.543408e-04 4.595221e-03
1854 4.148870e-04 1.289403e-02
1855 6.329102e-04 1.038041e-02
1856 1.170891e-05 1.866192e-03
1857 7.469262e-05 3.645393e-03
1858 3.678652e-05 1.139293e-03
1859 3.166835e-05 2.008744e-03
1860 1.430532e-04 3.470173e-03
1861 8.608657e-05 3.647390e-03
1862 5.988999e-04 1.477327e-02
1863 5.201967e-05 1.865988e-03
1864 1.595198e-05 1.319700e-03
1865 1.307858e-04 3.744135e-03
1866 2.783498e-04 5.041966e-03
1867 6.766073e-05 2.159342e-03
1868 3.465408e-05 1.957101e-03
1869 6.303401e-04 5.494259e-03
1870 5.869534e-05 2.276136e-03
1871 1.432673e-04 5.631984e-03
1872 9.276887e-05 4.534592e-03
1873 2.622206e-05 1.370621e-03
1874 2.677746e-05 1.403111e-03
1875 2.758499e-04 6.341375e-03
1876 5.029774e-05 1.671900e-03
1877 1.796842e-05 1.529486e-03
1878 4.890798e-05 3.314372e-03
1879 1.828448e-04 6.877619e-03
1880 2.939951e-05 1.690706e-03
1881 2.970576e-04 5.371171e-03
1882 1.725629e-05 1.756805e-03
1883 1.257965e-04 3.908536e-03
1884 2.225464e-05 1.106290e-03
1885 4.755977e-05 3.307425e-03
1886 5.905473e-05 2.700720e-03
1887 5.723048e-05 5.565043e-03
1888 4.889373e-05 1.523387e-03
1889 4.097960e-06 1.033318e-03
1890 9.276795e-05 4.735684e-03
1891 1.108537e-03 1.380875e-02
1892 1.670210e-04 4.743477e-03
1893 4.807827e-04 6.343580e-03
1894 4.548425e-04 7.693185e-03
1895 1.477200e-04 4.276224e-03
1896 2.124580e-04 3.778550e-03
1897 6.858480e-05 2.284786e-03
1898 6.948930e-04 1.286099e-02
1899 8.333740e-05 2.945996e-03
1900 5.814732e-05 2.014836e-03
1901 3.272734e-05 1.821294e-03
1902 1.447762e-05 1.186642e-03
1903 8.083981e-05 4.613409e-03
1904 4.453506e-05 1.381670e-03
1905 3.005567e-05 1.732011e-03
1906 1.130669e-04 2.761860e-03
1907 4.045200e-05 2.638789e-03
1908 1.313221e-05 1.006842e-03
1909 3.349102e-05 2.169558e-03
1910 4.628054e-04 5.746387e-03
1911 7.563625e-05 3.002080e-03
1912 1.410938e-04 3.796597e-03
1913 5.168897e-05 1.842400e-03
1914 8.938319e-05 1.694291e-03
1915 2.115867e-04 3.161837e-03
1916 7.777862e-04 7.835892e-03
1917 1.419221e-03 1.306667e-02
1918 4.388190e-04 5.082255e-03
1919 2.194522e-04 3.750902e-03
1920 2.875218e-05 1.607889e-03
1921 8.955501e-06 1.156688e-03
1922 1.455350e-05 1.243287e-03
1923 2.583622e-05 1.277512e-03
1924 2.482637e-05 1.348649e-03
1925 1.443614e-05 1.200225e-03
1926 1.048124e-04 2.405303e-03
1927 1.145106e-04 2.654880e-03
1928 1.640058e-05 1.255364e-03
1929 5.970002e-05 2.277160e-03
1930 6.395210e-05 2.714060e-03
1931 1.630380e-04 5.608399e-03
1932 8.338732e-05 4.008618e-03
1933 3.035816e-04 5.957835e-03
1934 1.086906e-03 1.335225e-02
1935 1.315146e-04 3.014198e-03
1936 1.133668e-04 2.783580e-03
1937 1.499646e-04 1.799651e-03
1938 2.099005e-05 1.088382e-03
1939 6.507807e-04 9.327915e-03
1940 6.176440e-04 9.990732e-03
1941 1.928624e-04 2.733648e-03
1942 8.660789e-04 1.872877e-02
1943 4.014549e-04 4.113099e-03
1944 1.600129e-04 4.847935e-03
1945 1.716742e-04 5.341581e-03
1946 9.632153e-05 2.112178e-03
1947 2.734026e-05 1.244795e-03
1948 2.469632e-05 1.196861e-03
1949 2.256268e-03 2.895813e-02
1950 1.439931e-04 3.968562e-03
1951 3.084949e-04 5.900149e-03
1952 8.653993e-05 4.227344e-03
1953 2.110753e-04 3.773858e-03
1954 6.468608e-05 2.577729e-03
1955 1.061807e-04 2.275462e-03
1956 1.974054e-04 6.664394e-03
1957 1.337427e-04 3.385101e-03
1958 2.294481e-04 4.233475e-03
1959 5.486626e-04 8.187073e-03
1960 1.308884e-04 3.373542e-03
1961 5.104248e-04 7.408913e-03
1962 4.505857e-04 5.308960e-03
1963 3.082012e-04 5.770215e-03
1964 2.868367e-05 1.194604e-03
1965 1.205476e-04 2.784140e-03
1966 1.265366e-04 2.635869e-03
1967 4.419618e-04 1.929673e-02
1968 2.431144e-05 1.318527e-03
1969 2.166163e-04 7.416369e-03
1970 2.512161e-04 6.001589e-03
1971 2.646308e-04 7.104119e-03
1972 3.203429e-05 2.489754e-03
1973 2.202323e-04 5.326594e-03
1974 6.480384e-05 2.612623e-03
1975 5.516047e-04 1.140882e-02
1976 2.530405e-04 4.644062e-03
1977 5.966723e-05 2.041729e-03
1978 4.156437e-05 3.143734e-03
1979 4.262225e-04 1.550844e-02
1980 2.396795e-06 1.026782e-03
1981 1.070249e-04 6.892080e-03
1982 2.469632e-05 1.196861e-03
1983 2.604625e-05 1.321203e-03
1984 2.654114e-04 8.136762e-03
1985 3.369609e-05 2.535701e-03
1986 4.490511e-05 3.046187e-03
1987 6.806939e-04 7.670945e-03
1988 1.490776e-04 4.342205e-03
1989 7.334076e-06 1.068459e-03
1990 2.762137e-05 1.627386e-03
1991 1.326674e-04 3.362850e-03
1992 2.163072e-04 3.509740e-03
1993 2.461064e-06 1.081037e-03
1994 2.163787e-05 1.016455e-03
1995 5.278134e-05 1.872071e-03
1996 8.850588e-05 2.145861e-03
1997 1.251067e-05 1.073635e-03
1998 3.349102e-05 2.169558e-03
1999 9.969673e-05 2.076225e-03
2000 2.967131e-05 1.703568e-03
2001 3.254755e-05 2.123121e-03
